# PSIBLAST 2.12.0+
# Iteration: 1
# Query: tr|A0A085S1G0|A0A085S1G0_VIBCL UPF0253 protein BC353_17140 OS=Vibrio cholerae OX=666 GN=yaeP PE=3 SV=1
# Database: /home/t19045mi/projects/psiblast_ver2/db/chosen-bacteria_proteome_exDup
# Fields: query id, subject id, % identity, query length, subject length, % query coverage per subject, alignment length, mismatches, gap opens, q. start, q. end, s. start, s. end, evalue, bit score
# 196 hits found
tr|A0A085S1G0|A0A085S1G0_VIBCL	GCF_009938205.1_WP_075706335.1	88.060	67	67	100	67	8	0	1	67	1	67	2.63e-37	125
tr|A0A085S1G0|A0A085S1G0_VIBCL	GCF_009938225.1_WP_075651756.1	88.060	67	67	100	67	8	0	1	67	1	67	3.16e-37	124
tr|A0A085S1G0|A0A085S1G0_VIBCL	GCF_001558415.2_WP_020431399.1	88.060	67	67	100	67	8	0	1	67	1	67	6.94e-37	123
tr|A0A085S1G0|A0A085S1G0_VIBCL	GCF_002157735.2_WP_086982498.1	85.075	67	67	100	67	10	0	1	67	1	67	7.34e-37	123
tr|A0A085S1G0|A0A085S1G0_VIBCL	GCF_011064285.1_WP_165310536.1	86.567	67	68	100	67	9	0	1	67	1	67	1.54e-36	123
tr|A0A085S1G0|A0A085S1G0_VIBCL	GCF_024346975.1_WP_021714761.1	82.090	67	67	100	67	12	0	1	67	1	67	2.05e-36	122
tr|A0A085S1G0|A0A085S1G0_VIBCL	GCF_024347075.1_WP_261874095.1	82.090	67	67	100	67	12	0	1	67	1	67	3.90e-36	121
tr|A0A085S1G0|A0A085S1G0_VIBCL	GCF_009938185.1_WP_162047597.1	85.075	67	67	100	67	10	0	1	67	1	67	9.42e-36	121
tr|A0A085S1G0|A0A085S1G0_VIBCL	GCF_002204915.1_WP_017420216.1	86.567	67	67	100	67	9	0	1	67	1	67	1.14e-35	120
tr|A0A085S1G0|A0A085S1G0_VIBCL	GCF_024346795.1_WP_017029145.1	79.104	67	67	100	67	14	0	1	67	1	67	2.33e-35	120
tr|A0A085S1G0|A0A085S1G0_VIBCL	GCF_024347035.1_WP_042488988.1	85.075	67	68	100	67	10	0	1	67	1	67	2.57e-35	120
tr|A0A085S1G0|A0A085S1G0_VIBCL	GCF_000772105.1_WP_004742991.1	85.075	67	68	100	67	10	0	1	67	1	67	3.31e-35	119
tr|A0A085S1G0|A0A085S1G0_VIBCL	GCF_002218045.2_WP_089140529.1	80.597	67	67	100	67	13	0	1	67	1	67	3.31e-35	119
tr|A0A085S1G0|A0A085S1G0_VIBCL	GCF_002196515.1_WP_021020922.1	83.582	67	68	100	67	11	0	1	67	1	67	4.66e-35	119
tr|A0A085S1G0|A0A085S1G0_VIBCL	GCF_009601765.2_WP_153446342.1	79.104	67	67	100	67	14	0	1	67	1	67	5.77e-35	119
tr|A0A085S1G0|A0A085S1G0_VIBCL	GCF_026001925.1_WP_105903071.1	82.090	67	67	100	67	12	0	1	67	1	67	7.45e-35	118
tr|A0A085S1G0|A0A085S1G0_VIBCL	GCF_010587385.1_WP_164647556.1	83.582	67	68	100	67	11	0	1	67	1	67	8.39e-35	118
tr|A0A085S1G0|A0A085S1G0_VIBCL	GCF_024347395.1_WP_017053999.1	79.104	67	67	100	67	14	0	1	67	1	67	9.38e-35	118
tr|A0A085S1G0|A0A085S1G0_VIBCL	GCF_002021755.1_WP_005529380.1	83.582	67	68	100	67	11	0	1	67	1	67	1.29e-34	118
tr|A0A085S1G0|A0A085S1G0_VIBCL	GCF_023650915.1_WP_033905529.1	83.582	67	69	100	67	11	0	1	67	1	67	1.37e-34	118
tr|A0A085S1G0|A0A085S1G0_VIBCL	GCF_000024825.1_WP_005391765.1	83.582	67	68	100	67	11	0	1	67	1	67	1.51e-34	118
tr|A0A085S1G0|A0A085S1G0_VIBCL	GCF_000196495.1_WP_023603694.1	80.597	67	68	100	67	13	0	1	67	1	67	1.65e-34	117
tr|A0A085S1G0|A0A085S1G0_VIBCL	GCF_019670485.1_WP_221067978.1	82.090	67	67	100	67	12	0	1	67	1	67	2.41e-34	117
tr|A0A085S1G0|A0A085S1G0_VIBCL	GCF_024346875.1_WP_261816828.1	80.597	67	67	100	67	13	0	1	67	1	67	2.49e-34	117
tr|A0A085S1G0|A0A085S1G0_VIBCL	GCF_900233005.1_WP_102522112.1	79.104	67	67	100	67	14	0	1	67	1	67	2.76e-34	117
tr|A0A085S1G0|A0A085S1G0_VIBCL	GCF_024347495.1_WP_137373540.1	79.104	67	67	100	67	14	0	1	67	1	67	4.63e-34	116
tr|A0A085S1G0|A0A085S1G0_VIBCL	GCF_002257545.1_WP_010319078.1	80.597	67	68	100	67	13	0	1	67	1	67	6.12e-34	116
tr|A0A085S1G0|A0A085S1G0_VIBCL	GCF_024347095.1_WP_038182092.1	80.597	67	69	100	67	13	0	1	67	1	67	7.53e-34	116
tr|A0A085S1G0|A0A085S1G0_VIBCL	GCF_002214395.1_WP_010449800.1	82.090	67	67	100	67	12	0	1	67	1	67	1.00e-33	115
tr|A0A085S1G0|A0A085S1G0_VIBCL	GCF_024347675.1_WP_261834940.1	82.090	67	67	100	67	12	0	1	67	1	67	1.17e-33	115
tr|A0A085S1G0|A0A085S1G0_VIBCL	GCF_014879975.1_WP_192889240.1	77.612	67	67	100	67	15	0	1	67	1	67	1.19e-33	115
tr|A0A085S1G0|A0A085S1G0_VIBCL	GCF_000770115.1_WP_005446221.1	80.597	67	68	100	67	13	0	1	67	1	67	1.60e-33	115
tr|A0A085S1G0|A0A085S1G0_VIBCL	GCF_024346955.1_WP_087479854.1	79.104	67	68	100	67	14	0	1	67	1	67	2.22e-33	114
tr|A0A085S1G0|A0A085S1G0_VIBCL	GCF_008369605.1_WP_000870111.1	100.000	67	67	100	67	0	0	1	67	1	67	2.36e-33	114
tr|A0A085S1G0|A0A085S1G0_VIBCL	GCF_019977755.1_WP_101113434.1	74.627	67	68	100	67	17	0	1	67	1	67	4.54e-33	114
tr|A0A085S1G0|A0A085S1G0_VIBCL	GCF_024347115.1_WP_077332807.1	79.104	67	69	100	67	14	0	1	67	1	67	5.58e-33	114
tr|A0A085S1G0|A0A085S1G0_VIBCL	GCF_024346995.1_WP_077312147.1	79.104	67	68	100	67	14	0	1	67	1	67	5.85e-33	113
tr|A0A085S1G0|A0A085S1G0_VIBCL	GCF_024347055.1_WP_261893211.1	80.597	67	68	100	67	13	0	1	67	1	67	6.09e-33	113
tr|A0A085S1G0|A0A085S1G0_VIBCL	GCF_006364355.1_WP_004729231.1	88.060	67	67	100	67	8	0	1	67	1	67	2.01e-32	112
tr|A0A085S1G0|A0A085S1G0_VIBCL	GCF_024346755.1_WP_073603885.1	76.119	67	68	100	67	16	0	1	67	1	67	4.30e-32	111
tr|A0A085S1G0|A0A085S1G0_VIBCL	GCF_002887615.1_WP_038864665.1	88.060	67	68	100	67	8	0	1	67	1	67	4.89e-32	111
tr|A0A085S1G0|A0A085S1G0_VIBCL	GCF_003716875.1_WP_123016570.1	77.612	67	69	100	67	15	0	1	67	1	67	6.61e-32	111
tr|A0A085S1G0|A0A085S1G0_VIBCL	GCF_019703835.1_WP_087022950.1	76.119	67	67	100	67	16	0	1	67	1	67	1.00e-31	110
tr|A0A085S1G0|A0A085S1G0_VIBCL	GCF_001547935.1_WP_068714408.1	77.612	67	68	100	67	15	0	1	67	1	67	1.17e-31	110
tr|A0A085S1G0|A0A085S1G0_VIBCL	GCF_019226825.1_WP_218562206.1	83.582	67	67	100	67	11	0	1	67	1	67	1.40e-31	110
tr|A0A085S1G0|A0A085S1G0_VIBCL	GCF_023195835.1_WP_039478024.1	86.567	67	68	100	67	9	0	1	67	1	67	3.07e-31	109
tr|A0A085S1G0|A0A085S1G0_VIBCL	GCF_024494545.1_WP_080175675.1	73.134	67	67	100	67	18	0	1	67	1	67	6.48e-31	108
tr|A0A085S1G0|A0A085S1G0_VIBCL	GCF_009363415.1_WP_152429752.1	76.119	67	68	100	67	16	0	1	67	1	67	1.60e-30	107
tr|A0A085S1G0|A0A085S1G0_VIBCL	GCF_024582835.1_WP_257083719.1	83.582	67	67	100	67	11	0	1	67	1	67	3.75e-30	106
tr|A0A085S1G0|A0A085S1G0_VIBCL	GCF_014083925.1_WP_074374154.1	82.090	67	69	100	67	12	0	1	67	1	67	9.07e-30	105
tr|A0A085S1G0|A0A085S1G0_VIBCL	GCF_024347455.1_WP_017072685.1	77.612	67	67	100	67	15	0	1	67	1	67	9.32e-29	103
tr|A0A085S1G0|A0A085S1G0_VIBCL	GCF_001456255.1_WP_014232780.1	79.104	67	68	100	67	14	0	1	67	1	67	1.01e-28	103
tr|A0A085S1G0|A0A085S1G0_VIBCL	GCF_017329545.1_WP_047883162.1	74.627	67	68	100	67	17	0	1	67	1	67	1.20e-28	102
tr|A0A085S1G0|A0A085S1G0_VIBCL	GCF_024347475.1_WP_261903044.1	82.090	67	67	100	67	12	0	1	67	1	67	1.55e-28	102
tr|A0A085S1G0|A0A085S1G0_VIBCL	GCF_024362845.1_WP_032551682.1	82.090	67	67	100	67	12	0	1	67	1	67	1.95e-28	102
tr|A0A085S1G0|A0A085S1G0_VIBCL	GCF_024347295.1_WP_017086219.1	80.597	67	67	100	67	13	0	1	67	1	67	6.64e-28	101
tr|A0A085S1G0|A0A085S1G0_VIBCL	GCF_027286365.1_WP_069588633.1	70.149	67	67	100	67	20	0	1	67	1	67	9.57e-28	100
tr|A0A085S1G0|A0A085S1G0_VIBCL	GCF_000940995.1_WP_039458213.1	68.657	67	68	100	67	21	0	1	67	1	67	1.11e-27	100
tr|A0A085S1G0|A0A085S1G0_VIBCL	GCF_001558255.2_WP_005506875.1	67.164	67	68	100	67	22	0	1	67	1	67	1.13e-27	100
tr|A0A085S1G0|A0A085S1G0_VIBCL	GCF_022371215.1_WP_008222923.1	80.597	67	67	100	67	13	0	1	67	1	67	1.13e-27	100
tr|A0A085S1G0|A0A085S1G0_VIBCL	GCF_000091465.1_WP_009847436.1	79.104	67	67	100	67	14	0	1	67	1	67	1.19e-27	100
tr|A0A085S1G0|A0A085S1G0_VIBCL	GCF_005144905.1_WP_016767591.1	77.612	67	67	100	67	15	0	1	67	1	67	1.67e-27	100
tr|A0A085S1G0|A0A085S1G0_VIBCL	GCF_024347355.1_WP_137407914.1	79.104	67	67	100	67	14	0	1	67	1	67	4.00e-27	99.2
tr|A0A085S1G0|A0A085S1G0_VIBCL	GCF_005280275.1_WP_069363555.1	67.164	67	67	100	67	22	0	1	67	1	67	6.45e-27	98.6
tr|A0A085S1G0|A0A085S1G0_VIBCL	GCF_024347635.1_WP_139684079.1	77.612	67	67	100	67	15	0	1	67	1	67	1.41e-26	97.8
tr|A0A085S1G0|A0A085S1G0_VIBCL	GCF_001995825.2_WP_060468344.1	79.104	67	67	100	67	14	0	1	67	1	67	3.62e-26	96.7
tr|A0A085S1G0|A0A085S1G0_VIBCL	GCF_024346715.1_WP_048899954.1	65.672	67	67	100	67	23	0	1	67	1	67	6.22e-26	96.1
tr|A0A085S1G0|A0A085S1G0_VIBCL	GCF_024346675.1_WP_094955825.1	64.179	67	67	100	67	24	0	1	67	1	67	9.93e-26	95.6
tr|A0A085S1G0|A0A085S1G0_VIBCL	GCF_014892695.1_WP_193004054.1	65.672	67	68	100	67	23	0	1	67	1	67	4.02e-25	94.1
tr|A0A085S1G0|A0A085S1G0_VIBCL	GCF_900465055.1_WP_112718222.1	70.149	67	67	100	67	20	0	1	67	1	67	6.69e-25	93.3
tr|A0A085S1G0|A0A085S1G0_VIBCL	GCF_014169735.1_WP_010674629.1	62.687	67	68	100	67	25	0	1	67	1	67	1.84e-24	92.5
tr|A0A085S1G0|A0A085S1G0_VIBCL	GCF_003015165.1_WP_005324956.1	62.687	67	68	100	67	25	0	1	67	1	67	2.09e-24	92.2
tr|A0A085S1G0|A0A085S1G0_VIBCL	GCF_016026875.1_WP_005301307.1	62.687	67	68	100	67	25	0	1	67	1	67	2.46e-24	91.9
tr|A0A085S1G0|A0A085S1G0_VIBCL	GCF_016127195.1_WP_005352334.1	62.687	67	68	100	67	25	0	1	67	1	67	3.58e-24	91.6
tr|A0A085S1G0|A0A085S1G0_VIBCL	GCF_008364325.2_WP_041415645.1	65.574	67	66	91	61	21	0	7	67	5	65	3.76e-24	91.6
tr|A0A085S1G0|A0A085S1G0_VIBCL	GCF_016026615.1_WP_005345813.1	62.687	67	68	100	67	25	0	1	67	1	67	4.81e-24	91.3
tr|A0A085S1G0|A0A085S1G0_VIBCL	GCF_008693705.1_WP_005336882.1	62.687	67	68	100	67	25	0	1	67	1	67	5.68e-24	91.1
tr|A0A085S1G0|A0A085S1G0_VIBCL	GCF_000214235.1_WP_006318652.1	65.574	67	66	91	61	21	0	7	67	5	65	1.12e-23	90.2
tr|A0A085S1G0|A0A085S1G0_VIBCL	GCF_020149575.1_WP_005908580.1	61.194	67	68	100	67	26	0	1	67	1	67	1.55e-23	89.9
tr|A0A085S1G0|A0A085S1G0_VIBCL	GCF_028355655.1_WP_005311233.1	59.701	67	68	100	67	27	0	1	67	1	67	1.81e-23	89.9
tr|A0A085S1G0|A0A085S1G0_VIBCL	GCF_900637545.1_WP_042653731.1	59.701	67	68	100	67	27	0	1	67	1	67	2.45e-23	89.4
tr|A0A085S1G0|A0A085S1G0_VIBCL	GCF_009730055.1_WP_005185672.1	65.574	67	66	91	61	21	0	7	67	5	65	3.14e-23	89.1
tr|A0A085S1G0|A0A085S1G0_VIBCL	GCF_008931805.1_WP_196805522.1	67.692	67	65	97	65	21	0	3	67	1	65	5.31e-23	88.5
tr|A0A085S1G0|A0A085S1G0_VIBCL	GCF_900638135.1_WP_012146467.1	62.295	67	66	91	61	23	0	7	67	5	65	8.83e-23	88.0
tr|A0A085S1G0|A0A085S1G0_VIBCL	GCF_005484945.1_WP_137712818.1	66.102	67	66	88	59	20	0	7	65	5	63	8.97e-23	88.0
tr|A0A085S1G0|A0A085S1G0_VIBCL	GCF_021462285.1_WP_073970287.1	63.934	67	66	91	61	22	0	7	67	5	65	1.03e-22	88.0
tr|A0A085S1G0|A0A085S1G0_VIBCL	GCF_017309605.1_WP_033652508.1	63.934	67	66	91	61	22	0	7	67	5	65	1.14e-22	87.7
tr|A0A085S1G0|A0A085S1G0_VIBCL	GCF_001642805.2_WP_004931993.1	63.934	67	66	91	61	22	0	7	67	5	65	1.36e-22	87.7
tr|A0A085S1G0|A0A085S1G0_VIBCL	GCF_001006005.1_WP_024529521.1	63.934	67	66	91	61	22	0	7	67	5	65	1.39e-22	87.4
tr|A0A085S1G0|A0A085S1G0_VIBCL	GCF_003812345.1_WP_003018499.1	64.407	67	66	88	59	21	0	7	65	5	63	1.48e-22	87.4
tr|A0A085S1G0|A0A085S1G0_VIBCL	GCF_020683125.1_WP_133842176.1	63.934	67	67	91	61	22	0	7	67	5	65	1.54e-22	87.4
tr|A0A085S1G0|A0A085S1G0_VIBCL	GCF_025133195.1_WP_004706681.1	62.295	67	67	91	61	23	0	7	67	5	65	1.56e-22	87.4
tr|A0A085S1G0|A0A085S1G0_VIBCL	GCF_000520015.2_WP_071882816.1	62.295	67	66	91	61	23	0	7	67	5	65	1.61e-22	87.4
tr|A0A085S1G0|A0A085S1G0_VIBCL	GCF_017498685.1_WP_004719628.1	62.295	67	66	91	61	23	0	7	67	5	65	1.95e-22	87.1
tr|A0A085S1G0|A0A085S1G0_VIBCL	GCF_004792415.1_WP_003852623.1	67.213	67	66	91	61	20	0	7	67	5	65	2.50e-22	86.8
tr|A0A085S1G0|A0A085S1G0_VIBCL	GCF_004124235.1_WP_004391680.1	63.934	67	66	91	61	22	0	7	67	5	65	2.73e-22	86.8
tr|A0A085S1G0|A0A085S1G0_VIBCL	GCF_019890955.1_WP_021507470.1	65.574	67	66	91	61	21	0	7	67	5	65	3.41e-22	86.6
tr|A0A085S1G0|A0A085S1G0_VIBCL	GCF_004353845.1_WP_048214883.1	62.712	67	66	88	59	22	0	7	65	5	63	3.75e-22	86.6
tr|A0A085S1G0|A0A085S1G0_VIBCL	GCF_019048385.1_WP_010254172.1	65.574	67	66	91	61	21	0	7	67	5	65	3.87e-22	86.3
tr|A0A085S1G0|A0A085S1G0_VIBCL	GCF_011617105.1_WP_008814496.1	67.241	67	66	87	58	19	0	8	65	6	63	4.36e-22	86.3
tr|A0A085S1G0|A0A085S1G0_VIBCL	GCF_002291425.1_WP_095849075.1	62.295	67	66	91	61	23	0	7	67	5	65	4.43e-22	86.3
tr|A0A085S1G0|A0A085S1G0_VIBCL	GCF_009817885.1_WP_015673539.1	62.295	67	66	91	61	23	0	7	67	5	65	4.69e-22	86.3
tr|A0A085S1G0|A0A085S1G0_VIBCL	GCF_020342335.1_WP_071852482.1	67.797	67	66	88	59	19	0	7	65	5	63	4.88e-22	86.0
tr|A0A085S1G0|A0A085S1G0_VIBCL	GCF_000222975.1_WP_002212152.1	62.295	67	66	91	61	23	0	7	67	5	65	5.32e-22	86.0
tr|A0A085S1G0|A0A085S1G0_VIBCL	GCF_000834395.1_WP_004704314.1	62.295	67	66	91	61	23	0	7	67	5	65	7.85e-22	85.7
tr|A0A085S1G0|A0A085S1G0_VIBCL	GCF_000196615.1_WP_071822098.1	63.934	67	66	91	61	22	0	7	67	5	65	8.24e-22	85.4
tr|A0A085S1G0|A0A085S1G0_VIBCL	GCF_022647325.1_WP_111140598.1	65.574	67	66	91	61	21	0	7	67	5	65	8.44e-22	85.4
tr|A0A085S1G0|A0A085S1G0_VIBCL	GCF_001461805.1_WP_013367514.1	62.295	67	66	91	61	23	0	7	67	5	65	1.57e-21	84.9
tr|A0A085S1G0|A0A085S1G0_VIBCL	GCF_001558935.2_WP_042323658.1	64.407	67	66	88	59	21	0	7	65	5	63	1.84e-21	84.6
tr|A0A085S1G0|A0A085S1G0_VIBCL	GCF_000006945.2_NP_459243.1	62.712	67	72	88	59	22	0	7	65	11	69	2.37e-21	84.6
tr|A0A085S1G0|A0A085S1G0_VIBCL	GCF_000233595.1_WP_014606545.1	63.934	67	66	91	61	22	0	7	67	5	65	3.16e-21	84.0
tr|A0A085S1G0|A0A085S1G0_VIBCL	GCF_016415705.1_WP_080936164.1	64.407	67	66	88	59	21	0	7	65	5	63	3.29e-21	84.0
tr|A0A085S1G0|A0A085S1G0_VIBCL	GCF_012029655.1_WP_041144146.1	64.407	67	66	88	59	21	0	7	65	5	63	4.01e-21	83.7
tr|A0A085S1G0|A0A085S1G0_VIBCL	GCF_000439255.1_WP_013991363.1	62.712	67	66	88	59	22	0	7	65	5	63	4.04e-21	83.7
tr|A0A085S1G0|A0A085S1G0_VIBCL	GCF_019047765.1_WP_005132083.1	61.017	67	66	88	59	23	0	7	65	5	63	4.37e-21	83.7
tr|A0A085S1G0|A0A085S1G0_VIBCL	GCF_009648975.1_WP_002889429.1	64.407	67	66	88	59	21	0	7	65	5	63	4.66e-21	83.7
tr|A0A085S1G0|A0A085S1G0_VIBCL	GCF_021172065.1_WP_015965826.1	62.712	67	66	88	59	22	0	7	65	5	63	6.06e-21	83.5
tr|A0A085S1G0|A0A085S1G0_VIBCL	GCF_008693645.1_WP_024132476.1	61.017	67	66	88	59	23	0	7	65	5	63	6.94e-21	83.2
tr|A0A085S1G0|A0A085S1G0_VIBCL	GCF_000006925.2_NP_706135.1	62.712	67	72	88	59	22	0	7	65	11	69	7.62e-21	83.2
tr|A0A085S1G0|A0A085S1G0_VIBCL	GCF_000005845.2_YP_026160.1	62.712	67	66	88	59	22	0	7	65	5	63	8.07e-21	82.9
tr|A0A085S1G0|A0A085S1G0_VIBCL	GCF_002101395.1_WP_165786514.1	60.656	67	66	91	61	24	0	7	67	5	65	8.39e-21	82.9
tr|A0A085S1G0|A0A085S1G0_VIBCL	GCF_007632255.1_WP_015368145.1	62.712	67	66	88	59	22	0	7	65	5	63	1.04e-20	82.6
tr|A0A085S1G0|A0A085S1G0_VIBCL	GCF_000018045.1_WP_012133967.1	61.017	67	66	88	59	23	0	7	65	5	63	1.12e-20	82.6
tr|A0A085S1G0|A0A085S1G0_VIBCL	GCF_000224675.1_WP_006173580.1	59.016	67	66	91	61	25	0	7	67	5	65	1.37e-20	82.3
tr|A0A085S1G0|A0A085S1G0_VIBCL	GCF_003812925.1_WP_004107902.1	62.712	67	66	88	59	22	0	7	65	5	63	1.43e-20	82.3
tr|A0A085S1G0|A0A085S1G0_VIBCL	GCF_015139575.1_WP_004098778.1	62.712	67	66	88	59	22	0	7	65	5	63	1.45e-20	82.3
tr|A0A085S1G0|A0A085S1G0_VIBCL	GCF_002953195.1_WP_038628013.1	59.016	67	66	91	61	25	0	7	67	5	65	1.98e-20	82.0
tr|A0A085S1G0|A0A085S1G0_VIBCL	GCF_004684345.1_WP_096758222.1	59.322	67	66	88	59	24	0	7	65	5	63	2.01e-20	82.0
tr|A0A085S1G0|A0A085S1G0_VIBCL	GCF_001277215.2_WP_004385445.1	61.017	67	66	88	59	23	0	7	65	5	63	2.01e-20	82.0
tr|A0A085S1G0|A0A085S1G0_VIBCL	GCF_001729805.1_WP_008501889.1	57.377	67	66	91	61	26	0	7	67	5	65	2.23e-20	81.8
tr|A0A085S1G0|A0A085S1G0_VIBCL	GCF_001277235.1_WP_007718147.1	61.017	67	66	88	59	23	0	7	65	5	63	2.25e-20	81.8
tr|A0A085S1G0|A0A085S1G0_VIBCL	GCF_003935895.2_WP_110510859.1	59.322	67	66	88	59	24	0	7	65	5	63	2.44e-20	81.8
tr|A0A085S1G0|A0A085S1G0_VIBCL	GCF_023195735.1_WP_035891979.1	59.016	67	66	91	61	25	0	7	67	5	65	2.83e-20	81.8
tr|A0A085S1G0|A0A085S1G0_VIBCL	GCF_019844095.1_WP_062747067.1	60.656	67	67	91	61	24	0	7	67	5	65	2.92e-20	81.5
tr|A0A085S1G0|A0A085S1G0_VIBCL	GCF_002288545.1_WP_010285748.1	62.712	67	66	88	59	22	0	7	65	5	63	3.17e-20	81.5
tr|A0A085S1G0|A0A085S1G0_VIBCL	GCF_001742185.1_WP_015731006.1	62.712	67	66	88	59	22	0	7	65	5	63	3.22e-20	81.5
tr|A0A085S1G0|A0A085S1G0_VIBCL	GCF_024224615.1_WP_125293587.1	59.322	67	66	88	59	24	0	7	65	5	63	3.83e-20	81.2
tr|A0A085S1G0|A0A085S1G0_VIBCL	GCF_001658025.2_WP_007373244.1	61.017	67	66	88	59	23	0	7	65	5	63	3.86e-20	81.2
tr|A0A085S1G0|A0A085S1G0_VIBCL	GCF_001277175.1_WP_007697550.1	61.017	67	66	88	59	23	0	7	65	5	63	3.89e-20	81.2
tr|A0A085S1G0|A0A085S1G0_VIBCL	GCF_011068345.1_WP_002436993.1	59.322	67	66	88	59	24	0	7	65	5	63	4.02e-20	81.2
tr|A0A085S1G0|A0A085S1G0_VIBCL	GCF_001518835.1_WP_032616635.1	59.322	67	66	88	59	24	0	7	65	5	63	4.38e-20	81.2
tr|A0A085S1G0|A0A085S1G0_VIBCL	GCF_009914055.1_WP_160619716.1	57.377	67	66	91	61	26	0	7	67	5	65	4.98e-20	80.9
tr|A0A085S1G0|A0A085S1G0_VIBCL	GCF_009649915.1_WP_062772226.1	60.656	67	66	91	61	24	0	7	67	5	65	5.06e-20	80.9
tr|A0A085S1G0|A0A085S1G0_VIBCL	GCF_003516125.1_WP_007896683.1	59.322	67	66	88	59	24	0	7	65	5	63	5.39e-20	80.9
tr|A0A085S1G0|A0A085S1G0_VIBCL	GCF_009176645.1_WP_152083530.1	57.377	67	66	91	61	26	0	7	67	5	65	5.48e-20	80.9
tr|A0A085S1G0|A0A085S1G0_VIBCL	GCF_001022135.1_WP_039078450.1	59.322	67	66	88	59	24	0	7	65	5	63	6.32e-20	80.6
tr|A0A085S1G0|A0A085S1G0_VIBCL	GCF_001277195.1_WP_038864664.1	59.322	67	66	88	59	24	0	7	65	5	63	6.37e-20	80.6
tr|A0A085S1G0|A0A085S1G0_VIBCL	GCF_003261575.2_WP_110272452.1	62.712	67	66	88	59	22	0	7	65	5	63	6.79e-20	80.6
tr|A0A085S1G0|A0A085S1G0_VIBCL	GCF_001683395.1_WP_017458016.1	61.017	67	66	88	59	23	0	7	65	5	63	7.01e-20	80.6
tr|A0A085S1G0|A0A085S1G0_VIBCL	GCF_019048625.1_WP_003856146.1	59.016	67	66	91	61	25	0	7	67	5	65	7.24e-20	80.6
tr|A0A085S1G0|A0A085S1G0_VIBCL	GCF_022637595.1_WP_004858155.1	64.407	67	66	88	59	21	0	7	65	5	63	7.59e-20	80.6
tr|A0A085S1G0|A0A085S1G0_VIBCL	GCF_018128425.1_WP_042289831.1	59.322	67	66	88	59	24	0	7	65	5	63	8.15e-20	80.4
tr|A0A085S1G0|A0A085S1G0_VIBCL	GCF_001750725.1_WP_014168721.1	57.627	67	66	88	59	25	0	7	65	5	63	8.41e-20	80.4
tr|A0A085S1G0|A0A085S1G0_VIBCL	GCF_011745665.1_WP_166916350.1	63.333	67	63	90	60	22	0	7	66	3	62	8.92e-20	80.4
tr|A0A085S1G0|A0A085S1G0_VIBCL	GCF_017348915.1_WP_040077076.1	59.322	67	66	88	59	24	0	7	65	5	63	9.26e-20	80.4
tr|A0A085S1G0|A0A085S1G0_VIBCL	GCF_002291445.1_WP_048635885.1	57.627	67	66	88	59	25	0	7	65	5	63	1.33e-19	79.8
tr|A0A085S1G0|A0A085S1G0_VIBCL	GCF_025758125.1_WP_023480353.1	59.322	67	66	88	59	24	0	7	65	5	63	1.38e-19	79.8
tr|A0A085S1G0|A0A085S1G0_VIBCL	GCF_022637515.1_WP_064540227.1	59.322	67	66	88	59	24	0	7	65	5	63	1.67e-19	79.8
tr|A0A085S1G0|A0A085S1G0_VIBCL	GCF_020079945.1_WP_071669043.1	58.209	67	66	100	67	26	1	1	67	1	65	1.95e-19	79.5
tr|A0A085S1G0|A0A085S1G0_VIBCL	GCF_025946765.1_WP_264497927.1	63.793	67	67	87	58	21	0	8	65	6	63	2.38e-19	79.2
tr|A0A085S1G0|A0A085S1G0_VIBCL	GCF_013234275.1_WP_172895487.1	59.322	67	66	88	59	24	0	7	65	5	63	2.58e-19	79.2
tr|A0A085S1G0|A0A085S1G0_VIBCL	GCF_001277255.1_WP_007666631.1	57.627	67	66	88	59	25	0	7	65	5	63	2.71e-19	79.2
tr|A0A085S1G0|A0A085S1G0_VIBCL	GCF_003019925.1_WP_043085884.1	57.627	67	66	88	59	25	0	7	65	5	63	2.82e-19	79.0
tr|A0A085S1G0|A0A085S1G0_VIBCL	GCF_002504285.1_WP_005282993.1	64.407	67	66	88	59	21	0	9	67	7	65	3.20e-19	79.0
tr|A0A085S1G0|A0A085S1G0_VIBCL	GCF_025914095.1_WP_031518415.1	57.627	67	66	88	59	25	0	7	65	5	63	3.28e-19	79.0
tr|A0A085S1G0|A0A085S1G0_VIBCL	GCF_021276285.1_WP_015696108.1	55.738	67	66	91	61	27	0	7	67	5	65	3.84e-19	78.7
tr|A0A085S1G0|A0A085S1G0_VIBCL	GCF_002393445.1_WP_008456963.1	59.322	67	66	88	59	24	0	7	65	5	63	4.03e-19	78.7
tr|A0A085S1G0|A0A085S1G0_VIBCL	GCF_022637475.1_WP_013574215.1	55.738	67	66	91	61	27	0	7	67	5	65	4.06e-19	78.7
tr|A0A085S1G0|A0A085S1G0_VIBCL	GCF_003074995.2_WP_012847630.1	64.407	67	66	88	59	21	0	9	67	7	65	4.88e-19	78.4
tr|A0A085S1G0|A0A085S1G0_VIBCL	GCF_000023545.1_WP_015854636.1	62.069	67	66	87	58	22	0	8	65	6	63	5.28e-19	78.4
tr|A0A085S1G0|A0A085S1G0_VIBCL	GCF_017569925.1_WP_208228064.1	57.627	67	66	88	59	25	0	7	65	5	63	5.90e-19	78.4
tr|A0A085S1G0|A0A085S1G0_VIBCL	GCF_021365465.1_WP_016190320.1	59.322	67	66	88	59	24	0	7	65	5	63	6.70e-19	78.1
tr|A0A085S1G0|A0A085S1G0_VIBCL	GCF_000264765.2_WP_034163238.1	62.712	67	66	88	59	22	0	9	67	7	65	7.43e-19	78.1
tr|A0A085S1G0|A0A085S1G0_VIBCL	GCF_022647505.1_WP_128179457.1	59.016	67	66	91	61	25	0	7	67	5	65	9.21e-19	77.8
tr|A0A085S1G0|A0A085S1G0_VIBCL	GCF_006711645.1_WP_100682483.1	62.712	67	66	88	59	22	0	7	65	5	63	1.19e-18	77.5
tr|A0A085S1G0|A0A085S1G0_VIBCL	GCF_000740965.1_WP_039290563.1	59.322	67	66	88	59	24	0	7	65	5	63	1.35e-18	77.3
tr|A0A085S1G0|A0A085S1G0_VIBCL	GCF_900635955.1_WP_126357485.1	59.322	67	66	88	59	24	0	7	65	5	63	2.14e-18	77.0
tr|A0A085S1G0|A0A085S1G0_VIBCL	GCF_000025065.1_WP_012883680.1	58.621	67	66	87	58	24	0	8	65	6	63	4.59e-18	76.1
tr|A0A085S1G0|A0A085S1G0_VIBCL	GCF_000023565.1_WP_012770817.1	56.897	67	66	87	58	25	0	8	65	6	63	5.05e-18	75.9
tr|A0A085S1G0|A0A085S1G0_VIBCL	GCF_900638655.1_WP_047781752.1	53.846	67	66	97	65	30	0	3	67	1	65	1.11e-17	75.0
tr|A0A085S1G0|A0A085S1G0_VIBCL	GCF_015999465.1_WP_085688157.1	56.897	67	66	87	58	25	0	8	65	6	63	1.22e-17	75.0
tr|A0A085S1G0|A0A085S1G0_VIBCL	GCF_005484965.1_WP_009114128.1	58.621	67	66	87	58	24	0	8	65	6	63	1.37e-17	74.7
tr|A0A085S1G0|A0A085S1G0_VIBCL	GCF_000147055.1_WP_013316770.1	56.897	67	66	87	58	25	0	8	65	6	63	2.09e-17	74.5
tr|A0A085S1G0|A0A085S1G0_VIBCL	GCF_019797845.1_WP_222158376.1	60.345	67	66	87	58	23	0	8	65	6	63	2.20e-17	74.2
tr|A0A085S1G0|A0A085S1G0_VIBCL	GCF_900095885.1_WP_035340383.1	53.846	67	67	97	65	28	1	1	65	1	63	6.07e-17	73.0
tr|A0A085S1G0|A0A085S1G0_VIBCL	GCF_005671395.1_WP_138095873.1	52.542	67	66	88	59	28	0	7	65	5	63	1.13e-16	72.5
tr|A0A085S1G0|A0A085S1G0_VIBCL	GCF_000015285.1_WP_011770537.1	49.231	67	66	97	65	33	0	3	67	1	65	1.40e-16	72.2
tr|A0A085S1G0|A0A085S1G0_VIBCL	GCF_020991025.1_WP_010864509.1	56.897	67	66	87	58	25	0	8	65	6	63	1.79e-16	71.9
tr|A0A085S1G0|A0A085S1G0_VIBCL	GCF_000023065.1_WP_015878480.1	58.462	67	69	97	65	27	0	1	65	1	65	1.84e-16	71.9
tr|A0A085S1G0|A0A085S1G0_VIBCL	GCF_003515985.1_WP_085653100.1	53.448	67	66	87	58	27	0	8	65	6	63	3.75e-16	71.1
tr|A0A085S1G0|A0A085S1G0_VIBCL	GCF_003096015.2_WP_108901554.1	56.667	67	66	90	60	26	0	8	67	6	65	4.16e-16	71.1
tr|A0A085S1G0|A0A085S1G0_VIBCL	GCF_000262305.1_WP_034920208.1	50.847	67	66	88	59	29	0	7	65	5	63	1.41e-15	69.7
tr|A0A085S1G0|A0A085S1G0_VIBCL	GCF_900478135.1_WP_111739360.1	55.000	67	66	90	60	27	0	8	67	6	65	1.72e-15	69.4
tr|A0A085S1G0|A0A085S1G0_VIBCL	GCF_011044475.1_WP_033740323.1	65.574	67	66	91	61	21	0	7	67	5	65	1.26e-14	67.1
tr|A0A085S1G0|A0A085S1G0_VIBCL	GCF_000599985.1_WP_025315221.1	53.333	67	66	90	60	28	0	7	66	5	64	1.60e-14	66.9
tr|A0A085S1G0|A0A085S1G0_VIBCL	GCF_900465055.1_WP_232011695.1	71.053	67	41	57	38	11	0	1	38	1	38	2.94e-14	66.0
# PSIBLAST 2.12.0+
# Iteration: 2
# Query: tr|A0A085S1G0|A0A085S1G0_VIBCL UPF0253 protein BC353_17140 OS=Vibrio cholerae OX=666 GN=yaeP PE=3 SV=1
# Database: /home/t19045mi/projects/psiblast_ver2/db/chosen-bacteria_proteome_exDup
# Fields: query id, subject id, % identity, query length, subject length, % query coverage per subject, alignment length, mismatches, gap opens, q. start, q. end, s. start, s. end, evalue, bit score
# 196 hits found
tr|A0A085S1G0|A0A085S1G0_VIBCL	GCF_002157735.2_WP_086982498.1	85.075	67	67	100	67	10	0	1	67	1	67	2.11e-31	109
tr|A0A085S1G0|A0A085S1G0_VIBCL	GCF_024347075.1_WP_261874095.1	82.090	67	67	100	67	12	0	1	67	1	67	4.64e-31	108
tr|A0A085S1G0|A0A085S1G0_VIBCL	GCF_024347395.1_WP_017053999.1	79.104	67	67	100	67	14	0	1	67	1	67	5.53e-31	108
tr|A0A085S1G0|A0A085S1G0_VIBCL	GCF_009601765.2_WP_153446342.1	79.104	67	67	100	67	14	0	1	67	1	67	9.27e-31	108
tr|A0A085S1G0|A0A085S1G0_VIBCL	GCF_024346975.1_WP_021714761.1	82.090	67	67	100	67	12	0	1	67	1	67	1.00e-30	108
tr|A0A085S1G0|A0A085S1G0_VIBCL	GCF_900233005.1_WP_102522112.1	79.104	67	67	100	67	14	0	1	67	1	67	1.64e-30	107
tr|A0A085S1G0|A0A085S1G0_VIBCL	GCF_002204915.1_WP_017420216.1	86.567	67	67	100	67	9	0	1	67	1	67	2.07e-30	107
tr|A0A085S1G0|A0A085S1G0_VIBCL	GCF_024494545.1_WP_080175675.1	73.134	67	67	100	67	18	0	1	67	1	67	2.37e-30	107
tr|A0A085S1G0|A0A085S1G0_VIBCL	GCF_026001925.1_WP_105903071.1	82.090	67	67	100	67	12	0	1	67	1	67	2.78e-30	106
tr|A0A085S1G0|A0A085S1G0_VIBCL	GCF_019670485.1_WP_221067978.1	82.090	67	67	100	67	12	0	1	67	1	67	3.61e-30	106
tr|A0A085S1G0|A0A085S1G0_VIBCL	GCF_002218045.2_WP_089140529.1	80.597	67	67	100	67	13	0	1	67	1	67	4.62e-30	106
tr|A0A085S1G0|A0A085S1G0_VIBCL	GCF_024346795.1_WP_017029145.1	79.104	67	67	100	67	14	0	1	67	1	67	7.21e-30	106
tr|A0A085S1G0|A0A085S1G0_VIBCL	GCF_024347495.1_WP_137373540.1	79.104	67	67	100	67	14	0	1	67	1	67	7.62e-30	105
tr|A0A085S1G0|A0A085S1G0_VIBCL	GCF_014879975.1_WP_192889240.1	77.612	67	67	100	67	15	0	1	67	1	67	2.43e-29	104
tr|A0A085S1G0|A0A085S1G0_VIBCL	GCF_001558415.2_WP_020431399.1	88.060	67	67	100	67	8	0	1	67	1	67	2.81e-29	104
tr|A0A085S1G0|A0A085S1G0_VIBCL	GCF_023650915.1_WP_033905529.1	83.582	67	69	100	67	11	0	1	67	1	67	3.14e-29	104
tr|A0A085S1G0|A0A085S1G0_VIBCL	GCF_000024825.1_WP_005391765.1	83.582	67	68	100	67	11	0	1	67	1	67	3.77e-29	104
tr|A0A085S1G0|A0A085S1G0_VIBCL	GCF_002257545.1_WP_010319078.1	80.597	67	68	100	67	13	0	1	67	1	67	3.92e-29	104
tr|A0A085S1G0|A0A085S1G0_VIBCL	GCF_024347095.1_WP_038182092.1	80.597	67	69	100	67	13	0	1	67	1	67	5.47e-29	103
tr|A0A085S1G0|A0A085S1G0_VIBCL	GCF_010587385.1_WP_164647556.1	83.582	67	68	100	67	11	0	1	67	1	67	5.69e-29	103
tr|A0A085S1G0|A0A085S1G0_VIBCL	GCF_009938225.1_WP_075651756.1	88.060	67	67	100	67	8	0	1	67	1	67	9.17e-29	103
tr|A0A085S1G0|A0A085S1G0_VIBCL	GCF_009938185.1_WP_162047597.1	85.075	67	67	100	67	10	0	1	67	1	67	1.05e-28	103
tr|A0A085S1G0|A0A085S1G0_VIBCL	GCF_024347035.1_WP_042488988.1	85.075	67	68	100	67	10	0	1	67	1	67	1.09e-28	103
tr|A0A085S1G0|A0A085S1G0_VIBCL	GCF_019977755.1_WP_101113434.1	74.627	67	68	100	67	17	0	1	67	1	67	1.11e-28	103
tr|A0A085S1G0|A0A085S1G0_VIBCL	GCF_024347115.1_WP_077332807.1	79.104	67	69	100	67	14	0	1	67	1	67	1.38e-28	102
tr|A0A085S1G0|A0A085S1G0_VIBCL	GCF_002021755.1_WP_005529380.1	83.582	67	68	100	67	11	0	1	67	1	67	1.47e-28	102
tr|A0A085S1G0|A0A085S1G0_VIBCL	GCF_011064285.1_WP_165310536.1	86.567	67	68	100	67	9	0	1	67	1	67	1.48e-28	102
tr|A0A085S1G0|A0A085S1G0_VIBCL	GCF_024346875.1_WP_261816828.1	80.597	67	67	100	67	13	0	1	67	1	67	1.53e-28	102
tr|A0A085S1G0|A0A085S1G0_VIBCL	GCF_000196495.1_WP_023603694.1	80.597	67	68	100	67	13	0	1	67	1	67	1.88e-28	102
tr|A0A085S1G0|A0A085S1G0_VIBCL	GCF_019703835.1_WP_087022950.1	76.119	67	67	100	67	16	0	1	67	1	67	1.94e-28	102
tr|A0A085S1G0|A0A085S1G0_VIBCL	GCF_002214395.1_WP_010449800.1	82.090	67	67	100	67	12	0	1	67	1	67	4.68e-28	101
tr|A0A085S1G0|A0A085S1G0_VIBCL	GCF_000940995.1_WP_039458213.1	68.657	67	68	100	67	21	0	1	67	1	67	5.44e-28	101
tr|A0A085S1G0|A0A085S1G0_VIBCL	GCF_024346955.1_WP_087479854.1	79.104	67	68	100	67	14	0	1	67	1	67	5.75e-28	101
tr|A0A085S1G0|A0A085S1G0_VIBCL	GCF_000772105.1_WP_004742991.1	85.075	67	68	100	67	10	0	1	67	1	67	5.80e-28	101
tr|A0A085S1G0|A0A085S1G0_VIBCL	GCF_024346995.1_WP_077312147.1	79.104	67	68	100	67	14	0	1	67	1	67	7.72e-28	100
tr|A0A085S1G0|A0A085S1G0_VIBCL	GCF_024346755.1_WP_073603885.1	76.119	67	68	100	67	16	0	1	67	1	67	9.73e-28	100
tr|A0A085S1G0|A0A085S1G0_VIBCL	GCF_002196515.1_WP_021020922.1	83.582	67	68	100	67	11	0	1	67	1	67	1.02e-27	100
tr|A0A085S1G0|A0A085S1G0_VIBCL	GCF_008369605.1_WP_000870111.1	100.000	67	67	100	67	0	0	1	67	1	67	1.28e-27	100
tr|A0A085S1G0|A0A085S1G0_VIBCL	GCF_017329545.1_WP_047883162.1	74.627	67	68	100	67	17	0	1	67	1	67	1.35e-27	100
tr|A0A085S1G0|A0A085S1G0_VIBCL	GCF_000770115.1_WP_005446221.1	80.597	67	68	100	67	13	0	1	67	1	67	1.45e-27	100
tr|A0A085S1G0|A0A085S1G0_VIBCL	GCF_024346675.1_WP_094955825.1	64.179	67	67	100	67	24	0	1	67	1	67	1.63e-27	 99
tr|A0A085S1G0|A0A085S1G0_VIBCL	GCF_009938205.1_WP_075706335.1	88.060	67	67	100	67	8	0	1	67	1	67	1.64e-27	 99
tr|A0A085S1G0|A0A085S1G0_VIBCL	GCF_024346715.1_WP_048899954.1	65.672	67	67	100	67	23	0	1	67	1	67	1.66e-27	 99
tr|A0A085S1G0|A0A085S1G0_VIBCL	GCF_009363415.1_WP_152429752.1	76.119	67	68	100	67	16	0	1	67	1	67	2.96e-27	99.4
tr|A0A085S1G0|A0A085S1G0_VIBCL	GCF_024347675.1_WP_261834940.1	82.090	67	67	100	67	12	0	1	67	1	67	6.01e-27	98.5
tr|A0A085S1G0|A0A085S1G0_VIBCL	GCF_001547935.1_WP_068714408.1	77.612	67	68	100	67	15	0	1	67	1	67	8.52e-27	98.2
tr|A0A085S1G0|A0A085S1G0_VIBCL	GCF_002887615.1_WP_038864665.1	88.060	67	68	100	67	8	0	1	67	1	67	9.99e-27	98.0
tr|A0A085S1G0|A0A085S1G0_VIBCL	GCF_001558255.2_WP_005506875.1	67.164	67	68	100	67	22	0	1	67	1	67	1.18e-26	97.7
tr|A0A085S1G0|A0A085S1G0_VIBCL	GCF_005484945.1_WP_137712818.1	60.000	67	66	97	65	26	0	3	67	1	65	2.06e-26	97.1
tr|A0A085S1G0|A0A085S1G0_VIBCL	GCF_001006005.1_WP_024529521.1	60.000	67	66	97	65	26	0	3	67	1	65	3.68e-26	96.6
tr|A0A085S1G0|A0A085S1G0_VIBCL	GCF_024347055.1_WP_261893211.1	80.597	67	68	100	67	13	0	1	67	1	67	4.90e-26	96.3
tr|A0A085S1G0|A0A085S1G0_VIBCL	GCF_000196615.1_WP_071822098.1	60.000	67	66	97	65	26	0	3	67	1	65	6.37e-26	96.0
tr|A0A085S1G0|A0A085S1G0_VIBCL	GCF_900638135.1_WP_012146467.1	58.462	67	66	97	65	27	0	3	67	1	65	7.77e-26	95.7
tr|A0A085S1G0|A0A085S1G0_VIBCL	GCF_020683125.1_WP_133842176.1	60.000	67	67	97	65	26	0	3	67	1	65	8.34e-26	95.7
tr|A0A085S1G0|A0A085S1G0_VIBCL	GCF_002291425.1_WP_095849075.1	58.462	67	66	97	65	27	0	3	67	1	65	1.01e-25	95.4
tr|A0A085S1G0|A0A085S1G0_VIBCL	GCF_009730055.1_WP_005185672.1	61.538	67	66	97	65	25	0	3	67	1	65	1.03e-25	95.4
tr|A0A085S1G0|A0A085S1G0_VIBCL	GCF_009817885.1_WP_015673539.1	58.462	67	66	97	65	27	0	3	67	1	65	1.27e-25	95.2
tr|A0A085S1G0|A0A085S1G0_VIBCL	GCF_017498685.1_WP_004719628.1	58.462	67	66	97	65	27	0	3	67	1	65	1.36e-25	95.2
tr|A0A085S1G0|A0A085S1G0_VIBCL	GCF_001456255.1_WP_014232780.1	79.104	67	68	100	67	14	0	1	67	1	67	1.42e-25	95.2
tr|A0A085S1G0|A0A085S1G0_VIBCL	GCF_001742185.1_WP_015731006.1	56.923	67	66	97	65	28	0	3	67	1	65	1.43e-25	95.2
tr|A0A085S1G0|A0A085S1G0_VIBCL	GCF_005280275.1_WP_069363555.1	67.164	67	67	100	67	22	0	1	67	1	67	2.29e-25	94.6
tr|A0A085S1G0|A0A085S1G0_VIBCL	GCF_022647325.1_WP_111140598.1	61.538	67	66	97	65	25	0	3	67	1	65	2.35e-25	94.6
tr|A0A085S1G0|A0A085S1G0_VIBCL	GCF_021365465.1_WP_016190320.1	53.846	67	66	97	65	30	0	3	67	1	65	2.50e-25	94.3
tr|A0A085S1G0|A0A085S1G0_VIBCL	GCF_027286365.1_WP_069588633.1	70.149	67	67	100	67	20	0	1	67	1	67	2.60e-25	94.3
tr|A0A085S1G0|A0A085S1G0_VIBCL	GCF_023195835.1_WP_039478024.1	86.567	67	68	100	67	9	0	1	67	1	67	2.77e-25	94.3
tr|A0A085S1G0|A0A085S1G0_VIBCL	GCF_004792415.1_WP_003852623.1	63.077	67	66	97	65	24	0	3	67	1	65	2.98e-25	94.3
tr|A0A085S1G0|A0A085S1G0_VIBCL	GCF_002288545.1_WP_010285748.1	56.923	67	66	97	65	28	0	3	67	1	65	3.10e-25	94.3
tr|A0A085S1G0|A0A085S1G0_VIBCL	GCF_003716875.1_WP_123016570.1	77.612	67	69	100	67	15	0	1	67	1	67	3.30e-25	94.0
tr|A0A085S1G0|A0A085S1G0_VIBCL	GCF_019844095.1_WP_062747067.1	56.923	67	67	97	65	28	0	3	67	1	65	3.35e-25	94.0
tr|A0A085S1G0|A0A085S1G0_VIBCL	GCF_006364355.1_WP_004729231.1	88.060	67	67	100	67	8	0	1	67	1	67	3.46e-25	94.0
tr|A0A085S1G0|A0A085S1G0_VIBCL	GCF_000520015.2_WP_071882816.1	58.462	67	66	97	65	27	0	3	67	1	65	3.66e-25	94.0
tr|A0A085S1G0|A0A085S1G0_VIBCL	GCF_019048385.1_WP_010254172.1	61.538	67	66	97	65	25	0	3	67	1	65	4.09e-25	93.7
tr|A0A085S1G0|A0A085S1G0_VIBCL	GCF_000214235.1_WP_006318652.1	61.538	67	66	97	65	25	0	3	67	1	65	6.34e-25	93.5
tr|A0A085S1G0|A0A085S1G0_VIBCL	GCF_017569925.1_WP_208228064.1	52.308	67	66	97	65	31	0	3	67	1	65	6.60e-25	93.5
tr|A0A085S1G0|A0A085S1G0_VIBCL	GCF_000222975.1_WP_002212152.1	58.462	67	66	97	65	27	0	3	67	1	65	7.92e-25	93.2
tr|A0A085S1G0|A0A085S1G0_VIBCL	GCF_000006945.2_NP_459243.1	58.462	67	72	97	65	27	0	3	67	7	71	8.24e-25	93.2
tr|A0A085S1G0|A0A085S1G0_VIBCL	GCF_002291445.1_WP_048635885.1	52.308	67	66	97	65	31	0	3	67	1	65	8.51e-25	93.2
tr|A0A085S1G0|A0A085S1G0_VIBCL	GCF_025133195.1_WP_004706681.1	58.462	67	67	97	65	27	0	3	67	1	65	8.99e-25	92.9
tr|A0A085S1G0|A0A085S1G0_VIBCL	GCF_000834395.1_WP_004704314.1	58.462	67	66	97	65	27	0	3	67	1	65	1.09e-24	92.9
tr|A0A085S1G0|A0A085S1G0_VIBCL	GCF_008364325.2_WP_041415645.1	61.538	67	66	97	65	25	0	3	67	1	65	1.25e-24	92.6
tr|A0A085S1G0|A0A085S1G0_VIBCL	GCF_009176645.1_WP_152083530.1	53.846	67	66	97	65	30	0	3	67	1	65	1.26e-24	92.6
tr|A0A085S1G0|A0A085S1G0_VIBCL	GCF_000224675.1_WP_006173580.1	55.385	67	66	97	65	29	0	3	67	1	65	1.29e-24	92.6
tr|A0A085S1G0|A0A085S1G0_VIBCL	GCF_024347455.1_WP_017072685.1	77.612	67	67	100	67	15	0	1	67	1	67	1.34e-24	92.6
tr|A0A085S1G0|A0A085S1G0_VIBCL	GCF_001729805.1_WP_008501889.1	53.846	67	66	97	65	30	0	3	67	1	65	1.46e-24	92.3
tr|A0A085S1G0|A0A085S1G0_VIBCL	GCF_004353845.1_WP_048214883.1	56.923	67	66	97	65	28	0	3	67	1	65	1.52e-24	92.3
tr|A0A085S1G0|A0A085S1G0_VIBCL	GCF_017309605.1_WP_033652508.1	60.000	67	66	97	65	26	0	3	67	1	65	1.87e-24	92.1
tr|A0A085S1G0|A0A085S1G0_VIBCL	GCF_013234275.1_WP_172895487.1	53.846	67	66	97	65	30	0	3	67	1	65	2.37e-24	92.1
tr|A0A085S1G0|A0A085S1G0_VIBCL	GCF_000025065.1_WP_012883680.1	52.308	67	66	97	65	31	0	3	67	1	65	2.41e-24	91.8
tr|A0A085S1G0|A0A085S1G0_VIBCL	GCF_025946765.1_WP_264497927.1	56.923	67	67	97	65	28	0	3	67	1	65	2.89e-24	91.8
tr|A0A085S1G0|A0A085S1G0_VIBCL	GCF_000147055.1_WP_013316770.1	50.769	67	66	97	65	32	0	3	67	1	65	3.11e-24	91.5
tr|A0A085S1G0|A0A085S1G0_VIBCL	GCF_003812345.1_WP_003018499.1	58.462	67	66	97	65	27	0	3	67	1	65	3.18e-24	91.5
tr|A0A085S1G0|A0A085S1G0_VIBCL	GCF_020342335.1_WP_071852482.1	61.538	67	66	97	65	25	0	3	67	1	65	3.21e-24	91.5
tr|A0A085S1G0|A0A085S1G0_VIBCL	GCF_002101395.1_WP_165786514.1	56.923	67	66	97	65	28	0	3	67	1	65	3.45e-24	91.5
tr|A0A085S1G0|A0A085S1G0_VIBCL	GCF_019048625.1_WP_003856146.1	55.385	67	66	97	65	29	0	3	67	1	65	3.53e-24	91.5
tr|A0A085S1G0|A0A085S1G0_VIBCL	GCF_021462285.1_WP_073970287.1	60.000	67	66	97	65	26	0	3	67	1	65	3.61e-24	91.5
tr|A0A085S1G0|A0A085S1G0_VIBCL	GCF_000023565.1_WP_012770817.1	50.769	67	66	97	65	32	0	3	67	1	65	4.11e-24	91.2
tr|A0A085S1G0|A0A085S1G0_VIBCL	GCF_000091465.1_WP_009847436.1	79.104	67	67	100	67	14	0	1	67	1	67	4.24e-24	91.2
tr|A0A085S1G0|A0A085S1G0_VIBCL	GCF_001750725.1_WP_014168721.1	52.308	67	66	97	65	31	0	3	67	1	65	4.27e-24	91.2
tr|A0A085S1G0|A0A085S1G0_VIBCL	GCF_001518835.1_WP_032616635.1	53.846	67	66	97	65	30	0	3	67	1	65	4.27e-24	91.2
tr|A0A085S1G0|A0A085S1G0_VIBCL	GCF_001642805.2_WP_004931993.1	60.000	67	66	97	65	26	0	3	67	1	65	4.34e-24	91.2
tr|A0A085S1G0|A0A085S1G0_VIBCL	GCF_005484965.1_WP_009114128.1	52.308	67	66	97	65	31	0	3	67	1	65	4.44e-24	91.2
tr|A0A085S1G0|A0A085S1G0_VIBCL	GCF_009914055.1_WP_160619716.1	53.846	67	66	97	65	30	0	3	67	1	65	4.55e-24	91.2
tr|A0A085S1G0|A0A085S1G0_VIBCL	GCF_024582835.1_WP_257083719.1	83.582	67	67	100	67	11	0	1	67	1	67	4.73e-24	91.2
tr|A0A085S1G0|A0A085S1G0_VIBCL	GCF_014083925.1_WP_074374154.1	82.090	67	69	100	67	12	0	1	67	1	67	5.12e-24	91.2
tr|A0A085S1G0|A0A085S1G0_VIBCL	GCF_017348915.1_WP_040077076.1	53.846	67	66	97	65	30	0	3	67	1	65	5.21e-24	90.9
tr|A0A085S1G0|A0A085S1G0_VIBCL	GCF_022637515.1_WP_064540227.1	53.846	67	66	97	65	30	0	3	67	1	65	5.64e-24	90.9
tr|A0A085S1G0|A0A085S1G0_VIBCL	GCF_004124235.1_WP_004391680.1	60.000	67	66	97	65	26	0	3	67	1	65	6.01e-24	90.9
tr|A0A085S1G0|A0A085S1G0_VIBCL	GCF_000740965.1_WP_039290563.1	53.846	67	66	97	65	30	0	3	67	1	65	6.11e-24	90.9
tr|A0A085S1G0|A0A085S1G0_VIBCL	GCF_001461805.1_WP_013367514.1	58.462	67	66	97	65	27	0	3	67	1	65	6.26e-24	90.9
tr|A0A085S1G0|A0A085S1G0_VIBCL	GCF_001683395.1_WP_017458016.1	55.385	67	66	97	65	29	0	3	67	1	65	6.72e-24	90.6
tr|A0A085S1G0|A0A085S1G0_VIBCL	GCF_019890955.1_WP_021507470.1	61.538	67	66	97	65	25	0	3	67	1	65	7.05e-24	90.6
tr|A0A085S1G0|A0A085S1G0_VIBCL	GCF_900465055.1_WP_112718222.1	70.149	67	67	100	67	20	0	1	67	1	67	8.32e-24	90.6
tr|A0A085S1G0|A0A085S1G0_VIBCL	GCF_022637475.1_WP_013574215.1	52.308	67	66	97	65	31	0	3	67	1	65	8.40e-24	90.6
tr|A0A085S1G0|A0A085S1G0_VIBCL	GCF_001658025.2_WP_007373244.1	55.385	67	66	97	65	29	0	3	67	1	65	8.60e-24	90.4
tr|A0A085S1G0|A0A085S1G0_VIBCL	GCF_003516125.1_WP_007896683.1	53.846	67	66	97	65	30	0	3	67	1	65	8.81e-24	90.4
tr|A0A085S1G0|A0A085S1G0_VIBCL	GCF_021276285.1_WP_015696108.1	52.308	67	66	97	65	31	0	3	67	1	65	9.31e-24	90.4
tr|A0A085S1G0|A0A085S1G0_VIBCL	GCF_024347475.1_WP_261903044.1	82.090	67	67	100	67	12	0	1	67	1	67	1.04e-23	90.4
tr|A0A085S1G0|A0A085S1G0_VIBCL	GCF_022371215.1_WP_008222923.1	80.597	67	67	100	67	13	0	1	67	1	67	1.04e-23	90.4
tr|A0A085S1G0|A0A085S1G0_VIBCL	GCF_019226825.1_WP_218562206.1	83.582	67	67	100	67	11	0	1	67	1	67	1.07e-23	90.4
tr|A0A085S1G0|A0A085S1G0_VIBCL	GCF_019797845.1_WP_222158376.1	58.333	67	66	90	60	25	0	8	67	6	65	1.08e-23	90.4
tr|A0A085S1G0|A0A085S1G0_VIBCL	GCF_000006925.2_NP_706135.1	58.462	67	72	97	65	27	0	3	67	7	71	1.15e-23	90.4
tr|A0A085S1G0|A0A085S1G0_VIBCL	GCF_024347295.1_WP_017086219.1	80.597	67	67	100	67	13	0	1	67	1	67	1.16e-23	90.1
tr|A0A085S1G0|A0A085S1G0_VIBCL	GCF_003935895.2_WP_110510859.1	53.846	67	66	97	65	30	0	3	67	1	65	1.18e-23	90.1
tr|A0A085S1G0|A0A085S1G0_VIBCL	GCF_900095885.1_WP_035340383.1	52.239	67	67	100	67	30	1	1	67	1	65	1.24e-23	90.1
tr|A0A085S1G0|A0A085S1G0_VIBCL	GCF_009648975.1_WP_002889429.1	58.462	67	66	97	65	27	0	3	67	1	65	1.32e-23	90.1
tr|A0A085S1G0|A0A085S1G0_VIBCL	GCF_016415705.1_WP_080936164.1	58.462	67	66	97	65	27	0	3	67	1	65	1.45e-23	89.8
tr|A0A085S1G0|A0A085S1G0_VIBCL	GCF_011617105.1_WP_008814496.1	60.000	67	66	97	65	26	0	3	67	1	65	1.56e-23	89.8
tr|A0A085S1G0|A0A085S1G0_VIBCL	GCF_000023545.1_WP_015854636.1	55.385	67	66	97	65	29	0	3	67	1	65	1.57e-23	89.8
tr|A0A085S1G0|A0A085S1G0_VIBCL	GCF_001277255.1_WP_007666631.1	52.308	67	66	97	65	31	0	3	67	1	65	1.80e-23	89.8
tr|A0A085S1G0|A0A085S1G0_VIBCL	GCF_002953195.1_WP_038628013.1	55.385	67	66	97	65	29	0	3	67	1	65	1.82e-23	89.8
tr|A0A085S1G0|A0A085S1G0_VIBCL	GCF_022647505.1_WP_128179457.1	55.385	67	66	97	65	29	0	3	67	1	65	1.86e-23	89.5
tr|A0A085S1G0|A0A085S1G0_VIBCL	GCF_001277195.1_WP_038864664.1	53.846	67	66	97	65	30	0	3	67	1	65	1.97e-23	89.5
tr|A0A085S1G0|A0A085S1G0_VIBCL	GCF_005144905.1_WP_016767591.1	77.612	67	67	100	67	15	0	1	67	1	67	2.21e-23	89.5
tr|A0A085S1G0|A0A085S1G0_VIBCL	GCF_001277235.1_WP_007718147.1	55.385	67	66	97	65	29	0	3	67	1	65	2.48e-23	89.2
tr|A0A085S1G0|A0A085S1G0_VIBCL	GCF_024224615.1_WP_125293587.1	53.846	67	66	97	65	30	0	3	67	1	65	2.49e-23	89.2
tr|A0A085S1G0|A0A085S1G0_VIBCL	GCF_003515985.1_WP_085653100.1	49.254	67	66	100	67	32	1	1	67	1	65	2.58e-23	89.2
tr|A0A085S1G0|A0A085S1G0_VIBCL	GCF_024362845.1_WP_032551682.1	82.090	67	67	100	67	12	0	1	67	1	67	2.97e-23	89.2
tr|A0A085S1G0|A0A085S1G0_VIBCL	GCF_001558935.2_WP_042323658.1	58.462	67	66	97	65	27	0	3	67	1	65	2.97e-23	89.2
tr|A0A085S1G0|A0A085S1G0_VIBCL	GCF_015999465.1_WP_085688157.1	52.239	67	66	100	67	30	1	1	67	1	65	3.12e-23	89.0
tr|A0A085S1G0|A0A085S1G0_VIBCL	GCF_012029655.1_WP_041144146.1	58.462	67	66	97	65	27	0	3	67	1	65	3.17e-23	89.0
tr|A0A085S1G0|A0A085S1G0_VIBCL	GCF_001022135.1_WP_039078450.1	53.846	67	66	97	65	30	0	3	67	1	65	3.24e-23	89.0
tr|A0A085S1G0|A0A085S1G0_VIBCL	GCF_024347635.1_WP_139684079.1	77.612	67	67	100	67	15	0	1	67	1	67	3.54e-23	89.0
tr|A0A085S1G0|A0A085S1G0_VIBCL	GCF_001277215.2_WP_004385445.1	55.385	67	66	97	65	29	0	3	67	1	65	3.71e-23	89.0
tr|A0A085S1G0|A0A085S1G0_VIBCL	GCF_018128425.1_WP_042289831.1	53.846	67	66	97	65	30	0	3	67	1	65	3.86e-23	89.0
tr|A0A085S1G0|A0A085S1G0_VIBCL	GCF_019047765.1_WP_005132083.1	55.385	67	66	97	65	29	0	3	67	1	65	4.25e-23	88.7
tr|A0A085S1G0|A0A085S1G0_VIBCL	GCF_016026875.1_WP_005301307.1	62.687	67	68	100	67	25	0	1	67	1	67	4.42e-23	88.7
tr|A0A085S1G0|A0A085S1G0_VIBCL	GCF_011068345.1_WP_002436993.1	53.846	67	66	97	65	30	0	3	67	1	65	4.64e-23	88.7
tr|A0A085S1G0|A0A085S1G0_VIBCL	GCF_004684345.1_WP_096758222.1	53.846	67	66	97	65	30	0	3	67	1	65	4.75e-23	88.7
tr|A0A085S1G0|A0A085S1G0_VIBCL	GCF_023195735.1_WP_035891979.1	57.143	67	66	94	63	27	0	5	67	3	65	4.90e-23	88.7
tr|A0A085S1G0|A0A085S1G0_VIBCL	GCF_024347355.1_WP_137407914.1	79.104	67	67	100	67	14	0	1	67	1	67	4.94e-23	88.7
tr|A0A085S1G0|A0A085S1G0_VIBCL	GCF_008931805.1_WP_196805522.1	67.692	67	65	97	65	21	0	3	67	1	65	5.15e-23	88.4
tr|A0A085S1G0|A0A085S1G0_VIBCL	GCF_016026615.1_WP_005345813.1	62.687	67	68	100	67	25	0	1	67	1	67	5.48e-23	88.4
tr|A0A085S1G0|A0A085S1G0_VIBCL	GCF_000018045.1_WP_012133967.1	55.385	67	66	97	65	29	0	3	67	1	65	5.57e-23	88.4
tr|A0A085S1G0|A0A085S1G0_VIBCL	GCF_007632255.1_WP_015368145.1	56.923	67	66	97	65	28	0	3	67	1	65	6.22e-23	88.4
tr|A0A085S1G0|A0A085S1G0_VIBCL	GCF_000439255.1_WP_013991363.1	56.923	67	66	97	65	28	0	3	67	1	65	6.90e-23	88.1
tr|A0A085S1G0|A0A085S1G0_VIBCL	GCF_005671395.1_WP_138095873.1	50.820	67	66	91	61	30	0	6	66	4	64	7.12e-23	88.1
tr|A0A085S1G0|A0A085S1G0_VIBCL	GCF_014892695.1_WP_193004054.1	65.672	67	68	100	67	23	0	1	67	1	67	7.59e-23	88.1
tr|A0A085S1G0|A0A085S1G0_VIBCL	GCF_008693645.1_WP_024132476.1	55.385	67	66	97	65	29	0	3	67	1	65	7.65e-23	88.1
tr|A0A085S1G0|A0A085S1G0_VIBCL	GCF_025758125.1_WP_023480353.1	53.846	67	66	97	65	30	0	3	67	1	65	7.78e-23	88.1
tr|A0A085S1G0|A0A085S1G0_VIBCL	GCF_014169735.1_WP_010674629.1	62.687	67	68	100	67	25	0	1	67	1	67	8.15e-23	88.1
tr|A0A085S1G0|A0A085S1G0_VIBCL	GCF_016127195.1_WP_005352334.1	62.687	67	68	100	67	25	0	1	67	1	67	1.12e-22	87.6
tr|A0A085S1G0|A0A085S1G0_VIBCL	GCF_002393445.1_WP_008456963.1	53.846	67	66	97	65	30	0	3	67	1	65	1.32e-22	87.6
tr|A0A085S1G0|A0A085S1G0_VIBCL	GCF_000233595.1_WP_014606545.1	60.000	67	66	97	65	26	0	3	67	1	65	1.43e-22	87.3
tr|A0A085S1G0|A0A085S1G0_VIBCL	GCF_003015165.1_WP_005324956.1	62.687	67	68	100	67	25	0	1	67	1	67	1.49e-22	87.3
tr|A0A085S1G0|A0A085S1G0_VIBCL	GCF_021172065.1_WP_015965826.1	56.923	67	66	97	65	28	0	3	67	1	65	1.52e-22	87.3
tr|A0A085S1G0|A0A085S1G0_VIBCL	GCF_008693705.1_WP_005336882.1	62.687	67	68	100	67	25	0	1	67	1	67	1.61e-22	87.3
tr|A0A085S1G0|A0A085S1G0_VIBCL	GCF_900635955.1_WP_126357485.1	53.846	67	66	97	65	30	0	3	67	1	65	1.85e-22	87.0
tr|A0A085S1G0|A0A085S1G0_VIBCL	GCF_003019925.1_WP_043085884.1	52.308	67	66	97	65	31	0	3	67	1	65	1.85e-22	87.0
tr|A0A085S1G0|A0A085S1G0_VIBCL	GCF_022637595.1_WP_004858155.1	58.462	67	66	97	65	27	0	3	67	1	65	2.26e-22	87.0
tr|A0A085S1G0|A0A085S1G0_VIBCL	GCF_003812925.1_WP_004107902.1	56.923	67	66	97	65	28	0	3	67	1	65	2.27e-22	87.0
tr|A0A085S1G0|A0A085S1G0_VIBCL	GCF_001277175.1_WP_007697550.1	55.385	67	66	97	65	29	0	3	67	1	65	2.39e-22	86.7
tr|A0A085S1G0|A0A085S1G0_VIBCL	GCF_900637545.1_WP_042653731.1	59.701	67	68	100	67	27	0	1	67	1	67	2.52e-22	86.7
tr|A0A085S1G0|A0A085S1G0_VIBCL	GCF_020149575.1_WP_005908580.1	61.194	67	68	100	67	26	0	1	67	1	67	2.86e-22	86.7
tr|A0A085S1G0|A0A085S1G0_VIBCL	GCF_028355655.1_WP_005311233.1	59.701	67	68	100	67	27	0	1	67	1	67	3.41e-22	86.4
tr|A0A085S1G0|A0A085S1G0_VIBCL	GCF_015139575.1_WP_004098778.1	56.923	67	66	97	65	28	0	3	67	1	65	3.52e-22	86.4
tr|A0A085S1G0|A0A085S1G0_VIBCL	GCF_003261575.2_WP_110272452.1	56.923	67	66	97	65	28	0	3	67	1	65	4.30e-22	86.1
tr|A0A085S1G0|A0A085S1G0_VIBCL	GCF_900638655.1_WP_047781752.1	53.846	67	66	97	65	30	0	3	67	1	65	4.33e-22	86.1
tr|A0A085S1G0|A0A085S1G0_VIBCL	GCF_000005845.2_YP_026160.1	56.923	67	66	97	65	28	0	3	67	1	65	5.32e-22	85.9
tr|A0A085S1G0|A0A085S1G0_VIBCL	GCF_001995825.2_WP_060468344.1	79.104	67	67	100	67	14	0	1	67	1	67	6.86e-22	85.6
tr|A0A085S1G0|A0A085S1G0_VIBCL	GCF_025914095.1_WP_031518415.1	52.308	67	66	97	65	31	0	3	67	1	65	9.14e-22	85.3
tr|A0A085S1G0|A0A085S1G0_VIBCL	GCF_020991025.1_WP_010864509.1	53.226	67	66	93	62	29	0	3	64	1	62	1.50e-21	84.7
tr|A0A085S1G0|A0A085S1G0_VIBCL	GCF_009649915.1_WP_062772226.1	56.923	67	66	97	65	28	0	3	67	1	65	1.73e-21	84.7
tr|A0A085S1G0|A0A085S1G0_VIBCL	GCF_020079945.1_WP_071669043.1	56.923	67	66	97	65	28	0	3	67	1	65	2.51e-21	84.2
tr|A0A085S1G0|A0A085S1G0_VIBCL	GCF_000262305.1_WP_034920208.1	46.154	67	66	97	65	35	0	3	67	1	65	3.16e-21	83.9
tr|A0A085S1G0|A0A085S1G0_VIBCL	GCF_003096015.2_WP_108901554.1	52.308	67	66	97	65	31	0	3	67	1	65	3.64e-21	83.9
tr|A0A085S1G0|A0A085S1G0_VIBCL	GCF_006711645.1_WP_100682483.1	56.923	67	66	97	65	28	0	3	67	1	65	5.34e-21	83.3
tr|A0A085S1G0|A0A085S1G0_VIBCL	GCF_011745665.1_WP_166916350.1	62.295	67	63	91	61	23	0	6	66	2	62	8.97e-21	82.8
tr|A0A085S1G0|A0A085S1G0_VIBCL	GCF_003074995.2_WP_012847630.1	58.462	67	66	97	65	27	0	3	67	1	65	1.48e-20	82.2
tr|A0A085S1G0|A0A085S1G0_VIBCL	GCF_002504285.1_WP_005282993.1	58.462	67	66	97	65	27	0	3	67	1	65	2.13e-20	81.9
tr|A0A085S1G0|A0A085S1G0_VIBCL	GCF_000023065.1_WP_015878480.1	58.462	67	69	97	65	27	0	1	65	1	65	2.45e-20	81.6
tr|A0A085S1G0|A0A085S1G0_VIBCL	GCF_000264765.2_WP_034163238.1	56.923	67	66	97	65	28	0	3	67	1	65	3.07e-20	81.4
tr|A0A085S1G0|A0A085S1G0_VIBCL	GCF_900478135.1_WP_111739360.1	50.769	67	66	97	65	32	0	3	67	1	65	3.12e-20	81.4
tr|A0A085S1G0|A0A085S1G0_VIBCL	GCF_000015285.1_WP_011770537.1	49.231	67	66	97	65	33	0	3	67	1	65	4.57e-20	81.1
tr|A0A085S1G0|A0A085S1G0_VIBCL	GCF_000599985.1_WP_025315221.1	50.000	67	66	96	64	32	0	3	66	1	64	5.16e-19	78.3
tr|A0A085S1G0|A0A085S1G0_VIBCL	GCF_011044475.1_WP_033740323.1	61.538	67	66	97	65	25	0	3	67	1	65	2.30e-18	76.6
tr|A0A085S1G0|A0A085S1G0_VIBCL	GCF_900465055.1_WP_232011695.1	71.053	67	41	57	38	11	0	1	38	1	38	1.64e-13	63.9

Search has CONVERGED!
# BLAST processed 2 queries
