# PSIBLAST 2.12.0+
# Iteration: 1
# Query: tr|A0A144R1I9|A0A144R1I9_ENTCL UPF0253 protein SAMEA2273318_03822 OS=Enterobacter cloacae OX=550 GN=yaeP PE=3 SV=1
# Database: /home/t19045mi/projects/psiblast_ver2/db/chosen-bacteria_proteome_exDup
# Fields: query id, subject id, % identity, query length, subject length, % query coverage per subject, alignment length, mismatches, gap opens, q. start, q. end, s. start, s. end, evalue, bit score
# 196 hits found
tr|A0A144R1I9|A0A144R1I9_ENTCL	GCF_001750725.1_WP_014168721.1	98.485	66	66	100	66	1	0	1	66	1	66	1.43e-39	130
tr|A0A144R1I9|A0A144R1I9_ENTCL	GCF_001729805.1_WP_008501889.1	98.485	66	66	100	66	1	0	1	66	1	66	2.17e-39	130
tr|A0A144R1I9|A0A144R1I9_ENTCL	GCF_000224675.1_WP_006173580.1	96.970	66	66	100	66	2	0	1	66	1	66	2.88e-39	129
tr|A0A144R1I9|A0A144R1I9_ENTCL	GCF_009176645.1_WP_152083530.1	98.485	66	66	100	66	1	0	1	66	1	66	5.45e-39	129
tr|A0A144R1I9|A0A144R1I9_ENTCL	GCF_019048625.1_WP_003856146.1	93.939	66	66	100	66	4	0	1	66	1	66	3.76e-38	127
tr|A0A144R1I9|A0A144R1I9_ENTCL	GCF_001518835.1_WP_032616635.1	93.939	66	66	100	66	4	0	1	66	1	66	6.40e-38	126
tr|A0A144R1I9|A0A144R1I9_ENTCL	GCF_001658025.2_WP_007373244.1	90.909	66	66	100	66	6	0	1	66	1	66	3.12e-37	124
tr|A0A144R1I9|A0A144R1I9_ENTCL	GCF_017348915.1_WP_040077076.1	90.909	66	66	100	66	6	0	1	66	1	66	3.43e-37	124
tr|A0A144R1I9|A0A144R1I9_ENTCL	GCF_001683395.1_WP_017458016.1	89.394	66	66	100	66	7	0	1	66	1	66	8.42e-37	123
tr|A0A144R1I9|A0A144R1I9_ENTCL	GCF_024224615.1_WP_125293587.1	92.424	66	66	100	66	5	0	1	66	1	66	1.42e-36	123
tr|A0A144R1I9|A0A144R1I9_ENTCL	GCF_009648975.1_WP_002889429.1	89.394	66	66	100	66	7	0	1	66	1	66	1.63e-36	122
tr|A0A144R1I9|A0A144R1I9_ENTCL	GCF_007632255.1_WP_015368145.1	89.394	66	66	100	66	7	0	1	66	1	66	3.03e-36	122
tr|A0A144R1I9|A0A144R1I9_ENTCL	GCF_001022135.1_WP_039078450.1	89.394	66	66	100	66	7	0	1	66	1	66	4.65e-36	121
tr|A0A144R1I9|A0A144R1I9_ENTCL	GCF_021172065.1_WP_015965826.1	87.879	66	66	100	66	8	0	1	66	1	66	6.34e-36	121
tr|A0A144R1I9|A0A144R1I9_ENTCL	GCF_011068345.1_WP_002436993.1	90.909	66	66	100	66	6	0	1	66	1	66	6.49e-36	121
tr|A0A144R1I9|A0A144R1I9_ENTCL	GCF_016415705.1_WP_080936164.1	87.879	66	66	100	66	8	0	1	66	1	66	7.61e-36	121
tr|A0A144R1I9|A0A144R1I9_ENTCL	GCF_000018045.1_WP_012133967.1	90.909	66	66	100	66	6	0	1	66	1	66	8.44e-36	121
tr|A0A144R1I9|A0A144R1I9_ENTCL	GCF_012029655.1_WP_041144146.1	87.879	66	66	100	66	8	0	1	66	1	66	1.04e-35	120
tr|A0A144R1I9|A0A144R1I9_ENTCL	GCF_019047765.1_WP_005132083.1	90.909	66	66	100	66	6	0	1	66	1	66	1.05e-35	120
tr|A0A144R1I9|A0A144R1I9_ENTCL	GCF_015139575.1_WP_004098778.1	87.879	66	66	100	66	8	0	1	66	1	66	1.07e-35	120
tr|A0A144R1I9|A0A144R1I9_ENTCL	GCF_003812925.1_WP_004107902.1	87.879	66	66	100	66	8	0	1	66	1	66	1.91e-35	120
tr|A0A144R1I9|A0A144R1I9_ENTCL	GCF_023195735.1_WP_035891979.1	86.364	66	66	100	66	9	0	1	66	1	66	2.14e-35	120
tr|A0A144R1I9|A0A144R1I9_ENTCL	GCF_001558935.2_WP_042323658.1	87.879	66	66	100	66	8	0	1	66	1	66	2.14e-35	120
tr|A0A144R1I9|A0A144R1I9_ENTCL	GCF_004684345.1_WP_096758222.1	90.909	66	66	100	66	6	0	1	66	1	66	2.24e-35	120
tr|A0A144R1I9|A0A144R1I9_ENTCL	GCF_008693645.1_WP_024132476.1	89.394	66	66	100	66	7	0	1	66	1	66	2.92e-35	119
tr|A0A144R1I9|A0A144R1I9_ENTCL	GCF_001461805.1_WP_013367514.1	86.364	66	66	100	66	9	0	1	66	1	66	3.18e-35	119
tr|A0A144R1I9|A0A144R1I9_ENTCL	GCF_003935895.2_WP_110510859.1	86.364	66	66	100	66	9	0	1	66	1	66	4.34e-35	119
tr|A0A144R1I9|A0A144R1I9_ENTCL	GCF_000439255.1_WP_013991363.1	87.879	66	66	100	66	8	0	1	66	1	66	5.51e-35	119
tr|A0A144R1I9|A0A144R1I9_ENTCL	GCF_004353845.1_WP_048214883.1	87.879	66	66	100	66	8	0	1	66	1	66	6.11e-35	118
tr|A0A144R1I9|A0A144R1I9_ENTCL	GCF_025758125.1_WP_023480353.1	84.848	66	66	100	66	10	0	1	66	1	66	6.36e-35	118
tr|A0A144R1I9|A0A144R1I9_ENTCL	GCF_000005845.2_YP_026160.1	87.879	66	66	100	66	8	0	1	66	1	66	7.11e-35	118
tr|A0A144R1I9|A0A144R1I9_ENTCL	GCF_022637595.1_WP_004858155.1	87.879	66	66	100	66	8	0	1	66	1	66	7.52e-35	118
tr|A0A144R1I9|A0A144R1I9_ENTCL	GCF_003019925.1_WP_043085884.1	87.879	66	66	100	66	8	0	1	66	1	66	8.07e-35	118
tr|A0A144R1I9|A0A144R1I9_ENTCL	GCF_001277235.1_WP_007718147.1	83.333	66	66	100	66	11	0	1	66	1	66	8.27e-35	118
tr|A0A144R1I9|A0A144R1I9_ENTCL	GCF_003812345.1_WP_003018499.1	87.879	66	66	100	66	8	0	1	66	1	66	1.08e-34	118
tr|A0A144R1I9|A0A144R1I9_ENTCL	GCF_000006945.2_NP_459243.1	90.625	66	72	97	64	6	0	3	66	9	72	1.14e-34	118
tr|A0A144R1I9|A0A144R1I9_ENTCL	GCF_009649915.1_WP_062772226.1	86.364	66	66	100	66	9	0	1	66	1	66	1.39e-34	118
tr|A0A144R1I9|A0A144R1I9_ENTCL	GCF_018128425.1_WP_042289831.1	87.879	66	66	100	66	8	0	1	66	1	66	1.95e-34	117
tr|A0A144R1I9|A0A144R1I9_ENTCL	GCF_003261575.2_WP_110272452.1	84.848	66	66	100	66	10	0	1	66	1	66	2.68e-34	117
tr|A0A144R1I9|A0A144R1I9_ENTCL	GCF_001277195.1_WP_038864664.1	83.333	66	66	100	66	11	0	1	66	1	66	2.79e-34	117
tr|A0A144R1I9|A0A144R1I9_ENTCL	GCF_000006925.2_NP_706135.1	89.062	66	72	97	64	7	0	3	66	9	72	3.78e-34	116
tr|A0A144R1I9|A0A144R1I9_ENTCL	GCF_001277215.2_WP_004385445.1	81.818	66	66	100	66	12	0	1	66	1	66	1.04e-33	115
tr|A0A144R1I9|A0A144R1I9_ENTCL	GCF_022637515.1_WP_064540227.1	83.333	66	66	100	66	11	0	1	66	1	66	1.05e-33	115
tr|A0A144R1I9|A0A144R1I9_ENTCL	GCF_002393445.1_WP_008456963.1	83.333	66	66	100	66	11	0	1	66	1	66	1.09e-33	115
tr|A0A144R1I9|A0A144R1I9_ENTCL	GCF_003516125.1_WP_007896683.1	81.818	66	66	100	66	12	0	1	66	1	66	1.32e-33	115
tr|A0A144R1I9|A0A144R1I9_ENTCL	GCF_006711645.1_WP_100682483.1	86.364	66	66	100	66	9	0	1	66	1	66	1.52e-33	115
tr|A0A144R1I9|A0A144R1I9_ENTCL	GCF_001277255.1_WP_007666631.1	83.333	66	66	100	66	11	0	1	66	1	66	1.74e-33	115
tr|A0A144R1I9|A0A144R1I9_ENTCL	GCF_900635955.1_WP_126357485.1	83.333	66	66	100	66	11	0	1	66	1	66	4.16e-33	114
tr|A0A144R1I9|A0A144R1I9_ENTCL	GCF_013234275.1_WP_172895487.1	80.303	66	66	100	66	13	0	1	66	1	66	9.91e-33	113
tr|A0A144R1I9|A0A144R1I9_ENTCL	GCF_025914095.1_WP_031518415.1	81.818	66	66	100	66	12	0	1	66	1	66	1.71e-32	112
tr|A0A144R1I9|A0A144R1I9_ENTCL	GCF_005671395.1_WP_138095873.1	80.303	66	66	100	66	13	0	1	66	1	66	3.56e-32	111
tr|A0A144R1I9|A0A144R1I9_ENTCL	GCF_001277175.1_WP_007697550.1	80.303	66	66	100	66	13	0	1	66	1	66	4.74e-32	111
tr|A0A144R1I9|A0A144R1I9_ENTCL	GCF_000262305.1_WP_034920208.1	77.273	66	66	100	66	15	0	1	66	1	66	4.99e-31	109
tr|A0A144R1I9|A0A144R1I9_ENTCL	GCF_022637475.1_WP_013574215.1	77.273	66	66	100	66	15	0	1	66	1	66	2.45e-30	107
tr|A0A144R1I9|A0A144R1I9_ENTCL	GCF_017498685.1_WP_004719628.1	77.273	66	66	100	66	15	0	1	66	1	66	5.42e-30	106
tr|A0A144R1I9|A0A144R1I9_ENTCL	GCF_020683125.1_WP_133842176.1	75.758	66	67	100	66	16	0	1	66	1	66	5.82e-30	106
tr|A0A144R1I9|A0A144R1I9_ENTCL	GCF_021276285.1_WP_015696108.1	75.758	66	66	100	66	16	0	1	66	1	66	7.57e-30	105
tr|A0A144R1I9|A0A144R1I9_ENTCL	GCF_019048385.1_WP_010254172.1	72.727	66	66	100	66	18	0	1	66	1	66	8.66e-30	105
tr|A0A144R1I9|A0A144R1I9_ENTCL	GCF_004792415.1_WP_003852623.1	71.212	66	66	100	66	19	0	1	66	1	66	1.14e-29	105
tr|A0A144R1I9|A0A144R1I9_ENTCL	GCF_000196615.1_WP_071822098.1	72.727	66	66	100	66	18	0	1	66	1	66	1.20e-29	105
tr|A0A144R1I9|A0A144R1I9_ENTCL	GCF_000214235.1_WP_006318652.1	75.758	66	66	100	66	16	0	1	66	1	66	1.44e-29	105
tr|A0A144R1I9|A0A144R1I9_ENTCL	GCF_020342335.1_WP_071852482.1	71.212	66	66	100	66	19	0	1	66	1	66	1.76e-29	105
tr|A0A144R1I9|A0A144R1I9_ENTCL	GCF_019844095.1_WP_062747067.1	74.242	66	67	100	66	17	0	1	66	1	66	2.51e-29	104
tr|A0A144R1I9|A0A144R1I9_ENTCL	GCF_022647325.1_WP_111140598.1	69.697	66	66	100	66	20	0	1	66	1	66	2.99e-29	104
tr|A0A144R1I9|A0A144R1I9_ENTCL	GCF_000222975.1_WP_002212152.1	75.758	66	66	100	66	16	0	1	66	1	66	4.60e-29	103
tr|A0A144R1I9|A0A144R1I9_ENTCL	GCF_019890955.1_WP_021507470.1	71.212	66	66	100	66	19	0	1	66	1	66	7.41e-29	103
tr|A0A144R1I9|A0A144R1I9_ENTCL	GCF_900638135.1_WP_012146467.1	74.242	66	66	100	66	17	0	1	66	1	66	7.65e-29	103
tr|A0A144R1I9|A0A144R1I9_ENTCL	GCF_021365465.1_WP_016190320.1	71.212	66	66	100	66	19	0	1	66	1	66	7.77e-29	103
tr|A0A144R1I9|A0A144R1I9_ENTCL	GCF_900638655.1_WP_047781752.1	72.727	66	66	100	66	18	0	1	66	1	66	8.28e-29	103
tr|A0A144R1I9|A0A144R1I9_ENTCL	GCF_005484945.1_WP_137712818.1	71.212	66	66	100	66	19	0	1	66	1	66	9.33e-29	103
tr|A0A144R1I9|A0A144R1I9_ENTCL	GCF_002101395.1_WP_165786514.1	69.697	66	66	100	66	20	0	1	66	1	66	1.02e-28	103
tr|A0A144R1I9|A0A144R1I9_ENTCL	GCF_021462285.1_WP_073970287.1	74.242	66	66	100	66	17	0	1	66	1	66	1.05e-28	103
tr|A0A144R1I9|A0A144R1I9_ENTCL	GCF_008364325.2_WP_041415645.1	74.242	66	66	100	66	17	0	1	66	1	66	1.55e-28	102
tr|A0A144R1I9|A0A144R1I9_ENTCL	GCF_009730055.1_WP_005185672.1	72.727	66	66	100	66	18	0	1	66	1	66	2.20e-28	102
tr|A0A144R1I9|A0A144R1I9_ENTCL	GCF_001742185.1_WP_015731006.1	71.212	66	66	100	66	19	0	1	66	1	66	2.22e-28	102
tr|A0A144R1I9|A0A144R1I9_ENTCL	GCF_003074995.2_WP_012847630.1	71.212	66	66	100	66	19	0	1	66	1	66	2.58e-28	102
tr|A0A144R1I9|A0A144R1I9_ENTCL	GCF_002953195.1_WP_038628013.1	68.182	66	66	100	66	21	0	1	66	1	66	2.67e-28	102
tr|A0A144R1I9|A0A144R1I9_ENTCL	GCF_000233595.1_WP_014606545.1	69.697	66	66	100	66	20	0	1	66	1	66	3.15e-28	101
tr|A0A144R1I9|A0A144R1I9_ENTCL	GCF_002504285.1_WP_005282993.1	71.212	66	66	100	66	19	0	1	66	1	66	3.20e-28	101
tr|A0A144R1I9|A0A144R1I9_ENTCL	GCF_000834395.1_WP_004704314.1	72.727	66	66	100	66	18	0	1	66	1	66	3.30e-28	101
tr|A0A144R1I9|A0A144R1I9_ENTCL	GCF_000264765.2_WP_034163238.1	71.212	66	66	100	66	19	0	1	66	1	66	3.46e-28	101
tr|A0A144R1I9|A0A144R1I9_ENTCL	GCF_001642805.2_WP_004931993.1	71.212	66	66	100	66	19	0	1	66	1	66	3.87e-28	101
tr|A0A144R1I9|A0A144R1I9_ENTCL	GCF_009914055.1_WP_160619716.1	68.182	66	66	100	66	21	0	1	66	1	66	3.90e-28	101
tr|A0A144R1I9|A0A144R1I9_ENTCL	GCF_025133195.1_WP_004706681.1	74.242	66	67	100	66	17	0	1	66	1	66	4.22e-28	101
tr|A0A144R1I9|A0A144R1I9_ENTCL	GCF_002291445.1_WP_048635885.1	71.212	66	66	100	66	19	0	1	66	1	66	4.58e-28	101
tr|A0A144R1I9|A0A144R1I9_ENTCL	GCF_004124235.1_WP_004391680.1	72.727	66	66	100	66	18	0	1	66	1	66	4.69e-28	101
tr|A0A144R1I9|A0A144R1I9_ENTCL	GCF_000520015.2_WP_071882816.1	72.727	66	66	100	66	18	0	1	66	1	66	4.99e-28	101
tr|A0A144R1I9|A0A144R1I9_ENTCL	GCF_017309605.1_WP_033652508.1	71.212	66	66	100	66	19	0	1	66	1	66	5.28e-28	101
tr|A0A144R1I9|A0A144R1I9_ENTCL	GCF_002291425.1_WP_095849075.1	72.727	66	66	100	66	18	0	1	66	1	66	7.98e-28	100
tr|A0A144R1I9|A0A144R1I9_ENTCL	GCF_002288545.1_WP_010285748.1	69.697	66	66	100	66	20	0	1	66	1	66	8.78e-28	100
tr|A0A144R1I9|A0A144R1I9_ENTCL	GCF_001006005.1_WP_024529521.1	71.212	66	66	100	66	19	0	1	66	1	66	1.48e-27	100
tr|A0A144R1I9|A0A144R1I9_ENTCL	GCF_022647505.1_WP_128179457.1	68.182	66	66	100	66	21	0	1	66	1	66	1.73e-27	100
tr|A0A144R1I9|A0A144R1I9_ENTCL	GCF_017569925.1_WP_208228064.1	71.212	66	66	100	66	19	0	1	66	1	66	1.84e-27	99.8
tr|A0A144R1I9|A0A144R1I9_ENTCL	GCF_000023565.1_WP_012770817.1	69.697	66	66	100	66	20	0	1	66	1	66	1.94e-27	99.8
tr|A0A144R1I9|A0A144R1I9_ENTCL	GCF_011617105.1_WP_008814496.1	70.769	66	66	98	65	19	0	1	65	1	65	2.65e-27	99.5
tr|A0A144R1I9|A0A144R1I9_ENTCL	GCF_000025065.1_WP_012883680.1	71.212	66	66	100	66	19	0	1	66	1	66	3.70e-27	99.2
tr|A0A144R1I9|A0A144R1I9_ENTCL	GCF_000740965.1_WP_039290563.1	68.182	66	66	100	66	21	0	1	66	1	66	5.64e-27	98.6
tr|A0A144R1I9|A0A144R1I9_ENTCL	GCF_000147055.1_WP_013316770.1	69.697	66	66	100	66	20	0	1	66	1	66	7.11e-27	98.4
tr|A0A144R1I9|A0A144R1I9_ENTCL	GCF_000023545.1_WP_015854636.1	69.697	66	66	100	66	20	0	1	66	1	66	7.16e-27	98.4
tr|A0A144R1I9|A0A144R1I9_ENTCL	GCF_009817885.1_WP_015673539.1	71.212	66	66	100	66	19	0	1	66	1	66	9.31e-27	98.1
tr|A0A144R1I9|A0A144R1I9_ENTCL	GCF_003096015.2_WP_108901554.1	69.697	66	66	100	66	20	0	1	66	1	66	1.03e-26	98.1
tr|A0A144R1I9|A0A144R1I9_ENTCL	GCF_015999465.1_WP_085688157.1	71.212	66	66	100	66	19	0	1	66	1	66	2.34e-26	97.0
tr|A0A144R1I9|A0A144R1I9_ENTCL	GCF_005484965.1_WP_009114128.1	69.697	66	66	100	66	20	0	1	66	1	66	7.48e-26	95.8
tr|A0A144R1I9|A0A144R1I9_ENTCL	GCF_025946765.1_WP_264497927.1	65.152	66	67	100	66	23	0	1	66	1	66	2.05e-25	94.7
tr|A0A144R1I9|A0A144R1I9_ENTCL	GCF_900095885.1_WP_035340383.1	68.182	66	67	100	66	21	0	1	66	1	66	3.23e-25	94.1
tr|A0A144R1I9|A0A144R1I9_ENTCL	GCF_003515985.1_WP_085653100.1	68.182	66	66	100	66	21	0	1	66	1	66	3.52e-25	94.1
tr|A0A144R1I9|A0A144R1I9_ENTCL	GCF_020079945.1_WP_071669043.1	63.636	66	66	100	66	24	0	1	66	1	66	2.02e-24	92.2
tr|A0A144R1I9|A0A144R1I9_ENTCL	GCF_019797845.1_WP_222158376.1	63.636	66	66	100	66	24	0	1	66	1	66	2.45e-24	91.9
tr|A0A144R1I9|A0A144R1I9_ENTCL	GCF_011044475.1_WP_033740323.1	66.667	66	66	100	66	22	0	1	66	1	66	4.15e-23	88.8
tr|A0A144R1I9|A0A144R1I9_ENTCL	GCF_027286365.1_WP_069588633.1	65.574	66	67	92	61	21	0	5	65	7	67	5.84e-23	88.5
tr|A0A144R1I9|A0A144R1I9_ENTCL	GCF_900478135.1_WP_111739360.1	63.636	66	66	100	66	24	0	1	66	1	66	1.10e-22	87.7
tr|A0A144R1I9|A0A144R1I9_ENTCL	GCF_011745665.1_WP_166916350.1	66.667	66	63	91	60	20	0	4	63	2	61	1.34e-22	87.4
tr|A0A144R1I9|A0A144R1I9_ENTCL	GCF_024347115.1_WP_077332807.1	56.452	66	69	94	62	27	0	5	66	7	68	7.14e-22	85.7
tr|A0A144R1I9|A0A144R1I9_ENTCL	GCF_024346995.1_WP_077312147.1	57.377	66	68	92	61	26	0	5	65	7	67	1.06e-21	85.1
tr|A0A144R1I9|A0A144R1I9_ENTCL	GCF_024347095.1_WP_038182092.1	58.065	66	69	94	62	26	0	5	66	7	68	1.28e-21	85.1
tr|A0A144R1I9|A0A144R1I9_ENTCL	GCF_024347395.1_WP_017053999.1	59.016	66	67	92	61	25	0	5	65	7	67	1.35e-21	84.9
tr|A0A144R1I9|A0A144R1I9_ENTCL	GCF_019670485.1_WP_221067978.1	60.656	66	67	92	61	24	0	5	65	7	67	1.66e-21	84.9
tr|A0A144R1I9|A0A144R1I9_ENTCL	GCF_009601765.2_WP_153446342.1	59.016	66	67	92	61	25	0	5	65	7	67	2.07e-21	84.6
tr|A0A144R1I9|A0A144R1I9_ENTCL	GCF_019977755.1_WP_101113434.1	58.065	66	68	94	62	26	0	5	66	7	68	2.28e-21	84.3
tr|A0A144R1I9|A0A144R1I9_ENTCL	GCF_002157735.2_WP_086982498.1	59.016	66	67	92	61	25	0	5	65	7	67	2.67e-21	84.3
tr|A0A144R1I9|A0A144R1I9_ENTCL	GCF_002257545.1_WP_010319078.1	58.065	66	68	94	62	26	0	5	66	7	68	2.80e-21	84.3
tr|A0A144R1I9|A0A144R1I9_ENTCL	GCF_023650915.1_WP_033905529.1	59.677	66	69	94	62	25	0	5	66	7	68	3.56e-21	84.0
tr|A0A144R1I9|A0A144R1I9_ENTCL	GCF_002204915.1_WP_017420216.1	59.016	66	67	92	61	25	0	5	65	7	67	3.56e-21	84.0
tr|A0A144R1I9|A0A144R1I9_ENTCL	GCF_000024825.1_WP_005391765.1	59.677	66	68	94	62	25	0	5	66	7	68	3.91e-21	83.7
tr|A0A144R1I9|A0A144R1I9_ENTCL	GCF_005280275.1_WP_069363555.1	59.016	66	67	92	61	25	0	5	65	7	67	5.34e-21	83.5
tr|A0A144R1I9|A0A144R1I9_ENTCL	GCF_024347675.1_WP_261834940.1	59.016	66	67	92	61	25	0	5	65	7	67	6.26e-21	83.2
tr|A0A144R1I9|A0A144R1I9_ENTCL	GCF_000599985.1_WP_025315221.1	61.905	66	66	95	63	24	0	1	63	1	63	6.84e-21	83.2
tr|A0A144R1I9|A0A144R1I9_ENTCL	GCF_010587385.1_WP_164647556.1	59.677	66	68	94	62	25	0	5	66	7	68	6.94e-21	83.2
tr|A0A144R1I9|A0A144R1I9_ENTCL	GCF_002021755.1_WP_005529380.1	59.677	66	68	94	62	25	0	5	66	7	68	7.34e-21	83.2
tr|A0A144R1I9|A0A144R1I9_ENTCL	GCF_024347075.1_WP_261874095.1	59.016	66	67	92	61	25	0	5	65	7	67	8.20e-21	82.9
tr|A0A144R1I9|A0A144R1I9_ENTCL	GCF_020991025.1_WP_010864509.1	61.290	66	66	94	62	24	0	1	62	1	62	9.78e-21	82.9
tr|A0A144R1I9|A0A144R1I9_ENTCL	GCF_003716875.1_WP_123016570.1	59.016	66	69	92	61	25	0	5	65	7	67	1.27e-20	82.6
tr|A0A144R1I9|A0A144R1I9_ENTCL	GCF_024346975.1_WP_021714761.1	57.377	66	67	92	61	26	0	5	65	7	67	1.33e-20	82.3
tr|A0A144R1I9|A0A144R1I9_ENTCL	GCF_009938225.1_WP_075651756.1	57.377	66	67	92	61	26	0	5	65	7	67	1.72e-20	82.0
tr|A0A144R1I9|A0A144R1I9_ENTCL	GCF_002214395.1_WP_010449800.1	59.016	66	67	92	61	25	0	5	65	7	67	1.95e-20	82.0
tr|A0A144R1I9|A0A144R1I9_ENTCL	GCF_900233005.1_WP_102522112.1	55.738	66	67	92	61	27	0	5	65	7	67	2.01e-20	82.0
tr|A0A144R1I9|A0A144R1I9_ENTCL	GCF_024346875.1_WP_261816828.1	57.377	66	67	92	61	26	0	5	65	7	67	2.03e-20	82.0
tr|A0A144R1I9|A0A144R1I9_ENTCL	GCF_024346755.1_WP_073603885.1	58.065	66	68	94	62	26	0	5	66	7	68	2.27e-20	81.8
tr|A0A144R1I9|A0A144R1I9_ENTCL	GCF_001558415.2_WP_020431399.1	57.377	66	67	92	61	26	0	5	65	7	67	2.27e-20	81.8
tr|A0A144R1I9|A0A144R1I9_ENTCL	GCF_002218045.2_WP_089140529.1	54.098	66	67	92	61	28	0	5	65	7	67	2.36e-20	81.8
tr|A0A144R1I9|A0A144R1I9_ENTCL	GCF_026001925.1_WP_105903071.1	59.016	66	67	92	61	25	0	5	65	7	67	2.44e-20	81.8
tr|A0A144R1I9|A0A144R1I9_ENTCL	GCF_024347055.1_WP_261893211.1	58.065	66	68	94	62	26	0	5	66	7	68	4.56e-20	81.2
tr|A0A144R1I9|A0A144R1I9_ENTCL	GCF_000770115.1_WP_005446221.1	56.452	66	68	94	62	27	0	5	66	7	68	8.09e-20	80.4
tr|A0A144R1I9|A0A144R1I9_ENTCL	GCF_024346795.1_WP_017029145.1	55.738	66	67	92	61	27	0	5	65	7	67	9.05e-20	80.4
tr|A0A144R1I9|A0A144R1I9_ENTCL	GCF_009938205.1_WP_075706335.1	57.377	66	67	92	61	26	0	5	65	7	67	1.09e-19	80.1
tr|A0A144R1I9|A0A144R1I9_ENTCL	GCF_001558255.2_WP_005506875.1	55.738	66	68	92	61	27	0	5	65	7	67	1.18e-19	80.1
tr|A0A144R1I9|A0A144R1I9_ENTCL	GCF_000772105.1_WP_004742991.1	54.839	66	68	94	62	28	0	5	66	7	68	1.21e-19	80.1
tr|A0A144R1I9|A0A144R1I9_ENTCL	GCF_011064285.1_WP_165310536.1	54.839	66	68	94	62	28	0	5	66	7	68	1.65e-19	79.8
tr|A0A144R1I9|A0A144R1I9_ENTCL	GCF_024347035.1_WP_042488988.1	54.839	66	68	94	62	28	0	5	66	7	68	2.03e-19	79.5
tr|A0A144R1I9|A0A144R1I9_ENTCL	GCF_002196515.1_WP_021020922.1	54.839	66	68	94	62	28	0	5	66	7	68	3.08e-19	79.0
tr|A0A144R1I9|A0A144R1I9_ENTCL	GCF_001547935.1_WP_068714408.1	56.452	66	68	94	62	27	0	5	66	7	68	4.36e-19	78.7
tr|A0A144R1I9|A0A144R1I9_ENTCL	GCF_009938185.1_WP_162047597.1	55.738	66	67	92	61	27	0	5	65	7	67	4.84e-19	78.4
tr|A0A144R1I9|A0A144R1I9_ENTCL	GCF_024347495.1_WP_137373540.1	52.459	66	67	92	61	29	0	5	65	7	67	6.81e-19	78.1
tr|A0A144R1I9|A0A144R1I9_ENTCL	GCF_024494545.1_WP_080175675.1	55.738	66	67	92	61	27	0	5	65	7	67	9.07e-19	77.8
tr|A0A144R1I9|A0A144R1I9_ENTCL	GCF_024346955.1_WP_087479854.1	54.839	66	68	94	62	28	0	5	66	7	68	1.01e-18	77.5
tr|A0A144R1I9|A0A144R1I9_ENTCL	GCF_000196495.1_WP_023603694.1	52.459	66	68	92	61	29	0	5	65	7	67	1.33e-18	77.3
tr|A0A144R1I9|A0A144R1I9_ENTCL	GCF_014879975.1_WP_192889240.1	52.459	66	67	92	61	29	0	5	65	7	67	1.47e-18	77.3
tr|A0A144R1I9|A0A144R1I9_ENTCL	GCF_000940995.1_WP_039458213.1	54.098	66	68	92	61	28	0	5	65	7	67	1.93e-18	77.0
tr|A0A144R1I9|A0A144R1I9_ENTCL	GCF_019703835.1_WP_087022950.1	52.459	66	67	92	61	29	0	5	65	7	67	1.93e-18	77.0
tr|A0A144R1I9|A0A144R1I9_ENTCL	GCF_024346675.1_WP_094955825.1	57.377	66	67	92	61	26	0	5	65	7	67	2.45e-18	76.7
tr|A0A144R1I9|A0A144R1I9_ENTCL	GCF_024346715.1_WP_048899954.1	57.377	66	67	92	61	26	0	5	65	7	67	3.67e-18	76.1
tr|A0A144R1I9|A0A144R1I9_ENTCL	GCF_009363415.1_WP_152429752.1	56.897	66	68	88	58	25	0	5	62	7	64	5.25e-18	75.9
tr|A0A144R1I9|A0A144R1I9_ENTCL	GCF_017329545.1_WP_047883162.1	52.459	66	68	92	61	29	0	5	65	7	67	5.55e-18	75.9
tr|A0A144R1I9|A0A144R1I9_ENTCL	GCF_002887615.1_WP_038864665.1	58.065	66	68	94	62	26	0	5	66	7	68	4.60e-17	73.3
tr|A0A144R1I9|A0A144R1I9_ENTCL	GCF_014892695.1_WP_193004054.1	54.098	66	68	92	61	28	0	5	65	7	67	5.22e-17	73.3
tr|A0A144R1I9|A0A144R1I9_ENTCL	GCF_024582835.1_WP_257083719.1	60.656	66	67	92	61	24	0	5	65	7	67	2.86e-16	71.4
tr|A0A144R1I9|A0A144R1I9_ENTCL	GCF_014083925.1_WP_074374154.1	57.377	66	69	92	61	26	0	5	65	7	67	3.93e-16	71.1
tr|A0A144R1I9|A0A144R1I9_ENTCL	GCF_016026875.1_WP_005301307.1	55.738	66	68	92	61	27	0	5	65	7	67	3.93e-16	71.1
tr|A0A144R1I9|A0A144R1I9_ENTCL	GCF_023195835.1_WP_039478024.1	56.452	66	68	94	62	27	0	5	66	7	68	6.29e-16	70.5
tr|A0A144R1I9|A0A144R1I9_ENTCL	GCF_016026615.1_WP_005345813.1	54.098	66	68	92	61	28	0	5	65	7	67	7.37e-16	70.5
tr|A0A144R1I9|A0A144R1I9_ENTCL	GCF_014169735.1_WP_010674629.1	55.738	66	68	92	61	27	0	5	65	7	67	7.85e-16	70.2
tr|A0A144R1I9|A0A144R1I9_ENTCL	GCF_028355655.1_WP_005311233.1	54.098	66	68	92	61	28	0	5	65	7	67	8.71e-16	70.2
tr|A0A144R1I9|A0A144R1I9_ENTCL	GCF_008693705.1_WP_005336882.1	54.098	66	68	92	61	28	0	5	65	7	67	9.13e-16	70.2
tr|A0A144R1I9|A0A144R1I9_ENTCL	GCF_016127195.1_WP_005352334.1	54.098	66	68	92	61	28	0	5	65	7	67	1.74e-15	69.4
tr|A0A144R1I9|A0A144R1I9_ENTCL	GCF_006364355.1_WP_004729231.1	55.738	66	67	92	61	27	0	5	65	7	67	1.93e-15	69.4
tr|A0A144R1I9|A0A144R1I9_ENTCL	GCF_001456255.1_WP_014232780.1	56.452	66	68	94	62	27	0	5	66	7	68	2.80e-15	68.8
tr|A0A144R1I9|A0A144R1I9_ENTCL	GCF_003015165.1_WP_005324956.1	54.098	66	68	92	61	28	0	5	65	7	67	3.31e-15	68.8
tr|A0A144R1I9|A0A144R1I9_ENTCL	GCF_000015285.1_WP_011770537.1	48.485	66	66	100	66	34	0	1	66	1	66	8.60e-15	67.7
tr|A0A144R1I9|A0A144R1I9_ENTCL	GCF_008931805.1_WP_196805522.1	55.738	66	65	92	61	27	0	5	65	5	65	9.55e-15	67.4
tr|A0A144R1I9|A0A144R1I9_ENTCL	GCF_900637545.1_WP_042653731.1	52.459	66	68	92	61	29	0	5	65	7	67	1.13e-14	67.4
tr|A0A144R1I9|A0A144R1I9_ENTCL	GCF_900465055.1_WP_112718222.1	53.731	66	67	98	67	29	1	1	65	1	67	1.32e-14	67.1
tr|A0A144R1I9|A0A144R1I9_ENTCL	GCF_020149575.1_WP_005908580.1	52.459	66	68	92	61	29	0	5	65	7	67	1.47e-14	67.1
tr|A0A144R1I9|A0A144R1I9_ENTCL	GCF_000023065.1_WP_015878480.1	53.968	66	69	95	63	29	0	4	66	6	68	2.04e-14	66.9
tr|A0A144R1I9|A0A144R1I9_ENTCL	GCF_024347455.1_WP_017072685.1	52.459	66	67	92	61	29	0	5	65	7	67	6.57e-14	65.5
tr|A0A144R1I9|A0A144R1I9_ENTCL	GCF_019226825.1_WP_218562206.1	54.098	66	67	92	61	28	0	5	65	7	67	7.65e-14	65.2
tr|A0A144R1I9|A0A144R1I9_ENTCL	GCF_008369605.1_WP_000870111.1	57.377	66	67	92	61	26	0	5	65	7	67	7.48e-13	62.6
tr|A0A144R1I9|A0A144R1I9_ENTCL	GCF_001995825.2_WP_060468344.1	54.098	66	67	92	61	28	0	5	65	7	67	7.48e-13	62.6
tr|A0A144R1I9|A0A144R1I9_ENTCL	GCF_024347475.1_WP_261903044.1	54.098	66	67	92	61	28	0	5	65	7	67	9.72e-13	62.4
tr|A0A144R1I9|A0A144R1I9_ENTCL	GCF_024347635.1_WP_139684079.1	54.098	66	67	92	61	28	0	5	65	7	67	1.06e-12	62.4
tr|A0A144R1I9|A0A144R1I9_ENTCL	GCF_022371215.1_WP_008222923.1	54.098	66	67	92	61	28	0	5	65	7	67	1.15e-12	62.4
tr|A0A144R1I9|A0A144R1I9_ENTCL	GCF_000091465.1_WP_009847436.1	52.459	66	67	92	61	29	0	5	65	7	67	1.27e-12	62.1
tr|A0A144R1I9|A0A144R1I9_ENTCL	GCF_024347295.1_WP_017086219.1	52.459	66	67	92	61	29	0	5	65	7	67	1.44e-12	62.1
tr|A0A144R1I9|A0A144R1I9_ENTCL	GCF_024347355.1_WP_137407914.1	54.098	66	67	92	61	28	0	5	65	7	67	1.57e-12	61.8
tr|A0A144R1I9|A0A144R1I9_ENTCL	GCF_005144905.1_WP_016767591.1	52.459	66	67	92	61	29	0	5	65	7	67	1.59e-12	61.8
tr|A0A144R1I9|A0A144R1I9_ENTCL	GCF_024362845.1_WP_032551682.1	54.098	66	67	92	61	28	0	5	65	7	67	1.67e-12	61.8
tr|A0A144R1I9|A0A144R1I9_ENTCL	GCF_900465055.1_WP_232011695.1	53.846	66	41	56	39	16	1	1	37	1	39	2.68e-06	45.8
# PSIBLAST 2.12.0+
# Iteration: 2
# Query: tr|A0A144R1I9|A0A144R1I9_ENTCL UPF0253 protein SAMEA2273318_03822 OS=Enterobacter cloacae OX=550 GN=yaeP PE=3 SV=1
# Database: /home/t19045mi/projects/psiblast_ver2/db/chosen-bacteria_proteome_exDup
# Fields: query id, subject id, % identity, query length, subject length, % query coverage per subject, alignment length, mismatches, gap opens, q. start, q. end, s. start, s. end, evalue, bit score
# 196 hits found
tr|A0A144R1I9|A0A144R1I9_ENTCL	GCF_005484945.1_WP_137712818.1	71.212	66	66	100	66	19	0	1	66	1	66	9.42e-28	100
tr|A0A144R1I9|A0A144R1I9_ENTCL	GCF_020683125.1_WP_133842176.1	75.758	66	67	100	66	16	0	1	66	1	66	3.82e-27	99.1
tr|A0A144R1I9|A0A144R1I9_ENTCL	GCF_021365465.1_WP_016190320.1	71.212	66	66	100	66	19	0	1	66	1	66	5.04e-27	98.8
tr|A0A144R1I9|A0A144R1I9_ENTCL	GCF_000196615.1_WP_071822098.1	72.727	66	66	100	66	18	0	1	66	1	66	5.25e-27	98.5
tr|A0A144R1I9|A0A144R1I9_ENTCL	GCF_001006005.1_WP_024529521.1	71.212	66	66	100	66	19	0	1	66	1	66	6.93e-27	98.3
tr|A0A144R1I9|A0A144R1I9_ENTCL	GCF_002291425.1_WP_095849075.1	72.727	66	66	100	66	18	0	1	66	1	66	1.17e-26	97.7
tr|A0A144R1I9|A0A144R1I9_ENTCL	GCF_900638135.1_WP_012146467.1	74.242	66	66	100	66	17	0	1	66	1	66	1.27e-26	97.7
tr|A0A144R1I9|A0A144R1I9_ENTCL	GCF_009817885.1_WP_015673539.1	71.212	66	66	100	66	19	0	1	66	1	66	1.29e-26	97.7
tr|A0A144R1I9|A0A144R1I9_ENTCL	GCF_001742185.1_WP_015731006.1	71.212	66	66	100	66	19	0	1	66	1	66	1.58e-26	97.4
tr|A0A144R1I9|A0A144R1I9_ENTCL	GCF_009730055.1_WP_005185672.1	72.727	66	66	100	66	18	0	1	66	1	66	1.62e-26	97.4
tr|A0A144R1I9|A0A144R1I9_ENTCL	GCF_019844095.1_WP_062747067.1	74.242	66	67	100	66	17	0	1	66	1	66	2.38e-26	97.1
tr|A0A144R1I9|A0A144R1I9_ENTCL	GCF_017498685.1_WP_004719628.1	77.273	66	66	100	66	15	0	1	66	1	66	2.40e-26	96.9
tr|A0A144R1I9|A0A144R1I9_ENTCL	GCF_004353845.1_WP_048214883.1	87.879	66	66	100	66	8	0	1	66	1	66	2.76e-26	96.9
tr|A0A144R1I9|A0A144R1I9_ENTCL	GCF_002288545.1_WP_010285748.1	69.697	66	66	100	66	20	0	1	66	1	66	3.02e-26	96.9
tr|A0A144R1I9|A0A144R1I9_ENTCL	GCF_000520015.2_WP_071882816.1	72.727	66	66	100	66	18	0	1	66	1	66	5.56e-26	96.0
tr|A0A144R1I9|A0A144R1I9_ENTCL	GCF_017569925.1_WP_208228064.1	71.212	66	66	100	66	19	0	1	66	1	66	6.68e-26	95.7
tr|A0A144R1I9|A0A144R1I9_ENTCL	GCF_002157735.2_WP_086982498.1	59.016	66	67	92	61	25	0	5	65	7	67	7.06e-26	95.7
tr|A0A144R1I9|A0A144R1I9_ENTCL	GCF_022647325.1_WP_111140598.1	69.697	66	66	100	66	20	0	1	66	1	66	7.83e-26	95.7
tr|A0A144R1I9|A0A144R1I9_ENTCL	GCF_003812345.1_WP_003018499.1	87.879	66	66	100	66	8	0	1	66	1	66	7.83e-26	95.7
tr|A0A144R1I9|A0A144R1I9_ENTCL	GCF_002291445.1_WP_048635885.1	71.212	66	66	100	66	19	0	1	66	1	66	8.62e-26	95.4
tr|A0A144R1I9|A0A144R1I9_ENTCL	GCF_000214235.1_WP_006318652.1	75.758	66	66	100	66	16	0	1	66	1	66	1.03e-25	95.4
tr|A0A144R1I9|A0A144R1I9_ENTCL	GCF_024347395.1_WP_017053999.1	59.016	66	67	92	61	25	0	5	65	7	67	1.07e-25	95.4
tr|A0A144R1I9|A0A144R1I9_ENTCL	GCF_004792415.1_WP_003852623.1	71.212	66	66	100	66	19	0	1	66	1	66	1.17e-25	95.2
tr|A0A144R1I9|A0A144R1I9_ENTCL	GCF_013234275.1_WP_172895487.1	80.303	66	66	100	66	13	0	1	66	1	66	1.18e-25	95.2
tr|A0A144R1I9|A0A144R1I9_ENTCL	GCF_024347075.1_WP_261874095.1	59.016	66	67	92	61	25	0	5	65	7	67	1.35e-25	95.2
tr|A0A144R1I9|A0A144R1I9_ENTCL	GCF_000222975.1_WP_002212152.1	75.758	66	66	100	66	16	0	1	66	1	66	1.36e-25	95.2
tr|A0A144R1I9|A0A144R1I9_ENTCL	GCF_019048385.1_WP_010254172.1	72.727	66	66	100	66	18	0	1	66	1	66	1.43e-25	94.9
tr|A0A144R1I9|A0A144R1I9_ENTCL	GCF_000006945.2_NP_459243.1	87.879	66	72	100	66	8	0	1	66	7	72	1.59e-25	94.9
tr|A0A144R1I9|A0A144R1I9_ENTCL	GCF_000224675.1_WP_006173580.1	96.970	66	66	100	66	2	0	1	66	1	66	1.59e-25	94.9
tr|A0A144R1I9|A0A144R1I9_ENTCL	GCF_009176645.1_WP_152083530.1	98.485	66	66	100	66	1	0	1	66	1	66	1.63e-25	94.9
tr|A0A144R1I9|A0A144R1I9_ENTCL	GCF_025133195.1_WP_004706681.1	74.242	66	67	100	66	17	0	1	66	1	66	1.67e-25	94.9
tr|A0A144R1I9|A0A144R1I9_ENTCL	GCF_000025065.1_WP_012883680.1	71.212	66	66	100	66	19	0	1	66	1	66	1.68e-25	94.9
tr|A0A144R1I9|A0A144R1I9_ENTCL	GCF_001750725.1_WP_014168721.1	98.485	66	66	100	66	1	0	1	66	1	66	1.69e-25	94.9
tr|A0A144R1I9|A0A144R1I9_ENTCL	GCF_001729805.1_WP_008501889.1	98.485	66	66	100	66	1	0	1	66	1	66	1.75e-25	94.9
tr|A0A144R1I9|A0A144R1I9_ENTCL	GCF_000834395.1_WP_004704314.1	72.727	66	66	100	66	18	0	1	66	1	66	1.75e-25	94.9
tr|A0A144R1I9|A0A144R1I9_ENTCL	GCF_001518835.1_WP_032616635.1	93.939	66	66	100	66	4	0	1	66	1	66	1.79e-25	94.9
tr|A0A144R1I9|A0A144R1I9_ENTCL	GCF_022637515.1_WP_064540227.1	83.333	66	66	100	66	11	0	1	66	1	66	1.80e-25	94.6
tr|A0A144R1I9|A0A144R1I9_ENTCL	GCF_017348915.1_WP_040077076.1	90.909	66	66	100	66	6	0	1	66	1	66	1.86e-25	94.6
tr|A0A144R1I9|A0A144R1I9_ENTCL	GCF_000147055.1_WP_013316770.1	69.697	66	66	100	66	20	0	1	66	1	66	1.94e-25	94.6
tr|A0A144R1I9|A0A144R1I9_ENTCL	GCF_003935895.2_WP_110510859.1	86.364	66	66	100	66	9	0	1	66	1	66	2.15e-25	94.6
tr|A0A144R1I9|A0A144R1I9_ENTCL	GCF_008364325.2_WP_041415645.1	74.242	66	66	100	66	17	0	1	66	1	66	2.17e-25	94.6
tr|A0A144R1I9|A0A144R1I9_ENTCL	GCF_019670485.1_WP_221067978.1	58.209	66	67	98	67	26	1	1	65	1	67	2.25e-25	94.6
tr|A0A144R1I9|A0A144R1I9_ENTCL	GCF_000023565.1_WP_012770817.1	69.697	66	66	100	66	20	0	1	66	1	66	2.33e-25	94.3
tr|A0A144R1I9|A0A144R1I9_ENTCL	GCF_001683395.1_WP_017458016.1	89.394	66	66	100	66	7	0	1	66	1	66	2.35e-25	94.3
tr|A0A144R1I9|A0A144R1I9_ENTCL	GCF_003516125.1_WP_007896683.1	81.818	66	66	100	66	12	0	1	66	1	66	2.40e-25	94.3
tr|A0A144R1I9|A0A144R1I9_ENTCL	GCF_002204915.1_WP_017420216.1	56.716	66	67	98	67	27	1	1	65	1	67	2.50e-25	94.3
tr|A0A144R1I9|A0A144R1I9_ENTCL	GCF_009601765.2_WP_153446342.1	59.016	66	67	92	61	25	0	5	65	7	67	2.60e-25	94.3
tr|A0A144R1I9|A0A144R1I9_ENTCL	GCF_009914055.1_WP_160619716.1	68.182	66	66	100	66	21	0	1	66	1	66	2.71e-25	94.3
tr|A0A144R1I9|A0A144R1I9_ENTCL	GCF_001658025.2_WP_007373244.1	90.909	66	66	100	66	6	0	1	66	1	66	2.91e-25	94.3
tr|A0A144R1I9|A0A144R1I9_ENTCL	GCF_017309605.1_WP_033652508.1	71.212	66	66	100	66	19	0	1	66	1	66	2.98e-25	94.3
tr|A0A144R1I9|A0A144R1I9_ENTCL	GCF_024346975.1_WP_021714761.1	57.377	66	67	92	61	26	0	5	65	7	67	3.00e-25	94.3
tr|A0A144R1I9|A0A144R1I9_ENTCL	GCF_001461805.1_WP_013367514.1	86.364	66	66	100	66	9	0	1	66	1	66	3.07e-25	94.0
tr|A0A144R1I9|A0A144R1I9_ENTCL	GCF_002101395.1_WP_165786514.1	69.697	66	66	100	66	20	0	1	66	1	66	3.10e-25	94.0
tr|A0A144R1I9|A0A144R1I9_ENTCL	GCF_001277255.1_WP_007666631.1	83.333	66	66	100	66	11	0	1	66	1	66	3.15e-25	94.0
tr|A0A144R1I9|A0A144R1I9_ENTCL	GCF_025946765.1_WP_264497927.1	65.152	66	67	100	66	23	0	1	66	1	66	4.06e-25	93.8
tr|A0A144R1I9|A0A144R1I9_ENTCL	GCF_900233005.1_WP_102522112.1	55.738	66	67	92	61	27	0	5	65	7	67	4.22e-25	93.8
tr|A0A144R1I9|A0A144R1I9_ENTCL	GCF_001277195.1_WP_038864664.1	83.333	66	66	100	66	11	0	1	66	1	66	4.47e-25	93.8
tr|A0A144R1I9|A0A144R1I9_ENTCL	GCF_024224615.1_WP_125293587.1	92.424	66	66	100	66	5	0	1	66	1	66	4.61e-25	93.8
tr|A0A144R1I9|A0A144R1I9_ENTCL	GCF_005484965.1_WP_009114128.1	69.697	66	66	100	66	20	0	1	66	1	66	4.72e-25	93.8
tr|A0A144R1I9|A0A144R1I9_ENTCL	GCF_001277235.1_WP_007718147.1	83.333	66	66	100	66	11	0	1	66	1	66	4.91e-25	93.8
tr|A0A144R1I9|A0A144R1I9_ENTCL	GCF_019048625.1_WP_003856146.1	93.939	66	66	100	66	4	0	1	66	1	66	5.07e-25	93.5
tr|A0A144R1I9|A0A144R1I9_ENTCL	GCF_021462285.1_WP_073970287.1	74.242	66	66	100	66	17	0	1	66	1	66	5.58e-25	93.5
tr|A0A144R1I9|A0A144R1I9_ENTCL	GCF_009648975.1_WP_002889429.1	89.394	66	66	100	66	7	0	1	66	1	66	5.76e-25	93.5
tr|A0A144R1I9|A0A144R1I9_ENTCL	GCF_024494545.1_WP_080175675.1	53.731	66	67	98	67	29	1	1	65	1	67	6.14e-25	93.5
tr|A0A144R1I9|A0A144R1I9_ENTCL	GCF_000740965.1_WP_039290563.1	68.182	66	66	100	66	21	0	1	66	1	66	6.19e-25	93.5
tr|A0A144R1I9|A0A144R1I9_ENTCL	GCF_016415705.1_WP_080936164.1	87.879	66	66	100	66	8	0	1	66	1	66	6.49e-25	93.2
tr|A0A144R1I9|A0A144R1I9_ENTCL	GCF_019890955.1_WP_021507470.1	71.212	66	66	100	66	19	0	1	66	1	66	6.92e-25	93.2
tr|A0A144R1I9|A0A144R1I9_ENTCL	GCF_001642805.2_WP_004931993.1	71.212	66	66	100	66	19	0	1	66	1	66	7.20e-25	93.2
tr|A0A144R1I9|A0A144R1I9_ENTCL	GCF_020342335.1_WP_071852482.1	71.212	66	66	100	66	19	0	1	66	1	66	7.31e-25	93.2
tr|A0A144R1I9|A0A144R1I9_ENTCL	GCF_026001925.1_WP_105903071.1	59.016	66	67	92	61	25	0	5	65	7	67	7.37e-25	93.2
tr|A0A144R1I9|A0A144R1I9_ENTCL	GCF_001558935.2_WP_042323658.1	87.879	66	66	100	66	8	0	1	66	1	66	7.49e-25	93.2
tr|A0A144R1I9|A0A144R1I9_ENTCL	GCF_019797845.1_WP_222158376.1	63.636	66	66	100	66	24	0	1	66	1	66	7.61e-25	93.2
tr|A0A144R1I9|A0A144R1I9_ENTCL	GCF_018128425.1_WP_042289831.1	87.879	66	66	100	66	8	0	1	66	1	66	7.98e-25	93.2
tr|A0A144R1I9|A0A144R1I9_ENTCL	GCF_011068345.1_WP_002436993.1	90.909	66	66	100	66	6	0	1	66	1	66	8.11e-25	93.2
tr|A0A144R1I9|A0A144R1I9_ENTCL	GCF_002218045.2_WP_089140529.1	54.098	66	67	92	61	28	0	5	65	7	67	9.43e-25	92.9
tr|A0A144R1I9|A0A144R1I9_ENTCL	GCF_022637475.1_WP_013574215.1	77.273	66	66	100	66	15	0	1	66	1	66	1.03e-24	92.9
tr|A0A144R1I9|A0A144R1I9_ENTCL	GCF_000023545.1_WP_015854636.1	69.697	66	66	100	66	20	0	1	66	1	66	1.03e-24	92.9
tr|A0A144R1I9|A0A144R1I9_ENTCL	GCF_019047765.1_WP_005132083.1	90.909	66	66	100	66	6	0	1	66	1	66	1.04e-24	92.9
tr|A0A144R1I9|A0A144R1I9_ENTCL	GCF_004124235.1_WP_004391680.1	72.727	66	66	100	66	18	0	1	66	1	66	1.10e-24	92.6
tr|A0A144R1I9|A0A144R1I9_ENTCL	GCF_024346795.1_WP_017029145.1	55.738	66	67	92	61	27	0	5	65	7	67	1.11e-24	92.6
tr|A0A144R1I9|A0A144R1I9_ENTCL	GCF_003515985.1_WP_085653100.1	68.182	66	66	100	66	21	0	1	66	1	66	1.11e-24	92.6
tr|A0A144R1I9|A0A144R1I9_ENTCL	GCF_004684345.1_WP_096758222.1	90.909	66	66	100	66	6	0	1	66	1	66	1.13e-24	92.6
tr|A0A144R1I9|A0A144R1I9_ENTCL	GCF_001277215.2_WP_004385445.1	81.818	66	66	100	66	12	0	1	66	1	66	1.18e-24	92.6
tr|A0A144R1I9|A0A144R1I9_ENTCL	GCF_021276285.1_WP_015696108.1	75.758	66	66	100	66	16	0	1	66	1	66	1.33e-24	92.6
tr|A0A144R1I9|A0A144R1I9_ENTCL	GCF_000018045.1_WP_012133967.1	90.909	66	66	100	66	6	0	1	66	1	66	1.33e-24	92.6
tr|A0A144R1I9|A0A144R1I9_ENTCL	GCF_000439255.1_WP_013991363.1	87.879	66	66	100	66	8	0	1	66	1	66	1.41e-24	92.4
tr|A0A144R1I9|A0A144R1I9_ENTCL	GCF_012029655.1_WP_041144146.1	87.879	66	66	100	66	8	0	1	66	1	66	1.50e-24	92.4
tr|A0A144R1I9|A0A144R1I9_ENTCL	GCF_022647505.1_WP_128179457.1	68.182	66	66	100	66	21	0	1	66	1	66	1.57e-24	92.4
tr|A0A144R1I9|A0A144R1I9_ENTCL	GCF_008693645.1_WP_024132476.1	89.394	66	66	100	66	7	0	1	66	1	66	1.59e-24	92.4
tr|A0A144R1I9|A0A144R1I9_ENTCL	GCF_000006925.2_NP_706135.1	86.364	66	72	100	66	9	0	1	66	7	72	1.70e-24	92.4
tr|A0A144R1I9|A0A144R1I9_ENTCL	GCF_023650915.1_WP_033905529.1	57.353	66	69	100	68	27	1	1	66	1	68	1.82e-24	92.4
tr|A0A144R1I9|A0A144R1I9_ENTCL	GCF_015999465.1_WP_085688157.1	71.212	66	66	100	66	19	0	1	66	1	66	1.85e-24	92.1
tr|A0A144R1I9|A0A144R1I9_ENTCL	GCF_000024825.1_WP_005391765.1	57.353	66	68	100	68	27	1	1	66	1	68	2.07e-24	92.1
tr|A0A144R1I9|A0A144R1I9_ENTCL	GCF_001022135.1_WP_039078450.1	89.394	66	66	100	66	7	0	1	66	1	66	2.07e-24	92.1
tr|A0A144R1I9|A0A144R1I9_ENTCL	GCF_002953195.1_WP_038628013.1	68.182	66	66	100	66	21	0	1	66	1	66	2.10e-24	92.1
tr|A0A144R1I9|A0A144R1I9_ENTCL	GCF_002257545.1_WP_010319078.1	55.882	66	68	100	68	28	1	1	66	1	68	2.15e-24	92.1
tr|A0A144R1I9|A0A144R1I9_ENTCL	GCF_007632255.1_WP_015368145.1	89.394	66	66	100	66	7	0	1	66	1	66	2.19e-24	92.1
tr|A0A144R1I9|A0A144R1I9_ENTCL	GCF_024347495.1_WP_137373540.1	52.459	66	67	92	61	29	0	5	65	7	67	2.30e-24	92.1
tr|A0A144R1I9|A0A144R1I9_ENTCL	GCF_005671395.1_WP_138095873.1	80.303	66	66	100	66	13	0	1	66	1	66	2.32e-24	91.8
tr|A0A144R1I9|A0A144R1I9_ENTCL	GCF_025758125.1_WP_023480353.1	84.848	66	66	100	66	10	0	1	66	1	66	2.41e-24	91.8
tr|A0A144R1I9|A0A144R1I9_ENTCL	GCF_900095885.1_WP_035340383.1	68.182	66	67	100	66	21	0	1	66	1	66	2.51e-24	91.8
tr|A0A144R1I9|A0A144R1I9_ENTCL	GCF_001558415.2_WP_020431399.1	55.224	66	67	98	67	28	1	1	65	1	67	2.82e-24	91.8
tr|A0A144R1I9|A0A144R1I9_ENTCL	GCF_900635955.1_WP_126357485.1	83.333	66	66	100	66	11	0	1	66	1	66	3.13e-24	91.5
tr|A0A144R1I9|A0A144R1I9_ENTCL	GCF_001277175.1_WP_007697550.1	80.303	66	66	100	66	13	0	1	66	1	66	3.53e-24	91.5
tr|A0A144R1I9|A0A144R1I9_ENTCL	GCF_010587385.1_WP_164647556.1	57.353	66	68	100	68	27	1	1	66	1	68	3.55e-24	91.5
tr|A0A144R1I9|A0A144R1I9_ENTCL	GCF_003019925.1_WP_043085884.1	87.879	66	66	100	66	8	0	1	66	1	66	3.59e-24	91.5
tr|A0A144R1I9|A0A144R1I9_ENTCL	GCF_024347035.1_WP_042488988.1	52.941	66	68	100	68	30	1	1	66	1	68	4.51e-24	91.2
tr|A0A144R1I9|A0A144R1I9_ENTCL	GCF_002393445.1_WP_008456963.1	83.333	66	66	100	66	11	0	1	66	1	66	4.85e-24	91.2
tr|A0A144R1I9|A0A144R1I9_ENTCL	GCF_003812925.1_WP_004107902.1	87.879	66	66	100	66	8	0	1	66	1	66	4.97e-24	90.9
tr|A0A144R1I9|A0A144R1I9_ENTCL	GCF_019977755.1_WP_101113434.1	58.065	66	68	94	62	26	0	5	66	7	68	5.68e-24	90.9
tr|A0A144R1I9|A0A144R1I9_ENTCL	GCF_014879975.1_WP_192889240.1	52.459	66	67	92	61	29	0	5	65	7	67	6.06e-24	90.9
tr|A0A144R1I9|A0A144R1I9_ENTCL	GCF_022637595.1_WP_004858155.1	87.879	66	66	100	66	8	0	1	66	1	66	6.56e-24	90.7
tr|A0A144R1I9|A0A144R1I9_ENTCL	GCF_011617105.1_WP_008814496.1	70.769	66	66	98	65	19	0	1	65	1	65	6.67e-24	90.7
tr|A0A144R1I9|A0A144R1I9_ENTCL	GCF_002021755.1_WP_005529380.1	57.353	66	68	100	68	27	1	1	66	1	68	6.71e-24	90.7
tr|A0A144R1I9|A0A144R1I9_ENTCL	GCF_015139575.1_WP_004098778.1	87.879	66	66	100	66	8	0	1	66	1	66	7.51e-24	90.7
tr|A0A144R1I9|A0A144R1I9_ENTCL	GCF_021172065.1_WP_015965826.1	87.879	66	66	100	66	8	0	1	66	1	66	7.63e-24	90.7
tr|A0A144R1I9|A0A144R1I9_ENTCL	GCF_023195735.1_WP_035891979.1	86.364	66	66	100	66	9	0	1	66	1	66	8.46e-24	90.4
tr|A0A144R1I9|A0A144R1I9_ENTCL	GCF_000005845.2_YP_026160.1	87.879	66	66	100	66	8	0	1	66	1	66	1.06e-23	90.1
tr|A0A144R1I9|A0A144R1I9_ENTCL	GCF_024347095.1_WP_038182092.1	58.065	66	69	94	62	26	0	5	66	7	68	1.28e-23	90.1
tr|A0A144R1I9|A0A144R1I9_ENTCL	GCF_003261575.2_WP_110272452.1	84.848	66	66	100	66	10	0	1	66	1	66	1.31e-23	90.1
tr|A0A144R1I9|A0A144R1I9_ENTCL	GCF_000233595.1_WP_014606545.1	69.697	66	66	100	66	20	0	1	66	1	66	1.40e-23	89.8
tr|A0A144R1I9|A0A144R1I9_ENTCL	GCF_011064285.1_WP_165310536.1	52.941	66	68	100	68	30	1	1	66	1	68	1.69e-23	89.8
tr|A0A144R1I9|A0A144R1I9_ENTCL	GCF_024346875.1_WP_261816828.1	57.377	66	67	92	61	26	0	5	65	7	67	1.73e-23	89.8
tr|A0A144R1I9|A0A144R1I9_ENTCL	GCF_025914095.1_WP_031518415.1	81.818	66	66	100	66	12	0	1	66	1	66	2.30e-23	89.3
tr|A0A144R1I9|A0A144R1I9_ENTCL	GCF_009938225.1_WP_075651756.1	57.377	66	67	92	61	26	0	5	65	7	67	2.41e-23	89.3
tr|A0A144R1I9|A0A144R1I9_ENTCL	GCF_002214395.1_WP_010449800.1	56.716	66	67	98	67	27	1	1	65	1	67	2.81e-23	89.3
tr|A0A144R1I9|A0A144R1I9_ENTCL	GCF_024347115.1_WP_077332807.1	56.452	66	69	94	62	27	0	5	66	7	68	2.90e-23	89.3
tr|A0A144R1I9|A0A144R1I9_ENTCL	GCF_009938185.1_WP_162047597.1	55.738	66	67	92	61	27	0	5	65	7	67	3.57e-23	89.0
tr|A0A144R1I9|A0A144R1I9_ENTCL	GCF_000772105.1_WP_004742991.1	52.941	66	68	100	68	30	1	1	66	1	68	3.74e-23	89.0
tr|A0A144R1I9|A0A144R1I9_ENTCL	GCF_000770115.1_WP_005446221.1	54.412	66	68	100	68	29	1	1	66	1	68	4.05e-23	88.7
tr|A0A144R1I9|A0A144R1I9_ENTCL	GCF_000196495.1_WP_023603694.1	52.459	66	68	92	61	29	0	5	65	7	67	4.21e-23	88.7
tr|A0A144R1I9|A0A144R1I9_ENTCL	GCF_000262305.1_WP_034920208.1	77.273	66	66	100	66	15	0	1	66	1	66	7.01e-23	88.1
tr|A0A144R1I9|A0A144R1I9_ENTCL	GCF_024346955.1_WP_087479854.1	54.839	66	68	94	62	28	0	5	66	7	68	9.25e-23	87.8
tr|A0A144R1I9|A0A144R1I9_ENTCL	GCF_024346755.1_WP_073603885.1	58.065	66	68	94	62	26	0	5	66	7	68	9.25e-23	87.8
tr|A0A144R1I9|A0A144R1I9_ENTCL	GCF_009649915.1_WP_062772226.1	86.364	66	66	100	66	9	0	1	66	1	66	9.71e-23	87.8
tr|A0A144R1I9|A0A144R1I9_ENTCL	GCF_000940995.1_WP_039458213.1	54.098	66	68	92	61	28	0	5	65	7	67	1.08e-22	87.6
tr|A0A144R1I9|A0A144R1I9_ENTCL	GCF_024346995.1_WP_077312147.1	55.224	66	68	98	67	28	1	1	65	1	67	1.09e-22	87.6
tr|A0A144R1I9|A0A144R1I9_ENTCL	GCF_019703835.1_WP_087022950.1	52.459	66	67	92	61	29	0	5	65	7	67	1.17e-22	87.6
tr|A0A144R1I9|A0A144R1I9_ENTCL	GCF_002196515.1_WP_021020922.1	54.839	66	68	94	62	28	0	5	66	7	68	1.41e-22	87.3
tr|A0A144R1I9|A0A144R1I9_ENTCL	GCF_024346675.1_WP_094955825.1	57.377	66	67	92	61	26	0	5	65	7	67	1.59e-22	87.3
tr|A0A144R1I9|A0A144R1I9_ENTCL	GCF_006711645.1_WP_100682483.1	86.364	66	66	100	66	9	0	1	66	1	66	1.65e-22	87.3
tr|A0A144R1I9|A0A144R1I9_ENTCL	GCF_024346715.1_WP_048899954.1	57.377	66	67	92	61	26	0	5	65	7	67	1.73e-22	87.3
tr|A0A144R1I9|A0A144R1I9_ENTCL	GCF_009938205.1_WP_075706335.1	57.377	66	67	92	61	26	0	5	65	7	67	3.35e-22	86.4
tr|A0A144R1I9|A0A144R1I9_ENTCL	GCF_017329545.1_WP_047883162.1	52.459	66	68	92	61	29	0	5	65	7	67	4.19e-22	86.2
tr|A0A144R1I9|A0A144R1I9_ENTCL	GCF_002887615.1_WP_038864665.1	55.882	66	68	100	68	28	1	1	66	1	68	4.91e-22	86.2
tr|A0A144R1I9|A0A144R1I9_ENTCL	GCF_020079945.1_WP_071669043.1	63.636	66	66	100	66	24	0	1	66	1	66	5.03e-22	85.9
tr|A0A144R1I9|A0A144R1I9_ENTCL	GCF_003096015.2_WP_108901554.1	69.697	66	66	100	66	20	0	1	66	1	66	6.81e-22	85.6
tr|A0A144R1I9|A0A144R1I9_ENTCL	GCF_009363415.1_WP_152429752.1	55.738	66	68	92	61	27	0	5	65	7	67	6.91e-22	85.6
tr|A0A144R1I9|A0A144R1I9_ENTCL	GCF_024347675.1_WP_261834940.1	59.016	66	67	92	61	25	0	5	65	7	67	7.55e-22	85.6
tr|A0A144R1I9|A0A144R1I9_ENTCL	GCF_900638655.1_WP_047781752.1	72.727	66	66	100	66	18	0	1	66	1	66	8.44e-22	85.3
tr|A0A144R1I9|A0A144R1I9_ENTCL	GCF_001547935.1_WP_068714408.1	54.412	66	68	100	68	29	1	1	66	1	68	1.08e-21	85.0
tr|A0A144R1I9|A0A144R1I9_ENTCL	GCF_020991025.1_WP_010864509.1	61.290	66	66	94	62	24	0	1	62	1	62	1.48e-21	84.8
tr|A0A144R1I9|A0A144R1I9_ENTCL	GCF_003074995.2_WP_012847630.1	71.212	66	66	100	66	19	0	1	66	1	66	1.71e-21	84.5
tr|A0A144R1I9|A0A144R1I9_ENTCL	GCF_001558255.2_WP_005506875.1	55.738	66	68	92	61	27	0	5	65	7	67	2.67e-21	84.2
tr|A0A144R1I9|A0A144R1I9_ENTCL	GCF_000264765.2_WP_034163238.1	71.212	66	66	100	66	19	0	1	66	1	66	3.37e-21	83.9
tr|A0A144R1I9|A0A144R1I9_ENTCL	GCF_024347055.1_WP_261893211.1	55.882	66	68	100	68	28	1	1	66	1	68	3.39e-21	83.9
tr|A0A144R1I9|A0A144R1I9_ENTCL	GCF_002504285.1_WP_005282993.1	71.212	66	66	100	66	19	0	1	66	1	66	3.53e-21	83.9
tr|A0A144R1I9|A0A144R1I9_ENTCL	GCF_005280275.1_WP_069363555.1	59.016	66	67	92	61	25	0	5	65	7	67	4.70e-21	83.6
tr|A0A144R1I9|A0A144R1I9_ENTCL	GCF_027286365.1_WP_069588633.1	65.574	66	67	92	61	21	0	5	65	7	67	5.64e-21	83.3
tr|A0A144R1I9|A0A144R1I9_ENTCL	GCF_900478135.1_WP_111739360.1	63.636	66	66	100	66	24	0	1	66	1	66	8.13e-21	82.8
tr|A0A144R1I9|A0A144R1I9_ENTCL	GCF_001456255.1_WP_014232780.1	54.412	66	68	100	68	29	1	1	66	1	68	8.66e-21	82.8
tr|A0A144R1I9|A0A144R1I9_ENTCL	GCF_023195835.1_WP_039478024.1	54.412	66	68	100	68	29	1	1	66	1	68	1.30e-20	82.5
tr|A0A144R1I9|A0A144R1I9_ENTCL	GCF_008931805.1_WP_196805522.1	53.846	66	65	98	65	30	0	1	65	1	65	1.39e-20	82.2
tr|A0A144R1I9|A0A144R1I9_ENTCL	GCF_006364355.1_WP_004729231.1	53.731	66	67	98	67	29	1	1	65	1	67	2.03e-20	81.9
tr|A0A144R1I9|A0A144R1I9_ENTCL	GCF_003716875.1_WP_123016570.1	59.016	66	69	92	61	25	0	5	65	7	67	4.14e-20	81.1
tr|A0A144R1I9|A0A144R1I9_ENTCL	GCF_011745665.1_WP_166916350.1	65.574	66	63	92	61	21	0	4	64	2	62	5.16e-20	80.8
tr|A0A144R1I9|A0A144R1I9_ENTCL	GCF_011044475.1_WP_033740323.1	66.667	66	66	100	66	22	0	1	66	1	66	6.32e-20	80.5
tr|A0A144R1I9|A0A144R1I9_ENTCL	GCF_000599985.1_WP_025315221.1	60.938	66	66	97	64	25	0	1	64	1	64	1.09e-19	80.0
tr|A0A144R1I9|A0A144R1I9_ENTCL	GCF_024347455.1_WP_017072685.1	52.459	66	67	92	61	29	0	5	65	7	67	2.52e-19	79.1
tr|A0A144R1I9|A0A144R1I9_ENTCL	GCF_900465055.1_WP_112718222.1	50.769	66	67	98	65	32	0	1	65	3	67	3.33e-19	78.8
tr|A0A144R1I9|A0A144R1I9_ENTCL	GCF_000015285.1_WP_011770537.1	48.485	66	66	100	66	34	0	1	66	1	66	3.44e-19	78.8
tr|A0A144R1I9|A0A144R1I9_ENTCL	GCF_024582835.1_WP_257083719.1	58.209	66	67	98	67	26	1	1	65	1	67	3.60e-19	78.8
tr|A0A144R1I9|A0A144R1I9_ENTCL	GCF_019226825.1_WP_218562206.1	52.239	66	67	98	67	30	1	1	65	1	67	5.90e-19	78.3
tr|A0A144R1I9|A0A144R1I9_ENTCL	GCF_014083925.1_WP_074374154.1	56.452	66	69	94	62	27	0	5	66	7	68	8.70e-19	77.7
tr|A0A144R1I9|A0A144R1I9_ENTCL	GCF_000091465.1_WP_009847436.1	52.459	66	67	92	61	29	0	5	65	7	67	8.99e-19	77.7
tr|A0A144R1I9|A0A144R1I9_ENTCL	GCF_022371215.1_WP_008222923.1	54.098	66	67	92	61	28	0	5	65	7	67	1.84e-18	76.9
tr|A0A144R1I9|A0A144R1I9_ENTCL	GCF_024347475.1_WP_261903044.1	54.098	66	67	92	61	28	0	5	65	7	67	2.02e-18	76.9
tr|A0A144R1I9|A0A144R1I9_ENTCL	GCF_024347295.1_WP_017086219.1	52.459	66	67	92	61	29	0	5	65	7	67	2.09e-18	76.9
tr|A0A144R1I9|A0A144R1I9_ENTCL	GCF_000023065.1_WP_015878480.1	53.968	66	69	95	63	29	0	4	66	6	68	3.13e-18	76.3
tr|A0A144R1I9|A0A144R1I9_ENTCL	GCF_005144905.1_WP_016767591.1	52.459	66	67	92	61	29	0	5	65	7	67	3.73e-18	76.0
tr|A0A144R1I9|A0A144R1I9_ENTCL	GCF_024362845.1_WP_032551682.1	54.098	66	67	92	61	28	0	5	65	7	67	4.27e-18	76.0
tr|A0A144R1I9|A0A144R1I9_ENTCL	GCF_024347355.1_WP_137407914.1	54.098	66	67	92	61	28	0	5	65	7	67	5.46e-18	75.8
tr|A0A144R1I9|A0A144R1I9_ENTCL	GCF_014892695.1_WP_193004054.1	54.098	66	68	92	61	28	0	5	65	7	67	5.96e-18	75.8
tr|A0A144R1I9|A0A144R1I9_ENTCL	GCF_024347635.1_WP_139684079.1	54.098	66	67	92	61	28	0	5	65	7	67	6.15e-18	75.5
tr|A0A144R1I9|A0A144R1I9_ENTCL	GCF_016026875.1_WP_005301307.1	52.308	66	68	98	65	31	0	1	65	3	67	9.83e-18	75.2
tr|A0A144R1I9|A0A144R1I9_ENTCL	GCF_016127195.1_WP_005352334.1	54.098	66	68	92	61	28	0	5	65	7	67	1.43e-17	74.6
tr|A0A144R1I9|A0A144R1I9_ENTCL	GCF_016026615.1_WP_005345813.1	50.769	66	68	98	65	32	0	1	65	3	67	1.57e-17	74.6
tr|A0A144R1I9|A0A144R1I9_ENTCL	GCF_014169735.1_WP_010674629.1	52.308	66	68	98	65	31	0	1	65	3	67	1.71e-17	74.3
tr|A0A144R1I9|A0A144R1I9_ENTCL	GCF_008369605.1_WP_000870111.1	57.377	66	67	92	61	26	0	5	65	7	67	1.72e-17	74.3
tr|A0A144R1I9|A0A144R1I9_ENTCL	GCF_008693705.1_WP_005336882.1	54.098	66	68	92	61	28	0	5	65	7	67	1.95e-17	74.3
tr|A0A144R1I9|A0A144R1I9_ENTCL	GCF_003015165.1_WP_005324956.1	50.769	66	68	98	65	32	0	1	65	3	67	2.85e-17	73.8
tr|A0A144R1I9|A0A144R1I9_ENTCL	GCF_900637545.1_WP_042653731.1	49.231	66	68	98	65	33	0	1	65	3	67	5.60e-17	73.2
tr|A0A144R1I9|A0A144R1I9_ENTCL	GCF_028355655.1_WP_005311233.1	50.769	66	68	98	65	32	0	1	65	3	67	6.84e-17	72.9
tr|A0A144R1I9|A0A144R1I9_ENTCL	GCF_020149575.1_WP_005908580.1	49.231	66	68	98	65	33	0	1	65	3	67	6.84e-17	72.9
tr|A0A144R1I9|A0A144R1I9_ENTCL	GCF_001995825.2_WP_060468344.1	54.098	66	67	92	61	28	0	5	65	7	67	8.15e-17	72.7
tr|A0A144R1I9|A0A144R1I9_ENTCL	GCF_900465055.1_WP_232011695.1	50.000	66	41	55	36	18	0	1	36	3	38	1.50e-09	53.8

Search has CONVERGED!
# BLAST processed 2 queries
