# PSIBLAST 2.12.0+
# Iteration: 1
# Query: tr|A0A332ZKC8|A0A332ZKC8_KLEPN UPF0253 protein NCTC9140_02042 OS=Klebsiella pneumoniae OX=573 GN=yaeP PE=3 SV=1
# Database: /home/t19045mi/projects/psiblast_ver2/db/chosen-bacteria_proteome_exDup
# Fields: query id, subject id, % identity, query length, subject length, % query coverage per subject, alignment length, mismatches, gap opens, q. start, q. end, s. start, s. end, evalue, bit score
# 196 hits found
tr|A0A332ZKC8|A0A332ZKC8_KLEPN	GCF_009648975.1_WP_002889429.1	98.485	66	66	100	66	1	0	1	66	1	66	6.26e-40	131
tr|A0A332ZKC8|A0A332ZKC8_KLEPN	GCF_016415705.1_WP_080936164.1	96.970	66	66	100	66	2	0	1	66	1	66	2.62e-39	130
tr|A0A332ZKC8|A0A332ZKC8_KLEPN	GCF_007632255.1_WP_015368145.1	93.939	66	66	100	66	4	0	1	66	1	66	2.30e-38	127
tr|A0A332ZKC8|A0A332ZKC8_KLEPN	GCF_012029655.1_WP_041144146.1	95.455	66	66	100	66	3	0	1	66	1	66	2.85e-38	127
tr|A0A332ZKC8|A0A332ZKC8_KLEPN	GCF_015139575.1_WP_004098778.1	92.424	66	66	100	66	5	0	1	66	1	66	1.61e-37	125
tr|A0A332ZKC8|A0A332ZKC8_KLEPN	GCF_022637595.1_WP_004858155.1	95.455	66	66	100	66	3	0	1	66	1	66	2.20e-37	125
tr|A0A332ZKC8|A0A332ZKC8_KLEPN	GCF_021172065.1_WP_015965826.1	90.909	66	66	100	66	6	0	1	66	1	66	3.07e-37	124
tr|A0A332ZKC8|A0A332ZKC8_KLEPN	GCF_001558935.2_WP_042323658.1	93.939	66	66	100	66	4	0	1	66	1	66	3.14e-37	124
tr|A0A332ZKC8|A0A332ZKC8_KLEPN	GCF_024224615.1_WP_125293587.1	90.909	66	66	100	66	6	0	1	66	1	66	4.53e-37	124
tr|A0A332ZKC8|A0A332ZKC8_KLEPN	GCF_000018045.1_WP_012133967.1	90.909	66	66	100	66	6	0	1	66	1	66	5.70e-37	124
tr|A0A332ZKC8|A0A332ZKC8_KLEPN	GCF_003812925.1_WP_004107902.1	90.909	66	66	100	66	6	0	1	66	1	66	6.95e-37	123
tr|A0A332ZKC8|A0A332ZKC8_KLEPN	GCF_019047765.1_WP_005132083.1	90.909	66	66	100	66	6	0	1	66	1	66	7.83e-37	123
tr|A0A332ZKC8|A0A332ZKC8_KLEPN	GCF_001750725.1_WP_014168721.1	89.394	66	66	100	66	7	0	1	66	1	66	7.90e-37	123
tr|A0A332ZKC8|A0A332ZKC8_KLEPN	GCF_008693645.1_WP_024132476.1	90.909	66	66	100	66	6	0	1	66	1	66	1.13e-36	123
tr|A0A332ZKC8|A0A332ZKC8_KLEPN	GCF_003261575.2_WP_110272452.1	92.424	66	66	100	66	5	0	1	66	1	66	1.43e-36	123
tr|A0A332ZKC8|A0A332ZKC8_KLEPN	GCF_001518835.1_WP_032616635.1	89.394	66	66	100	66	7	0	1	66	1	66	1.48e-36	123
tr|A0A332ZKC8|A0A332ZKC8_KLEPN	GCF_000439255.1_WP_013991363.1	89.394	66	66	100	66	7	0	1	66	1	66	1.88e-36	122
tr|A0A332ZKC8|A0A332ZKC8_KLEPN	GCF_011068345.1_WP_002436993.1	89.394	66	66	100	66	7	0	1	66	1	66	2.07e-36	122
tr|A0A332ZKC8|A0A332ZKC8_KLEPN	GCF_000224675.1_WP_006173580.1	89.394	66	66	100	66	7	0	1	66	1	66	2.10e-36	122
tr|A0A332ZKC8|A0A332ZKC8_KLEPN	GCF_000005845.2_YP_026160.1	89.394	66	66	100	66	7	0	1	66	1	66	3.30e-36	122
tr|A0A332ZKC8|A0A332ZKC8_KLEPN	GCF_017348915.1_WP_040077076.1	89.394	66	66	100	66	7	0	1	66	1	66	3.33e-36	122
tr|A0A332ZKC8|A0A332ZKC8_KLEPN	GCF_001729805.1_WP_008501889.1	87.879	66	66	100	66	8	0	1	66	1	66	3.52e-36	121
tr|A0A332ZKC8|A0A332ZKC8_KLEPN	GCF_003812345.1_WP_003018499.1	90.909	66	66	100	66	6	0	1	66	1	66	3.58e-36	121
tr|A0A332ZKC8|A0A332ZKC8_KLEPN	GCF_001658025.2_WP_007373244.1	87.879	66	66	100	66	8	0	1	66	1	66	3.58e-36	121
tr|A0A332ZKC8|A0A332ZKC8_KLEPN	GCF_006711645.1_WP_100682483.1	93.939	66	66	100	66	4	0	1	66	1	66	4.06e-36	121
tr|A0A332ZKC8|A0A332ZKC8_KLEPN	GCF_004684345.1_WP_096758222.1	89.394	66	66	100	66	7	0	1	66	1	66	4.92e-36	121
tr|A0A332ZKC8|A0A332ZKC8_KLEPN	GCF_001277235.1_WP_007718147.1	84.848	66	66	100	66	10	0	1	66	1	66	6.34e-36	121
tr|A0A332ZKC8|A0A332ZKC8_KLEPN	GCF_000006945.2_NP_459243.1	87.879	66	72	100	66	8	0	1	66	7	72	8.12e-36	121
tr|A0A332ZKC8|A0A332ZKC8_KLEPN	GCF_001683395.1_WP_017458016.1	86.364	66	66	100	66	9	0	1	66	1	66	9.00e-36	121
tr|A0A332ZKC8|A0A332ZKC8_KLEPN	GCF_004353845.1_WP_048214883.1	89.394	66	66	100	66	7	0	1	66	1	66	9.66e-36	120
tr|A0A332ZKC8|A0A332ZKC8_KLEPN	GCF_003935895.2_WP_110510859.1	86.364	66	66	100	66	9	0	1	66	1	66	9.90e-36	120
tr|A0A332ZKC8|A0A332ZKC8_KLEPN	GCF_009176645.1_WP_152083530.1	87.879	66	66	100	66	8	0	1	66	1	66	9.98e-36	120
tr|A0A332ZKC8|A0A332ZKC8_KLEPN	GCF_001022135.1_WP_039078450.1	87.879	66	66	100	66	8	0	1	66	1	66	1.14e-35	120
tr|A0A332ZKC8|A0A332ZKC8_KLEPN	GCF_025758125.1_WP_023480353.1	86.364	66	66	100	66	9	0	1	66	1	66	1.40e-35	120
tr|A0A332ZKC8|A0A332ZKC8_KLEPN	GCF_001277195.1_WP_038864664.1	84.848	66	66	100	66	10	0	1	66	1	66	1.78e-35	120
tr|A0A332ZKC8|A0A332ZKC8_KLEPN	GCF_019048625.1_WP_003856146.1	86.364	66	66	100	66	9	0	1	66	1	66	2.19e-35	120
tr|A0A332ZKC8|A0A332ZKC8_KLEPN	GCF_000006925.2_NP_706135.1	87.879	66	72	100	66	8	0	1	66	7	72	2.36e-35	120
tr|A0A332ZKC8|A0A332ZKC8_KLEPN	GCF_018128425.1_WP_042289831.1	87.879	66	66	100	66	8	0	1	66	1	66	3.13e-35	119
tr|A0A332ZKC8|A0A332ZKC8_KLEPN	GCF_001461805.1_WP_013367514.1	86.364	66	66	100	66	9	0	1	66	1	66	4.14e-35	119
tr|A0A332ZKC8|A0A332ZKC8_KLEPN	GCF_001277215.2_WP_004385445.1	83.333	66	66	100	66	11	0	1	66	1	66	8.95e-35	118
tr|A0A332ZKC8|A0A332ZKC8_KLEPN	GCF_001277255.1_WP_007666631.1	84.848	66	66	100	66	10	0	1	66	1	66	1.01e-34	118
tr|A0A332ZKC8|A0A332ZKC8_KLEPN	GCF_009649915.1_WP_062772226.1	87.879	66	66	100	66	8	0	1	66	1	66	1.10e-34	118
tr|A0A332ZKC8|A0A332ZKC8_KLEPN	GCF_003019925.1_WP_043085884.1	83.333	66	66	100	66	11	0	1	66	1	66	1.82e-34	117
tr|A0A332ZKC8|A0A332ZKC8_KLEPN	GCF_002393445.1_WP_008456963.1	83.333	66	66	100	66	11	0	1	66	1	66	1.97e-34	117
tr|A0A332ZKC8|A0A332ZKC8_KLEPN	GCF_022637515.1_WP_064540227.1	83.333	66	66	100	66	11	0	1	66	1	66	2.13e-34	117
tr|A0A332ZKC8|A0A332ZKC8_KLEPN	GCF_003516125.1_WP_007896683.1	81.818	66	66	100	66	12	0	1	66	1	66	2.36e-34	117
tr|A0A332ZKC8|A0A332ZKC8_KLEPN	GCF_023195735.1_WP_035891979.1	84.848	66	66	100	66	10	0	1	66	1	66	2.56e-34	117
tr|A0A332ZKC8|A0A332ZKC8_KLEPN	GCF_900635955.1_WP_126357485.1	83.333	66	66	100	66	11	0	1	66	1	66	8.84e-34	116
tr|A0A332ZKC8|A0A332ZKC8_KLEPN	GCF_013234275.1_WP_172895487.1	80.303	66	66	100	66	13	0	1	66	1	66	2.24e-33	114
tr|A0A332ZKC8|A0A332ZKC8_KLEPN	GCF_025914095.1_WP_031518415.1	80.303	66	66	100	66	13	0	1	66	1	66	3.44e-33	114
tr|A0A332ZKC8|A0A332ZKC8_KLEPN	GCF_001277175.1_WP_007697550.1	81.818	66	66	100	66	12	0	1	66	1	66	3.61e-33	114
tr|A0A332ZKC8|A0A332ZKC8_KLEPN	GCF_005671395.1_WP_138095873.1	80.303	66	66	100	66	13	0	1	66	1	66	1.71e-32	112
tr|A0A332ZKC8|A0A332ZKC8_KLEPN	GCF_000262305.1_WP_034920208.1	75.758	66	66	100	66	16	0	1	66	1	66	1.21e-31	110
tr|A0A332ZKC8|A0A332ZKC8_KLEPN	GCF_020342335.1_WP_071852482.1	77.273	66	66	100	66	15	0	1	66	1	66	1.05e-30	108
tr|A0A332ZKC8|A0A332ZKC8_KLEPN	GCF_005484945.1_WP_137712818.1	77.273	66	66	100	66	15	0	1	66	1	66	1.13e-30	108
tr|A0A332ZKC8|A0A332ZKC8_KLEPN	GCF_001742185.1_WP_015731006.1	77.273	66	66	100	66	15	0	1	66	1	66	3.06e-30	107
tr|A0A332ZKC8|A0A332ZKC8_KLEPN	GCF_022637475.1_WP_013574215.1	74.242	66	66	100	66	17	0	1	66	1	66	8.46e-30	105
tr|A0A332ZKC8|A0A332ZKC8_KLEPN	GCF_002288545.1_WP_010285748.1	75.758	66	66	100	66	16	0	1	66	1	66	1.17e-29	105
tr|A0A332ZKC8|A0A332ZKC8_KLEPN	GCF_017498685.1_WP_004719628.1	74.242	66	66	100	66	17	0	1	66	1	66	1.27e-29	105
tr|A0A332ZKC8|A0A332ZKC8_KLEPN	GCF_002291445.1_WP_048635885.1	75.758	66	66	100	66	16	0	1	66	1	66	1.57e-29	105
tr|A0A332ZKC8|A0A332ZKC8_KLEPN	GCF_021276285.1_WP_015696108.1	72.727	66	66	100	66	18	0	1	66	1	66	2.88e-29	104
tr|A0A332ZKC8|A0A332ZKC8_KLEPN	GCF_021365465.1_WP_016190320.1	69.697	66	66	100	66	20	0	1	66	1	66	5.02e-29	103
tr|A0A332ZKC8|A0A332ZKC8_KLEPN	GCF_017569925.1_WP_208228064.1	75.758	66	66	100	66	16	0	1	66	1	66	5.06e-29	103
tr|A0A332ZKC8|A0A332ZKC8_KLEPN	GCF_000214235.1_WP_006318652.1	72.727	66	66	100	66	18	0	1	66	1	66	5.39e-29	103
tr|A0A332ZKC8|A0A332ZKC8_KLEPN	GCF_000740965.1_WP_039290563.1	74.242	66	66	100	66	17	0	1	66	1	66	7.90e-29	103
tr|A0A332ZKC8|A0A332ZKC8_KLEPN	GCF_004792415.1_WP_003852623.1	71.212	66	66	100	66	19	0	1	66	1	66	1.03e-28	103
tr|A0A332ZKC8|A0A332ZKC8_KLEPN	GCF_019890955.1_WP_021507470.1	71.212	66	66	100	66	19	0	1	66	1	66	1.32e-28	102
tr|A0A332ZKC8|A0A332ZKC8_KLEPN	GCF_002101395.1_WP_165786514.1	69.697	66	66	100	66	20	0	1	66	1	66	1.37e-28	102
tr|A0A332ZKC8|A0A332ZKC8_KLEPN	GCF_000222975.1_WP_002212152.1	72.727	66	66	100	66	18	0	1	66	1	66	1.50e-28	102
tr|A0A332ZKC8|A0A332ZKC8_KLEPN	GCF_019048385.1_WP_010254172.1	69.697	66	66	100	66	20	0	1	66	1	66	1.67e-28	102
tr|A0A332ZKC8|A0A332ZKC8_KLEPN	GCF_020683125.1_WP_133842176.1	69.697	66	67	100	66	20	0	1	66	1	66	1.72e-28	102
tr|A0A332ZKC8|A0A332ZKC8_KLEPN	GCF_000023545.1_WP_015854636.1	74.242	66	66	100	66	17	0	1	66	1	66	2.13e-28	102
tr|A0A332ZKC8|A0A332ZKC8_KLEPN	GCF_002953195.1_WP_038628013.1	68.182	66	66	100	66	21	0	1	66	1	66	2.42e-28	102
tr|A0A332ZKC8|A0A332ZKC8_KLEPN	GCF_022647325.1_WP_111140598.1	69.697	66	66	100	66	20	0	1	66	1	66	2.60e-28	102
tr|A0A332ZKC8|A0A332ZKC8_KLEPN	GCF_000196615.1_WP_071822098.1	68.182	66	66	100	66	21	0	1	66	1	66	2.75e-28	102
tr|A0A332ZKC8|A0A332ZKC8_KLEPN	GCF_000023565.1_WP_012770817.1	72.727	66	66	100	66	18	0	1	66	1	66	3.63e-28	101
tr|A0A332ZKC8|A0A332ZKC8_KLEPN	GCF_021462285.1_WP_073970287.1	71.212	66	66	100	66	19	0	1	66	1	66	3.90e-28	101
tr|A0A332ZKC8|A0A332ZKC8_KLEPN	GCF_000025065.1_WP_012883680.1	74.242	66	66	100	66	17	0	1	66	1	66	5.28e-28	101
tr|A0A332ZKC8|A0A332ZKC8_KLEPN	GCF_008364325.2_WP_041415645.1	71.212	66	66	100	66	19	0	1	66	1	66	5.49e-28	101
tr|A0A332ZKC8|A0A332ZKC8_KLEPN	GCF_900638135.1_WP_012146467.1	69.697	66	66	100	66	20	0	1	66	1	66	5.90e-28	101
tr|A0A332ZKC8|A0A332ZKC8_KLEPN	GCF_009730055.1_WP_005185672.1	69.697	66	66	100	66	20	0	1	66	1	66	8.37e-28	100
tr|A0A332ZKC8|A0A332ZKC8_KLEPN	GCF_011617105.1_WP_008814496.1	73.438	66	66	97	64	17	0	1	64	1	64	9.36e-28	100
tr|A0A332ZKC8|A0A332ZKC8_KLEPN	GCF_000834395.1_WP_004704314.1	69.697	66	66	100	66	20	0	1	66	1	66	9.36e-28	100
tr|A0A332ZKC8|A0A332ZKC8_KLEPN	GCF_000233595.1_WP_014606545.1	69.697	66	66	100	66	20	0	1	66	1	66	9.36e-28	100
tr|A0A332ZKC8|A0A332ZKC8_KLEPN	GCF_000147055.1_WP_013316770.1	72.727	66	66	100	66	18	0	1	66	1	66	1.21e-27	100
tr|A0A332ZKC8|A0A332ZKC8_KLEPN	GCF_025133195.1_WP_004706681.1	71.212	66	67	100	66	19	0	1	66	1	66	1.50e-27	100
tr|A0A332ZKC8|A0A332ZKC8_KLEPN	GCF_004124235.1_WP_004391680.1	69.697	66	66	100	66	20	0	1	66	1	66	1.51e-27	100
tr|A0A332ZKC8|A0A332ZKC8_KLEPN	GCF_009914055.1_WP_160619716.1	66.667	66	66	100	66	22	0	1	66	1	66	1.52e-27	100
tr|A0A332ZKC8|A0A332ZKC8_KLEPN	GCF_001642805.2_WP_004931993.1	68.182	66	66	100	66	21	0	1	66	1	66	1.59e-27	100
tr|A0A332ZKC8|A0A332ZKC8_KLEPN	GCF_019844095.1_WP_062747067.1	68.182	66	67	100	66	21	0	1	66	1	66	1.78e-27	100
tr|A0A332ZKC8|A0A332ZKC8_KLEPN	GCF_000520015.2_WP_071882816.1	69.697	66	66	100	66	20	0	1	66	1	66	1.94e-27	99.8
tr|A0A332ZKC8|A0A332ZKC8_KLEPN	GCF_002291425.1_WP_095849075.1	69.697	66	66	100	66	20	0	1	66	1	66	1.96e-27	99.8
tr|A0A332ZKC8|A0A332ZKC8_KLEPN	GCF_003074995.2_WP_012847630.1	69.697	66	66	100	66	20	0	1	66	1	66	2.28e-27	99.8
tr|A0A332ZKC8|A0A332ZKC8_KLEPN	GCF_000264765.2_WP_034163238.1	69.697	66	66	100	66	20	0	1	66	1	66	2.63e-27	99.5
tr|A0A332ZKC8|A0A332ZKC8_KLEPN	GCF_002504285.1_WP_005282993.1	69.697	66	66	100	66	20	0	1	66	1	66	2.72e-27	99.5
tr|A0A332ZKC8|A0A332ZKC8_KLEPN	GCF_005484965.1_WP_009114128.1	74.242	66	66	100	66	17	0	1	66	1	66	3.13e-27	99.2
tr|A0A332ZKC8|A0A332ZKC8_KLEPN	GCF_017309605.1_WP_033652508.1	68.182	66	66	100	66	21	0	1	66	1	66	3.47e-27	99.2
tr|A0A332ZKC8|A0A332ZKC8_KLEPN	GCF_025946765.1_WP_264497927.1	71.212	66	67	100	66	19	0	1	66	1	66	3.94e-27	99.2
tr|A0A332ZKC8|A0A332ZKC8_KLEPN	GCF_015999465.1_WP_085688157.1	72.727	66	66	100	66	18	0	1	66	1	66	3.95e-27	98.9
tr|A0A332ZKC8|A0A332ZKC8_KLEPN	GCF_900638655.1_WP_047781752.1	69.697	66	66	100	66	20	0	1	66	1	66	3.98e-27	98.9
tr|A0A332ZKC8|A0A332ZKC8_KLEPN	GCF_022647505.1_WP_128179457.1	66.667	66	66	100	66	22	0	1	66	1	66	7.94e-27	98.4
tr|A0A332ZKC8|A0A332ZKC8_KLEPN	GCF_900095885.1_WP_035340383.1	72.727	66	67	100	66	18	0	1	66	1	66	1.01e-26	98.1
tr|A0A332ZKC8|A0A332ZKC8_KLEPN	GCF_001006005.1_WP_024529521.1	66.667	66	66	100	66	22	0	1	66	1	66	1.90e-26	97.2
tr|A0A332ZKC8|A0A332ZKC8_KLEPN	GCF_009817885.1_WP_015673539.1	68.182	66	66	100	66	21	0	1	66	1	66	2.20e-26	97.2
tr|A0A332ZKC8|A0A332ZKC8_KLEPN	GCF_003515985.1_WP_085653100.1	69.697	66	66	100	66	20	0	1	66	1	66	4.94e-26	96.4
tr|A0A332ZKC8|A0A332ZKC8_KLEPN	GCF_003096015.2_WP_108901554.1	68.182	66	66	100	66	21	0	1	66	1	66	5.53e-26	96.1
tr|A0A332ZKC8|A0A332ZKC8_KLEPN	GCF_019797845.1_WP_222158376.1	68.182	66	66	100	66	21	0	1	66	1	66	1.78e-25	94.7
tr|A0A332ZKC8|A0A332ZKC8_KLEPN	GCF_020079945.1_WP_071669043.1	65.152	66	66	100	66	23	0	1	66	1	66	4.48e-24	91.3
tr|A0A332ZKC8|A0A332ZKC8_KLEPN	GCF_011044475.1_WP_033740323.1	69.697	66	66	100	66	20	0	1	66	1	66	6.82e-22	85.7
tr|A0A332ZKC8|A0A332ZKC8_KLEPN	GCF_900478135.1_WP_111739360.1	65.079	66	66	95	63	22	0	1	63	1	63	8.06e-22	85.4
tr|A0A332ZKC8|A0A332ZKC8_KLEPN	GCF_024346995.1_WP_077312147.1	61.017	66	68	89	59	23	0	5	63	7	65	9.29e-22	85.4
tr|A0A332ZKC8|A0A332ZKC8_KLEPN	GCF_011745665.1_WP_166916350.1	62.295	66	63	92	61	23	0	3	63	1	61	1.20e-21	85.1
tr|A0A332ZKC8|A0A332ZKC8_KLEPN	GCF_024347395.1_WP_017053999.1	62.712	66	67	89	59	22	0	5	63	7	65	1.45e-21	84.9
tr|A0A332ZKC8|A0A332ZKC8_KLEPN	GCF_027286365.1_WP_069588633.1	62.712	66	67	89	59	22	0	5	63	7	65	2.74e-21	84.3
tr|A0A332ZKC8|A0A332ZKC8_KLEPN	GCF_002157735.2_WP_086982498.1	62.712	66	67	89	59	22	0	5	63	7	65	3.06e-21	84.0
tr|A0A332ZKC8|A0A332ZKC8_KLEPN	GCF_009601765.2_WP_153446342.1	62.712	66	67	89	59	22	0	5	63	7	65	3.21e-21	84.0
tr|A0A332ZKC8|A0A332ZKC8_KLEPN	GCF_020991025.1_WP_010864509.1	66.129	66	66	94	62	21	0	1	62	1	62	3.26e-21	84.0
tr|A0A332ZKC8|A0A332ZKC8_KLEPN	GCF_002204915.1_WP_017420216.1	62.712	66	67	89	59	22	0	5	63	7	65	3.65e-21	84.0
tr|A0A332ZKC8|A0A332ZKC8_KLEPN	GCF_019670485.1_WP_221067978.1	61.017	66	67	89	59	23	0	5	63	7	65	4.01e-21	83.7
tr|A0A332ZKC8|A0A332ZKC8_KLEPN	GCF_024347675.1_WP_261834940.1	62.712	66	67	89	59	22	0	5	63	7	65	1.20e-20	82.6
tr|A0A332ZKC8|A0A332ZKC8_KLEPN	GCF_002257545.1_WP_010319078.1	59.322	66	68	89	59	24	0	5	63	7	65	1.50e-20	82.3
tr|A0A332ZKC8|A0A332ZKC8_KLEPN	GCF_023650915.1_WP_033905529.1	61.017	66	69	89	59	23	0	5	63	7	65	1.65e-20	82.3
tr|A0A332ZKC8|A0A332ZKC8_KLEPN	GCF_000024825.1_WP_005391765.1	61.017	66	68	89	59	23	0	5	63	7	65	1.77e-20	82.0
tr|A0A332ZKC8|A0A332ZKC8_KLEPN	GCF_024347075.1_WP_261874095.1	62.712	66	67	89	59	22	0	5	63	7	65	2.66e-20	81.8
tr|A0A332ZKC8|A0A332ZKC8_KLEPN	GCF_003716875.1_WP_123016570.1	59.322	66	69	89	59	24	0	5	63	7	65	2.72e-20	81.8
tr|A0A332ZKC8|A0A332ZKC8_KLEPN	GCF_900233005.1_WP_102522112.1	59.322	66	67	89	59	24	0	5	63	7	65	3.04e-20	81.5
tr|A0A332ZKC8|A0A332ZKC8_KLEPN	GCF_002218045.2_WP_089140529.1	57.627	66	67	89	59	25	0	5	63	7	65	3.07e-20	81.5
tr|A0A332ZKC8|A0A332ZKC8_KLEPN	GCF_009938225.1_WP_075651756.1	61.017	66	67	89	59	23	0	5	63	7	65	3.60e-20	81.5
tr|A0A332ZKC8|A0A332ZKC8_KLEPN	GCF_019977755.1_WP_101113434.1	57.627	66	68	89	59	25	0	5	63	7	65	3.62e-20	81.5
tr|A0A332ZKC8|A0A332ZKC8_KLEPN	GCF_024347115.1_WP_077332807.1	51.613	66	69	94	62	30	0	5	66	7	68	4.15e-20	81.2
tr|A0A332ZKC8|A0A332ZKC8_KLEPN	GCF_024346975.1_WP_021714761.1	61.017	66	67	89	59	23	0	5	63	7	65	4.53e-20	81.2
tr|A0A332ZKC8|A0A332ZKC8_KLEPN	GCF_024347095.1_WP_038182092.1	55.932	66	69	89	59	26	0	5	63	7	65	5.10e-20	80.9
tr|A0A332ZKC8|A0A332ZKC8_KLEPN	GCF_026001925.1_WP_105903071.1	62.712	66	67	89	59	22	0	5	63	7	65	5.40e-20	80.9
tr|A0A332ZKC8|A0A332ZKC8_KLEPN	GCF_005280275.1_WP_069363555.1	61.017	66	67	89	59	23	0	5	63	7	65	6.69e-20	80.6
tr|A0A332ZKC8|A0A332ZKC8_KLEPN	GCF_002214395.1_WP_010449800.1	59.322	66	67	89	59	24	0	5	63	7	65	6.80e-20	80.6
tr|A0A332ZKC8|A0A332ZKC8_KLEPN	GCF_010587385.1_WP_164647556.1	57.627	66	68	89	59	25	0	5	63	7	65	7.24e-20	80.6
tr|A0A332ZKC8|A0A332ZKC8_KLEPN	GCF_001558415.2_WP_020431399.1	57.627	66	67	89	59	25	0	5	63	7	65	7.60e-20	80.6
tr|A0A332ZKC8|A0A332ZKC8_KLEPN	GCF_002021755.1_WP_005529380.1	57.627	66	68	89	59	25	0	5	63	7	65	7.90e-20	80.4
tr|A0A332ZKC8|A0A332ZKC8_KLEPN	GCF_000599985.1_WP_025315221.1	60.317	66	66	95	63	25	0	1	63	1	63	7.91e-20	80.4
tr|A0A332ZKC8|A0A332ZKC8_KLEPN	GCF_024347055.1_WP_261893211.1	58.065	66	68	94	62	26	0	5	66	7	68	8.76e-20	80.4
tr|A0A332ZKC8|A0A332ZKC8_KLEPN	GCF_024346795.1_WP_017029145.1	57.627	66	67	89	59	25	0	5	63	7	65	1.43e-19	79.8
tr|A0A332ZKC8|A0A332ZKC8_KLEPN	GCF_024347495.1_WP_137373540.1	57.627	66	67	89	59	25	0	5	63	7	65	3.20e-19	79.0
tr|A0A332ZKC8|A0A332ZKC8_KLEPN	GCF_024346755.1_WP_073603885.1	57.627	66	68	89	59	25	0	5	63	7	65	3.81e-19	78.7
tr|A0A332ZKC8|A0A332ZKC8_KLEPN	GCF_024346875.1_WP_261816828.1	55.932	66	67	89	59	26	0	5	63	7	65	3.84e-19	78.7
tr|A0A332ZKC8|A0A332ZKC8_KLEPN	GCF_000770115.1_WP_005446221.1	55.932	66	68	89	59	26	0	5	63	7	65	4.13e-19	78.7
tr|A0A332ZKC8|A0A332ZKC8_KLEPN	GCF_000772105.1_WP_004742991.1	55.932	66	68	89	59	26	0	5	63	7	65	5.36e-19	78.4
tr|A0A332ZKC8|A0A332ZKC8_KLEPN	GCF_009938185.1_WP_162047597.1	59.322	66	67	89	59	24	0	5	63	7	65	5.77e-19	78.4
tr|A0A332ZKC8|A0A332ZKC8_KLEPN	GCF_009938205.1_WP_075706335.1	57.627	66	67	89	59	25	0	5	63	7	65	6.65e-19	78.1
tr|A0A332ZKC8|A0A332ZKC8_KLEPN	GCF_002196515.1_WP_021020922.1	59.322	66	68	89	59	24	0	5	63	7	65	8.18e-19	77.8
tr|A0A332ZKC8|A0A332ZKC8_KLEPN	GCF_011064285.1_WP_165310536.1	55.932	66	68	89	59	26	0	5	63	7	65	8.85e-19	77.8
tr|A0A332ZKC8|A0A332ZKC8_KLEPN	GCF_014879975.1_WP_192889240.1	55.932	66	67	89	59	26	0	5	63	7	65	9.14e-19	77.8
tr|A0A332ZKC8|A0A332ZKC8_KLEPN	GCF_024347035.1_WP_042488988.1	55.932	66	68	89	59	26	0	5	63	7	65	9.74e-19	77.8
tr|A0A332ZKC8|A0A332ZKC8_KLEPN	GCF_024494545.1_WP_080175675.1	59.322	66	67	89	59	24	0	5	63	7	65	1.35e-18	77.3
tr|A0A332ZKC8|A0A332ZKC8_KLEPN	GCF_000196495.1_WP_023603694.1	55.932	66	68	89	59	26	0	5	63	7	65	1.41e-18	77.3
tr|A0A332ZKC8|A0A332ZKC8_KLEPN	GCF_001547935.1_WP_068714408.1	54.839	66	68	94	62	28	0	5	66	7	68	2.11e-18	77.0
tr|A0A332ZKC8|A0A332ZKC8_KLEPN	GCF_001558255.2_WP_005506875.1	55.932	66	68	89	59	26	0	5	63	7	65	2.61e-18	76.7
tr|A0A332ZKC8|A0A332ZKC8_KLEPN	GCF_000940995.1_WP_039458213.1	57.627	66	68	89	59	25	0	5	63	7	65	2.78e-18	76.4
tr|A0A332ZKC8|A0A332ZKC8_KLEPN	GCF_017329545.1_WP_047883162.1	55.932	66	68	89	59	26	0	5	63	7	65	7.39e-18	75.6
tr|A0A332ZKC8|A0A332ZKC8_KLEPN	GCF_019703835.1_WP_087022950.1	54.237	66	67	89	59	27	0	5	63	7	65	1.26e-17	74.7
tr|A0A332ZKC8|A0A332ZKC8_KLEPN	GCF_024346675.1_WP_094955825.1	57.627	66	67	89	59	25	0	5	63	7	65	2.01e-17	74.5
tr|A0A332ZKC8|A0A332ZKC8_KLEPN	GCF_024346715.1_WP_048899954.1	57.627	66	67	89	59	25	0	5	63	7	65	2.64e-17	74.2
tr|A0A332ZKC8|A0A332ZKC8_KLEPN	GCF_024346955.1_WP_087479854.1	52.542	66	68	89	59	28	0	5	63	7	65	4.11e-17	73.6
tr|A0A332ZKC8|A0A332ZKC8_KLEPN	GCF_002887615.1_WP_038864665.1	62.712	66	68	89	59	22	0	5	63	7	65	5.31e-17	73.3
tr|A0A332ZKC8|A0A332ZKC8_KLEPN	GCF_009363415.1_WP_152429752.1	56.897	66	68	88	58	25	0	5	62	7	64	6.79e-17	73.0
tr|A0A332ZKC8|A0A332ZKC8_KLEPN	GCF_024582835.1_WP_257083719.1	61.017	66	67	89	59	23	0	5	63	7	65	8.24e-16	70.2
tr|A0A332ZKC8|A0A332ZKC8_KLEPN	GCF_023195835.1_WP_039478024.1	57.627	66	68	89	59	25	0	5	63	7	65	2.17e-15	69.1
tr|A0A332ZKC8|A0A332ZKC8_KLEPN	GCF_006364355.1_WP_004729231.1	55.932	66	67	89	59	26	0	5	63	7	65	4.20e-15	68.5
tr|A0A332ZKC8|A0A332ZKC8_KLEPN	GCF_014083925.1_WP_074374154.1	57.627	66	69	89	59	25	0	5	63	7	65	5.41e-15	68.3
tr|A0A332ZKC8|A0A332ZKC8_KLEPN	GCF_000015285.1_WP_011770537.1	50.794	66	66	95	63	31	0	1	63	1	63	6.46e-15	68.0
tr|A0A332ZKC8|A0A332ZKC8_KLEPN	GCF_014892695.1_WP_193004054.1	47.458	66	68	89	59	31	0	5	63	7	65	8.00e-15	67.7
tr|A0A332ZKC8|A0A332ZKC8_KLEPN	GCF_016026615.1_WP_005345813.1	50.847	66	68	89	59	29	0	5	63	7	65	1.12e-14	67.4
tr|A0A332ZKC8|A0A332ZKC8_KLEPN	GCF_008693705.1_WP_005336882.1	50.847	66	68	89	59	29	0	5	63	7	65	1.30e-14	67.1
tr|A0A332ZKC8|A0A332ZKC8_KLEPN	GCF_001456255.1_WP_014232780.1	54.237	66	68	89	59	27	0	5	63	7	65	1.73e-14	66.9
tr|A0A332ZKC8|A0A332ZKC8_KLEPN	GCF_900465055.1_WP_112718222.1	57.627	66	67	89	59	25	0	5	63	7	65	2.21e-14	66.6
tr|A0A332ZKC8|A0A332ZKC8_KLEPN	GCF_000023065.1_WP_015878480.1	56.923	66	69	95	65	26	1	1	63	1	65	2.37e-14	66.6
tr|A0A332ZKC8|A0A332ZKC8_KLEPN	GCF_016127195.1_WP_005352334.1	50.847	66	68	89	59	29	0	5	63	7	65	2.83e-14	66.3
tr|A0A332ZKC8|A0A332ZKC8_KLEPN	GCF_024347455.1_WP_017072685.1	55.932	66	67	89	59	26	0	5	63	7	65	3.27e-14	66.3
tr|A0A332ZKC8|A0A332ZKC8_KLEPN	GCF_028355655.1_WP_005311233.1	49.153	66	68	89	59	30	0	5	63	7	65	4.18e-14	66.0
tr|A0A332ZKC8|A0A332ZKC8_KLEPN	GCF_008931805.1_WP_196805522.1	52.381	66	65	95	63	30	0	1	63	1	63	4.91e-14	65.7
tr|A0A332ZKC8|A0A332ZKC8_KLEPN	GCF_008369605.1_WP_000870111.1	62.712	66	67	89	59	22	0	5	63	7	65	4.94e-14	65.7
tr|A0A332ZKC8|A0A332ZKC8_KLEPN	GCF_016026875.1_WP_005301307.1	49.153	66	68	89	59	30	0	5	63	7	65	5.52e-14	65.7
tr|A0A332ZKC8|A0A332ZKC8_KLEPN	GCF_014169735.1_WP_010674629.1	49.153	66	68	89	59	30	0	5	63	7	65	1.04e-13	64.9
tr|A0A332ZKC8|A0A332ZKC8_KLEPN	GCF_024347295.1_WP_017086219.1	57.627	66	67	89	59	25	0	5	63	7	65	1.07e-13	64.9
tr|A0A332ZKC8|A0A332ZKC8_KLEPN	GCF_001995825.2_WP_060468344.1	55.932	66	67	89	59	26	0	5	63	7	65	1.61e-13	64.3
tr|A0A332ZKC8|A0A332ZKC8_KLEPN	GCF_024347635.1_WP_139684079.1	55.932	66	67	89	59	26	0	5	63	7	65	2.18e-13	64.0
tr|A0A332ZKC8|A0A332ZKC8_KLEPN	GCF_020149575.1_WP_005908580.1	49.153	66	68	89	59	30	0	5	63	7	65	2.27e-13	64.0
tr|A0A332ZKC8|A0A332ZKC8_KLEPN	GCF_024347475.1_WP_261903044.1	55.932	66	67	89	59	26	0	5	63	7	65	2.27e-13	64.0
tr|A0A332ZKC8|A0A332ZKC8_KLEPN	GCF_022371215.1_WP_008222923.1	55.932	66	67	89	59	26	0	5	63	7	65	2.33e-13	64.0
tr|A0A332ZKC8|A0A332ZKC8_KLEPN	GCF_000091465.1_WP_009847436.1	55.932	66	67	89	59	26	0	5	63	7	65	2.56e-13	63.8
tr|A0A332ZKC8|A0A332ZKC8_KLEPN	GCF_005144905.1_WP_016767591.1	55.932	66	67	89	59	26	0	5	63	7	65	2.73e-13	63.8
tr|A0A332ZKC8|A0A332ZKC8_KLEPN	GCF_024362845.1_WP_032551682.1	55.932	66	67	89	59	26	0	5	63	7	65	3.05e-13	63.8
tr|A0A332ZKC8|A0A332ZKC8_KLEPN	GCF_900637545.1_WP_042653731.1	47.458	66	68	89	59	31	0	5	63	7	65	3.90e-13	63.5
tr|A0A332ZKC8|A0A332ZKC8_KLEPN	GCF_024347355.1_WP_137407914.1	55.932	66	67	89	59	26	0	5	63	7	65	4.03e-13	63.5
tr|A0A332ZKC8|A0A332ZKC8_KLEPN	GCF_003015165.1_WP_005324956.1	47.458	66	68	89	59	31	0	5	63	7	65	4.05e-13	63.5
tr|A0A332ZKC8|A0A332ZKC8_KLEPN	GCF_019226825.1_WP_218562206.1	50.847	66	67	89	59	29	0	5	63	7	65	4.64e-13	63.2
tr|A0A332ZKC8|A0A332ZKC8_KLEPN	GCF_900465055.1_WP_232011695.1	59.375	66	41	48	32	13	0	5	36	7	38	3.65e-06	45.2
# PSIBLAST 2.12.0+
# Iteration: 2
# Query: tr|A0A332ZKC8|A0A332ZKC8_KLEPN UPF0253 protein NCTC9140_02042 OS=Klebsiella pneumoniae OX=573 GN=yaeP PE=3 SV=1
# Database: /home/t19045mi/projects/psiblast_ver2/db/chosen-bacteria_proteome_exDup
# Fields: query id, subject id, % identity, query length, subject length, % query coverage per subject, alignment length, mismatches, gap opens, q. start, q. end, s. start, s. end, evalue, bit score
# 196 hits found
tr|A0A332ZKC8|A0A332ZKC8_KLEPN	GCF_005484945.1_WP_137712818.1	77.273	66	66	100	66	15	0	1	66	1	66	6.33e-29	103
tr|A0A332ZKC8|A0A332ZKC8_KLEPN	GCF_021365465.1_WP_016190320.1	69.697	66	66	100	66	20	0	1	66	1	66	2.65e-28	101
tr|A0A332ZKC8|A0A332ZKC8_KLEPN	GCF_020683125.1_WP_133842176.1	69.697	66	67	100	66	20	0	1	66	1	66	3.47e-28	101
tr|A0A332ZKC8|A0A332ZKC8_KLEPN	GCF_000196615.1_WP_071822098.1	68.182	66	66	100	66	21	0	1	66	1	66	5.05e-28	101
tr|A0A332ZKC8|A0A332ZKC8_KLEPN	GCF_001006005.1_WP_024529521.1	66.667	66	66	100	66	22	0	1	66	1	66	6.01e-28	101
tr|A0A332ZKC8|A0A332ZKC8_KLEPN	GCF_001742185.1_WP_015731006.1	77.273	66	66	100	66	15	0	1	66	1	66	1.05e-27	100
tr|A0A332ZKC8|A0A332ZKC8_KLEPN	GCF_002291425.1_WP_095849075.1	69.697	66	66	100	66	20	0	1	66	1	66	1.06e-27	100
tr|A0A332ZKC8|A0A332ZKC8_KLEPN	GCF_900638135.1_WP_012146467.1	69.697	66	66	100	66	20	0	1	66	1	66	1.17e-27	100
tr|A0A332ZKC8|A0A332ZKC8_KLEPN	GCF_009817885.1_WP_015673539.1	68.182	66	66	100	66	21	0	1	66	1	66	1.19e-27	100
tr|A0A332ZKC8|A0A332ZKC8_KLEPN	GCF_009730055.1_WP_005185672.1	69.697	66	66	100	66	20	0	1	66	1	66	1.23e-27	100
tr|A0A332ZKC8|A0A332ZKC8_KLEPN	GCF_002288545.1_WP_010285748.1	75.758	66	66	100	66	16	0	1	66	1	66	1.79e-27	 99
tr|A0A332ZKC8|A0A332ZKC8_KLEPN	GCF_004353845.1_WP_048214883.1	89.394	66	66	100	66	7	0	1	66	1	66	2.06e-27	99.7
tr|A0A332ZKC8|A0A332ZKC8_KLEPN	GCF_019844095.1_WP_062747067.1	68.182	66	67	100	66	21	0	1	66	1	66	2.19e-27	99.7
tr|A0A332ZKC8|A0A332ZKC8_KLEPN	GCF_017498685.1_WP_004719628.1	74.242	66	66	100	66	17	0	1	66	1	66	2.47e-27	99.4
tr|A0A332ZKC8|A0A332ZKC8_KLEPN	GCF_017569925.1_WP_208228064.1	75.758	66	66	100	66	16	0	1	66	1	66	4.64e-27	98.8
tr|A0A332ZKC8|A0A332ZKC8_KLEPN	GCF_002291445.1_WP_048635885.1	75.758	66	66	100	66	16	0	1	66	1	66	5.39e-27	98.5
tr|A0A332ZKC8|A0A332ZKC8_KLEPN	GCF_000520015.2_WP_071882816.1	69.697	66	66	100	66	20	0	1	66	1	66	5.70e-27	98.5
tr|A0A332ZKC8|A0A332ZKC8_KLEPN	GCF_003812345.1_WP_003018499.1	90.909	66	66	100	66	6	0	1	66	1	66	5.88e-27	98.5
tr|A0A332ZKC8|A0A332ZKC8_KLEPN	GCF_000025065.1_WP_012883680.1	74.242	66	66	100	66	17	0	1	66	1	66	9.63e-27	98.0
tr|A0A332ZKC8|A0A332ZKC8_KLEPN	GCF_000214235.1_WP_006318652.1	72.727	66	66	100	66	18	0	1	66	1	66	9.79e-27	98.0
tr|A0A332ZKC8|A0A332ZKC8_KLEPN	GCF_000222975.1_WP_002212152.1	72.727	66	66	100	66	18	0	1	66	1	66	9.94e-27	98.0
tr|A0A332ZKC8|A0A332ZKC8_KLEPN	GCF_000147055.1_WP_013316770.1	72.727	66	66	100	66	18	0	1	66	1	66	1.06e-26	98.0
tr|A0A332ZKC8|A0A332ZKC8_KLEPN	GCF_000023565.1_WP_012770817.1	72.727	66	66	100	66	18	0	1	66	1	66	1.17e-26	97.7
tr|A0A332ZKC8|A0A332ZKC8_KLEPN	GCF_003935895.2_WP_110510859.1	86.364	66	66	100	66	9	0	1	66	1	66	1.24e-26	97.7
tr|A0A332ZKC8|A0A332ZKC8_KLEPN	GCF_025133195.1_WP_004706681.1	71.212	66	67	100	66	19	0	1	66	1	66	1.31e-26	97.7
tr|A0A332ZKC8|A0A332ZKC8_KLEPN	GCF_022637515.1_WP_064540227.1	83.333	66	66	100	66	11	0	1	66	1	66	1.48e-26	97.4
tr|A0A332ZKC8|A0A332ZKC8_KLEPN	GCF_000006945.2_NP_459243.1	87.879	66	72	100	66	8	0	1	66	7	72	1.49e-26	97.7
tr|A0A332ZKC8|A0A332ZKC8_KLEPN	GCF_000834395.1_WP_004704314.1	69.697	66	66	100	66	20	0	1	66	1	66	1.53e-26	97.4
tr|A0A332ZKC8|A0A332ZKC8_KLEPN	GCF_001518835.1_WP_032616635.1	89.394	66	66	100	66	7	0	1	66	1	66	1.55e-26	97.4
tr|A0A332ZKC8|A0A332ZKC8_KLEPN	GCF_017348915.1_WP_040077076.1	89.394	66	66	100	66	7	0	1	66	1	66	1.59e-26	97.4
tr|A0A332ZKC8|A0A332ZKC8_KLEPN	GCF_013234275.1_WP_172895487.1	80.303	66	66	100	66	13	0	1	66	1	66	1.78e-26	97.4
tr|A0A332ZKC8|A0A332ZKC8_KLEPN	GCF_001750725.1_WP_014168721.1	89.394	66	66	100	66	7	0	1	66	1	66	1.78e-26	97.4
tr|A0A332ZKC8|A0A332ZKC8_KLEPN	GCF_022647325.1_WP_111140598.1	69.697	66	66	100	66	20	0	1	66	1	66	1.81e-26	97.4
tr|A0A332ZKC8|A0A332ZKC8_KLEPN	GCF_008364325.2_WP_041415645.1	71.212	66	66	100	66	19	0	1	66	1	66	1.81e-26	97.4
tr|A0A332ZKC8|A0A332ZKC8_KLEPN	GCF_003516125.1_WP_007896683.1	81.818	66	66	100	66	12	0	1	66	1	66	2.12e-26	97.1
tr|A0A332ZKC8|A0A332ZKC8_KLEPN	GCF_001683395.1_WP_017458016.1	86.364	66	66	100	66	9	0	1	66	1	66	2.40e-26	96.8
tr|A0A332ZKC8|A0A332ZKC8_KLEPN	GCF_004792415.1_WP_003852623.1	71.212	66	66	100	66	19	0	1	66	1	66	2.52e-26	96.8
tr|A0A332ZKC8|A0A332ZKC8_KLEPN	GCF_000224675.1_WP_006173580.1	89.394	66	66	100	66	7	0	1	66	1	66	2.60e-26	96.8
tr|A0A332ZKC8|A0A332ZKC8_KLEPN	GCF_009176645.1_WP_152083530.1	87.879	66	66	100	66	8	0	1	66	1	66	2.62e-26	96.8
tr|A0A332ZKC8|A0A332ZKC8_KLEPN	GCF_005484965.1_WP_009114128.1	74.242	66	66	100	66	17	0	1	66	1	66	2.82e-26	96.8
tr|A0A332ZKC8|A0A332ZKC8_KLEPN	GCF_025946765.1_WP_264497927.1	71.212	66	67	100	66	19	0	1	66	1	66	2.86e-26	96.8
tr|A0A332ZKC8|A0A332ZKC8_KLEPN	GCF_001658025.2_WP_007373244.1	87.879	66	66	100	66	8	0	1	66	1	66	2.89e-26	96.8
tr|A0A332ZKC8|A0A332ZKC8_KLEPN	GCF_001729805.1_WP_008501889.1	87.879	66	66	100	66	8	0	1	66	1	66	2.91e-26	96.8
tr|A0A332ZKC8|A0A332ZKC8_KLEPN	GCF_017309605.1_WP_033652508.1	68.182	66	66	100	66	21	0	1	66	1	66	3.08e-26	96.6
tr|A0A332ZKC8|A0A332ZKC8_KLEPN	GCF_001277255.1_WP_007666631.1	84.848	66	66	100	66	10	0	1	66	1	66	3.17e-26	96.6
tr|A0A332ZKC8|A0A332ZKC8_KLEPN	GCF_019048385.1_WP_010254172.1	69.697	66	66	100	66	20	0	1	66	1	66	3.28e-26	96.6
tr|A0A332ZKC8|A0A332ZKC8_KLEPN	GCF_001461805.1_WP_013367514.1	86.364	66	66	100	66	9	0	1	66	1	66	3.30e-26	96.6
tr|A0A332ZKC8|A0A332ZKC8_KLEPN	GCF_009648975.1_WP_002889429.1	98.485	66	66	100	66	1	0	1	66	1	66	3.55e-26	96.6
tr|A0A332ZKC8|A0A332ZKC8_KLEPN	GCF_024224615.1_WP_125293587.1	90.909	66	66	100	66	6	0	1	66	1	66	3.72e-26	96.6
tr|A0A332ZKC8|A0A332ZKC8_KLEPN	GCF_009914055.1_WP_160619716.1	66.667	66	66	100	66	22	0	1	66	1	66	3.97e-26	96.3
tr|A0A332ZKC8|A0A332ZKC8_KLEPN	GCF_001277195.1_WP_038864664.1	84.848	66	66	100	66	10	0	1	66	1	66	4.26e-26	96.3
tr|A0A332ZKC8|A0A332ZKC8_KLEPN	GCF_001277235.1_WP_007718147.1	84.848	66	66	100	66	10	0	1	66	1	66	4.40e-26	96.3
tr|A0A332ZKC8|A0A332ZKC8_KLEPN	GCF_000023545.1_WP_015854636.1	74.242	66	66	100	66	17	0	1	66	1	66	4.84e-26	96.3
tr|A0A332ZKC8|A0A332ZKC8_KLEPN	GCF_002157735.2_WP_086982498.1	56.923	66	67	98	65	28	0	1	65	3	67	5.03e-26	96.3
tr|A0A332ZKC8|A0A332ZKC8_KLEPN	GCF_016415705.1_WP_080936164.1	96.970	66	66	100	66	2	0	1	66	1	66	5.03e-26	96.3
tr|A0A332ZKC8|A0A332ZKC8_KLEPN	GCF_002101395.1_WP_165786514.1	69.697	66	66	100	66	20	0	1	66	1	66	5.24e-26	96.0
tr|A0A332ZKC8|A0A332ZKC8_KLEPN	GCF_021462285.1_WP_073970287.1	71.212	66	66	100	66	19	0	1	66	1	66	5.28e-26	96.0
tr|A0A332ZKC8|A0A332ZKC8_KLEPN	GCF_024347395.1_WP_017053999.1	56.923	66	67	98	65	28	0	1	65	3	67	5.62e-26	96.0
tr|A0A332ZKC8|A0A332ZKC8_KLEPN	GCF_000740965.1_WP_039290563.1	74.242	66	66	100	66	17	0	1	66	1	66	5.63e-26	96.0
tr|A0A332ZKC8|A0A332ZKC8_KLEPN	GCF_001558935.2_WP_042323658.1	93.939	66	66	100	66	4	0	1	66	1	66	5.81e-26	96.0
tr|A0A332ZKC8|A0A332ZKC8_KLEPN	GCF_019797845.1_WP_222158376.1	68.182	66	66	100	66	21	0	1	66	1	66	5.90e-26	96.0
tr|A0A332ZKC8|A0A332ZKC8_KLEPN	GCF_011068345.1_WP_002436993.1	89.394	66	66	100	66	7	0	1	66	1	66	6.00e-26	96.0
tr|A0A332ZKC8|A0A332ZKC8_KLEPN	GCF_018128425.1_WP_042289831.1	87.879	66	66	100	66	8	0	1	66	1	66	6.09e-26	96.0
tr|A0A332ZKC8|A0A332ZKC8_KLEPN	GCF_001642805.2_WP_004931993.1	68.182	66	66	100	66	21	0	1	66	1	66	6.19e-26	96.0
tr|A0A332ZKC8|A0A332ZKC8_KLEPN	GCF_024347075.1_WP_261874095.1	56.923	66	67	98	65	28	0	1	65	3	67	6.65e-26	95.7
tr|A0A332ZKC8|A0A332ZKC8_KLEPN	GCF_020342335.1_WP_071852482.1	77.273	66	66	100	66	15	0	1	66	1	66	6.65e-26	95.7
tr|A0A332ZKC8|A0A332ZKC8_KLEPN	GCF_003515985.1_WP_085653100.1	69.697	66	66	100	66	20	0	1	66	1	66	7.31e-26	95.7
tr|A0A332ZKC8|A0A332ZKC8_KLEPN	GCF_004684345.1_WP_096758222.1	89.394	66	66	100	66	7	0	1	66	1	66	8.31e-26	95.7
tr|A0A332ZKC8|A0A332ZKC8_KLEPN	GCF_019048625.1_WP_003856146.1	86.364	66	66	100	66	9	0	1	66	1	66	8.51e-26	95.4
tr|A0A332ZKC8|A0A332ZKC8_KLEPN	GCF_019047765.1_WP_005132083.1	90.909	66	66	100	66	6	0	1	66	1	66	8.71e-26	95.4
tr|A0A332ZKC8|A0A332ZKC8_KLEPN	GCF_000018045.1_WP_012133967.1	90.909	66	66	100	66	6	0	1	66	1	66	8.85e-26	95.4
tr|A0A332ZKC8|A0A332ZKC8_KLEPN	GCF_019890955.1_WP_021507470.1	71.212	66	66	100	66	19	0	1	66	1	66	1.06e-25	95.4
tr|A0A332ZKC8|A0A332ZKC8_KLEPN	GCF_004124235.1_WP_004391680.1	69.697	66	66	100	66	20	0	1	66	1	66	1.09e-25	95.2
tr|A0A332ZKC8|A0A332ZKC8_KLEPN	GCF_022637475.1_WP_013574215.1	74.242	66	66	100	66	17	0	1	66	1	66	1.10e-25	95.2
tr|A0A332ZKC8|A0A332ZKC8_KLEPN	GCF_001277215.2_WP_004385445.1	83.333	66	66	100	66	11	0	1	66	1	66	1.11e-25	95.2
tr|A0A332ZKC8|A0A332ZKC8_KLEPN	GCF_900095885.1_WP_035340383.1	72.727	66	67	100	66	18	0	1	66	1	66	1.24e-25	95.2
tr|A0A332ZKC8|A0A332ZKC8_KLEPN	GCF_015999465.1_WP_085688157.1	72.727	66	66	100	66	18	0	1	66	1	66	1.24e-25	95.2
tr|A0A332ZKC8|A0A332ZKC8_KLEPN	GCF_009601765.2_WP_153446342.1	56.923	66	67	98	65	28	0	1	65	3	67	1.29e-25	95.2
tr|A0A332ZKC8|A0A332ZKC8_KLEPN	GCF_012029655.1_WP_041144146.1	95.455	66	66	100	66	3	0	1	66	1	66	1.30e-25	95.2
tr|A0A332ZKC8|A0A332ZKC8_KLEPN	GCF_021276285.1_WP_015696108.1	72.727	66	66	100	66	18	0	1	66	1	66	1.32e-25	95.2
tr|A0A332ZKC8|A0A332ZKC8_KLEPN	GCF_000439255.1_WP_013991363.1	89.394	66	66	100	66	7	0	1	66	1	66	1.33e-25	95.2
tr|A0A332ZKC8|A0A332ZKC8_KLEPN	GCF_008693645.1_WP_024132476.1	90.909	66	66	100	66	6	0	1	66	1	66	1.39e-25	95.2
tr|A0A332ZKC8|A0A332ZKC8_KLEPN	GCF_022647505.1_WP_128179457.1	66.667	66	66	100	66	22	0	1	66	1	66	1.53e-25	94.9
tr|A0A332ZKC8|A0A332ZKC8_KLEPN	GCF_024346975.1_WP_021714761.1	55.385	66	67	98	65	29	0	1	65	3	67	1.57e-25	94.9
tr|A0A332ZKC8|A0A332ZKC8_KLEPN	GCF_000006925.2_NP_706135.1	87.879	66	72	100	66	8	0	1	66	7	72	1.58e-25	94.9
tr|A0A332ZKC8|A0A332ZKC8_KLEPN	GCF_007632255.1_WP_015368145.1	93.939	66	66	100	66	4	0	1	66	1	66	1.80e-25	94.9
tr|A0A332ZKC8|A0A332ZKC8_KLEPN	GCF_001022135.1_WP_039078450.1	87.879	66	66	100	66	8	0	1	66	1	66	1.90e-25	94.6
tr|A0A332ZKC8|A0A332ZKC8_KLEPN	GCF_005671395.1_WP_138095873.1	80.303	66	66	100	66	13	0	1	66	1	66	2.04e-25	94.6
tr|A0A332ZKC8|A0A332ZKC8_KLEPN	GCF_900233005.1_WP_102522112.1	53.846	66	67	98	65	30	0	1	65	3	67	2.47e-25	94.3
tr|A0A332ZKC8|A0A332ZKC8_KLEPN	GCF_002204915.1_WP_017420216.1	58.209	66	67	98	67	26	1	1	65	1	67	2.55e-25	94.3
tr|A0A332ZKC8|A0A332ZKC8_KLEPN	GCF_024494545.1_WP_080175675.1	53.846	66	67	98	65	30	0	1	65	3	67	2.61e-25	94.3
tr|A0A332ZKC8|A0A332ZKC8_KLEPN	GCF_019670485.1_WP_221067978.1	56.716	66	67	98	67	27	1	1	65	1	67	2.61e-25	94.3
tr|A0A332ZKC8|A0A332ZKC8_KLEPN	GCF_900635955.1_WP_126357485.1	83.333	66	66	100	66	11	0	1	66	1	66	2.94e-25	94.3
tr|A0A332ZKC8|A0A332ZKC8_KLEPN	GCF_003019925.1_WP_043085884.1	83.333	66	66	100	66	11	0	1	66	1	66	2.99e-25	94.3
tr|A0A332ZKC8|A0A332ZKC8_KLEPN	GCF_002953195.1_WP_038628013.1	68.182	66	66	100	66	21	0	1	66	1	66	3.23e-25	94.0
tr|A0A332ZKC8|A0A332ZKC8_KLEPN	GCF_025758125.1_WP_023480353.1	86.364	66	66	100	66	9	0	1	66	1	66	3.29e-25	94.0
tr|A0A332ZKC8|A0A332ZKC8_KLEPN	GCF_001277175.1_WP_007697550.1	81.818	66	66	100	66	12	0	1	66	1	66	3.98e-25	93.8
tr|A0A332ZKC8|A0A332ZKC8_KLEPN	GCF_002393445.1_WP_008456963.1	83.333	66	66	100	66	11	0	1	66	1	66	4.59e-25	93.8
tr|A0A332ZKC8|A0A332ZKC8_KLEPN	GCF_026001925.1_WP_105903071.1	56.923	66	67	98	65	28	0	1	65	3	67	4.97e-25	93.8
tr|A0A332ZKC8|A0A332ZKC8_KLEPN	GCF_022637595.1_WP_004858155.1	95.455	66	66	100	66	3	0	1	66	1	66	4.97e-25	93.8
tr|A0A332ZKC8|A0A332ZKC8_KLEPN	GCF_003812925.1_WP_004107902.1	90.909	66	66	100	66	6	0	1	66	1	66	4.97e-25	93.8
tr|A0A332ZKC8|A0A332ZKC8_KLEPN	GCF_002218045.2_WP_089140529.1	52.308	66	67	98	65	31	0	1	65	3	67	5.38e-25	93.5
tr|A0A332ZKC8|A0A332ZKC8_KLEPN	GCF_024346795.1_WP_017029145.1	52.308	66	67	98	65	31	0	1	65	3	67	5.96e-25	93.5
tr|A0A332ZKC8|A0A332ZKC8_KLEPN	GCF_015139575.1_WP_004098778.1	92.424	66	66	100	66	5	0	1	66	1	66	6.67e-25	93.2
tr|A0A332ZKC8|A0A332ZKC8_KLEPN	GCF_021172065.1_WP_015965826.1	90.909	66	66	100	66	6	0	1	66	1	66	6.94e-25	93.2
tr|A0A332ZKC8|A0A332ZKC8_KLEPN	GCF_000005845.2_YP_026160.1	89.394	66	66	100	66	7	0	1	66	1	66	8.53e-25	92.9
tr|A0A332ZKC8|A0A332ZKC8_KLEPN	GCF_003261575.2_WP_110272452.1	92.424	66	66	100	66	5	0	1	66	1	66	9.69e-25	92.9
tr|A0A332ZKC8|A0A332ZKC8_KLEPN	GCF_011617105.1_WP_008814496.1	72.308	66	66	98	65	18	0	1	65	1	65	9.84e-25	92.9
tr|A0A332ZKC8|A0A332ZKC8_KLEPN	GCF_024347495.1_WP_137373540.1	52.308	66	67	98	65	31	0	1	65	3	67	1.19e-24	92.6
tr|A0A332ZKC8|A0A332ZKC8_KLEPN	GCF_023195735.1_WP_035891979.1	84.848	66	66	100	66	10	0	1	66	1	66	1.37e-24	92.6
tr|A0A332ZKC8|A0A332ZKC8_KLEPN	GCF_000233595.1_WP_014606545.1	69.697	66	66	100	66	20	0	1	66	1	66	1.89e-24	92.1
tr|A0A332ZKC8|A0A332ZKC8_KLEPN	GCF_025914095.1_WP_031518415.1	80.303	66	66	100	66	13	0	1	66	1	66	1.97e-24	92.1
tr|A0A332ZKC8|A0A332ZKC8_KLEPN	GCF_023650915.1_WP_033905529.1	54.545	66	69	100	66	30	0	1	66	3	68	2.83e-24	91.8
tr|A0A332ZKC8|A0A332ZKC8_KLEPN	GCF_001558415.2_WP_020431399.1	52.308	66	67	98	65	31	0	1	65	3	67	2.97e-24	91.8
tr|A0A332ZKC8|A0A332ZKC8_KLEPN	GCF_000024825.1_WP_005391765.1	54.545	66	68	100	66	30	0	1	66	3	68	2.99e-24	91.8
tr|A0A332ZKC8|A0A332ZKC8_KLEPN	GCF_002257545.1_WP_010319078.1	53.030	66	68	100	66	31	0	1	66	3	68	3.22e-24	91.5
tr|A0A332ZKC8|A0A332ZKC8_KLEPN	GCF_014879975.1_WP_192889240.1	50.769	66	67	98	65	32	0	1	65	3	67	3.60e-24	91.5
tr|A0A332ZKC8|A0A332ZKC8_KLEPN	GCF_010587385.1_WP_164647556.1	51.515	66	68	100	66	32	0	1	66	3	68	5.39e-24	90.9
tr|A0A332ZKC8|A0A332ZKC8_KLEPN	GCF_019977755.1_WP_101113434.1	53.968	66	68	95	63	29	0	4	66	6	68	5.48e-24	90.9
tr|A0A332ZKC8|A0A332ZKC8_KLEPN	GCF_024347035.1_WP_042488988.1	50.000	66	68	100	66	33	0	1	66	3	68	7.53e-24	90.7
tr|A0A332ZKC8|A0A332ZKC8_KLEPN	GCF_002021755.1_WP_005529380.1	51.515	66	68	100	66	32	0	1	66	3	68	9.18e-24	90.4
tr|A0A332ZKC8|A0A332ZKC8_KLEPN	GCF_024347095.1_WP_038182092.1	50.000	66	69	100	66	33	0	1	66	3	68	9.25e-24	90.4
tr|A0A332ZKC8|A0A332ZKC8_KLEPN	GCF_000262305.1_WP_034920208.1	75.758	66	66	100	66	16	0	1	66	1	66	9.87e-24	90.4
tr|A0A332ZKC8|A0A332ZKC8_KLEPN	GCF_024346875.1_WP_261816828.1	51.562	66	67	97	64	31	0	2	65	4	67	1.09e-23	90.1
tr|A0A332ZKC8|A0A332ZKC8_KLEPN	GCF_009649915.1_WP_062772226.1	87.879	66	66	100	66	8	0	1	66	1	66	1.28e-23	90.1
tr|A0A332ZKC8|A0A332ZKC8_KLEPN	GCF_006711645.1_WP_100682483.1	93.939	66	66	100	66	4	0	1	66	1	66	1.28e-23	90.1
tr|A0A332ZKC8|A0A332ZKC8_KLEPN	GCF_024347115.1_WP_077332807.1	48.485	66	69	100	66	34	0	1	66	3	68	1.53e-23	89.8
tr|A0A332ZKC8|A0A332ZKC8_KLEPN	GCF_011064285.1_WP_165310536.1	50.000	66	68	100	66	33	0	1	66	3	68	1.55e-23	89.8
tr|A0A332ZKC8|A0A332ZKC8_KLEPN	GCF_009938225.1_WP_075651756.1	55.385	66	67	98	65	29	0	1	65	3	67	1.63e-23	89.8
tr|A0A332ZKC8|A0A332ZKC8_KLEPN	GCF_000196495.1_WP_023603694.1	50.769	66	68	98	65	32	0	1	65	3	67	2.52e-23	89.3
tr|A0A332ZKC8|A0A332ZKC8_KLEPN	GCF_009938185.1_WP_162047597.1	53.846	66	67	98	65	30	0	1	65	3	67	2.56e-23	89.3
tr|A0A332ZKC8|A0A332ZKC8_KLEPN	GCF_002214395.1_WP_010449800.1	53.846	66	67	98	65	30	0	1	65	3	67	2.84e-23	89.3
tr|A0A332ZKC8|A0A332ZKC8_KLEPN	GCF_024346755.1_WP_073603885.1	51.515	66	68	100	66	32	0	1	66	3	68	4.22e-23	88.7
tr|A0A332ZKC8|A0A332ZKC8_KLEPN	GCF_000940995.1_WP_039458213.1	52.308	66	68	98	65	31	0	1	65	3	67	4.72e-23	88.7
tr|A0A332ZKC8|A0A332ZKC8_KLEPN	GCF_024346995.1_WP_077312147.1	55.385	66	68	98	65	29	0	1	65	3	67	5.58e-23	88.4
tr|A0A332ZKC8|A0A332ZKC8_KLEPN	GCF_000770115.1_WP_005446221.1	50.000	66	68	100	66	33	0	1	66	3	68	5.67e-23	88.4
tr|A0A332ZKC8|A0A332ZKC8_KLEPN	GCF_000772105.1_WP_004742991.1	50.000	66	68	100	66	33	0	1	66	3	68	6.09e-23	88.4
tr|A0A332ZKC8|A0A332ZKC8_KLEPN	GCF_024346955.1_WP_087479854.1	46.970	66	68	100	66	35	0	1	66	3	68	7.43e-23	88.1
tr|A0A332ZKC8|A0A332ZKC8_KLEPN	GCF_019703835.1_WP_087022950.1	49.231	66	67	98	65	33	0	1	65	3	67	8.51e-23	87.8
tr|A0A332ZKC8|A0A332ZKC8_KLEPN	GCF_024346675.1_WP_094955825.1	52.308	66	67	98	65	31	0	1	65	3	67	9.28e-23	87.8
tr|A0A332ZKC8|A0A332ZKC8_KLEPN	GCF_024346715.1_WP_048899954.1	52.308	66	67	98	65	31	0	1	65	3	67	9.51e-23	87.8
tr|A0A332ZKC8|A0A332ZKC8_KLEPN	GCF_002196515.1_WP_021020922.1	53.030	66	68	100	66	31	0	1	66	3	68	1.20e-22	87.6
tr|A0A332ZKC8|A0A332ZKC8_KLEPN	GCF_003096015.2_WP_108901554.1	68.182	66	66	100	66	21	0	1	66	1	66	1.36e-22	87.3
tr|A0A332ZKC8|A0A332ZKC8_KLEPN	GCF_020079945.1_WP_071669043.1	65.152	66	66	100	66	23	0	1	66	1	66	1.61e-22	87.3
tr|A0A332ZKC8|A0A332ZKC8_KLEPN	GCF_900638655.1_WP_047781752.1	69.697	66	66	100	66	20	0	1	66	1	66	2.11e-22	87.0
tr|A0A332ZKC8|A0A332ZKC8_KLEPN	GCF_009938205.1_WP_075706335.1	52.308	66	67	98	65	31	0	1	65	3	67	2.26e-22	87.0
tr|A0A332ZKC8|A0A332ZKC8_KLEPN	GCF_009363415.1_WP_152429752.1	50.769	66	68	98	65	32	0	1	65	3	67	2.67e-22	86.7
tr|A0A332ZKC8|A0A332ZKC8_KLEPN	GCF_020991025.1_WP_010864509.1	66.129	66	66	94	62	21	0	1	62	1	62	2.67e-22	86.7
tr|A0A332ZKC8|A0A332ZKC8_KLEPN	GCF_017329545.1_WP_047883162.1	50.769	66	68	98	65	32	0	1	65	3	67	2.71e-22	86.7
tr|A0A332ZKC8|A0A332ZKC8_KLEPN	GCF_003074995.2_WP_012847630.1	69.697	66	66	100	66	20	0	1	66	1	66	3.42e-22	86.4
tr|A0A332ZKC8|A0A332ZKC8_KLEPN	GCF_001547935.1_WP_068714408.1	51.515	66	68	100	66	32	0	1	66	3	68	4.62e-22	86.2
tr|A0A332ZKC8|A0A332ZKC8_KLEPN	GCF_024347675.1_WP_261834940.1	56.923	66	67	98	65	28	0	1	65	3	67	4.74e-22	86.2
tr|A0A332ZKC8|A0A332ZKC8_KLEPN	GCF_002504285.1_WP_005282993.1	69.697	66	66	100	66	20	0	1	66	1	66	6.11e-22	85.9
tr|A0A332ZKC8|A0A332ZKC8_KLEPN	GCF_000264765.2_WP_034163238.1	69.697	66	66	100	66	20	0	1	66	1	66	7.00e-22	85.6
tr|A0A332ZKC8|A0A332ZKC8_KLEPN	GCF_002887615.1_WP_038864665.1	57.353	66	68	100	68	27	1	1	66	1	68	8.94e-22	85.3
tr|A0A332ZKC8|A0A332ZKC8_KLEPN	GCF_001558255.2_WP_005506875.1	50.769	66	68	98	65	32	0	1	65	3	67	9.09e-22	85.3
tr|A0A332ZKC8|A0A332ZKC8_KLEPN	GCF_024347055.1_WP_261893211.1	54.545	66	68	100	66	30	0	1	66	3	68	1.43e-21	84.8
tr|A0A332ZKC8|A0A332ZKC8_KLEPN	GCF_900478135.1_WP_111739360.1	62.121	66	66	100	66	25	0	1	66	1	66	2.38e-21	84.2
tr|A0A332ZKC8|A0A332ZKC8_KLEPN	GCF_005280275.1_WP_069363555.1	58.065	66	67	94	62	26	0	4	65	6	67	3.09e-21	83.9
tr|A0A332ZKC8|A0A332ZKC8_KLEPN	GCF_008931805.1_WP_196805522.1	50.769	66	65	98	65	32	0	1	65	1	65	4.46e-21	83.6
tr|A0A332ZKC8|A0A332ZKC8_KLEPN	GCF_027286365.1_WP_069588633.1	59.677	66	67	94	62	25	0	4	65	6	67	4.56e-21	83.6
tr|A0A332ZKC8|A0A332ZKC8_KLEPN	GCF_011044475.1_WP_033740323.1	69.697	66	66	100	66	20	0	1	66	1	66	1.13e-20	82.5
tr|A0A332ZKC8|A0A332ZKC8_KLEPN	GCF_001456255.1_WP_014232780.1	50.000	66	68	100	68	32	1	1	66	1	68	1.89e-20	81.9
tr|A0A332ZKC8|A0A332ZKC8_KLEPN	GCF_011745665.1_WP_166916350.1	63.333	66	63	91	60	22	0	4	63	2	61	2.45e-20	81.7
tr|A0A332ZKC8|A0A332ZKC8_KLEPN	GCF_003716875.1_WP_123016570.1	53.846	66	69	98	65	30	0	1	65	3	67	2.58e-20	81.7
tr|A0A332ZKC8|A0A332ZKC8_KLEPN	GCF_023195835.1_WP_039478024.1	52.941	66	68	100	68	30	1	1	66	1	68	2.58e-20	81.7
tr|A0A332ZKC8|A0A332ZKC8_KLEPN	GCF_006364355.1_WP_004729231.1	52.239	66	67	98	67	30	1	1	65	1	67	3.10e-20	81.4
tr|A0A332ZKC8|A0A332ZKC8_KLEPN	GCF_000599985.1_WP_025315221.1	60.317	66	66	95	63	25	0	1	63	1	63	8.31e-20	80.2
tr|A0A332ZKC8|A0A332ZKC8_KLEPN	GCF_900465055.1_WP_112718222.1	52.308	66	67	98	65	31	0	1	65	3	67	1.30e-19	80.0
tr|A0A332ZKC8|A0A332ZKC8_KLEPN	GCF_000015285.1_WP_011770537.1	48.485	66	66	100	66	34	0	1	66	1	66	1.37e-19	79.7
tr|A0A332ZKC8|A0A332ZKC8_KLEPN	GCF_024347455.1_WP_017072685.1	50.769	66	67	98	65	32	0	1	65	3	67	2.32e-19	79.1
tr|A0A332ZKC8|A0A332ZKC8_KLEPN	GCF_024582835.1_WP_257083719.1	56.716	66	67	98	67	27	1	1	65	1	67	5.51e-19	78.3
tr|A0A332ZKC8|A0A332ZKC8_KLEPN	GCF_014083925.1_WP_074374154.1	52.308	66	69	98	65	31	0	1	65	3	67	7.27e-19	78.0
tr|A0A332ZKC8|A0A332ZKC8_KLEPN	GCF_000091465.1_WP_009847436.1	50.769	66	67	98	65	32	0	1	65	3	67	8.33e-19	77.7
tr|A0A332ZKC8|A0A332ZKC8_KLEPN	GCF_019226825.1_WP_218562206.1	46.154	66	67	98	65	35	0	1	65	3	67	8.60e-19	77.7
tr|A0A332ZKC8|A0A332ZKC8_KLEPN	GCF_000023065.1_WP_015878480.1	55.556	66	69	95	63	28	0	4	66	6	68	1.32e-18	77.4
tr|A0A332ZKC8|A0A332ZKC8_KLEPN	GCF_024347295.1_WP_017086219.1	52.308	66	67	98	65	31	0	1	65	3	67	1.86e-18	76.9
tr|A0A332ZKC8|A0A332ZKC8_KLEPN	GCF_022371215.1_WP_008222923.1	50.769	66	67	98	65	32	0	1	65	3	67	1.87e-18	76.9
tr|A0A332ZKC8|A0A332ZKC8_KLEPN	GCF_024347475.1_WP_261903044.1	50.769	66	67	98	65	32	0	1	65	3	67	1.97e-18	76.9
tr|A0A332ZKC8|A0A332ZKC8_KLEPN	GCF_014892695.1_WP_193004054.1	43.077	66	68	98	65	37	0	1	65	3	67	2.36e-18	76.6
tr|A0A332ZKC8|A0A332ZKC8_KLEPN	GCF_016026875.1_WP_005301307.1	44.615	66	68	98	65	36	0	1	65	3	67	3.51e-18	76.3
tr|A0A332ZKC8|A0A332ZKC8_KLEPN	GCF_005144905.1_WP_016767591.1	50.769	66	67	98	65	32	0	1	65	3	67	4.08e-18	76.0
tr|A0A332ZKC8|A0A332ZKC8_KLEPN	GCF_024362845.1_WP_032551682.1	50.769	66	67	98	65	32	0	1	65	3	67	4.64e-18	75.7
tr|A0A332ZKC8|A0A332ZKC8_KLEPN	GCF_016026615.1_WP_005345813.1	46.154	66	68	98	65	35	0	1	65	3	67	5.56e-18	75.7
tr|A0A332ZKC8|A0A332ZKC8_KLEPN	GCF_024347635.1_WP_139684079.1	50.769	66	67	98	65	32	0	1	65	3	67	5.70e-18	75.7
tr|A0A332ZKC8|A0A332ZKC8_KLEPN	GCF_014169735.1_WP_010674629.1	44.615	66	68	98	65	36	0	1	65	3	67	6.42e-18	75.5
tr|A0A332ZKC8|A0A332ZKC8_KLEPN	GCF_016127195.1_WP_005352334.1	46.154	66	68	98	65	35	0	1	65	3	67	6.73e-18	75.5
tr|A0A332ZKC8|A0A332ZKC8_KLEPN	GCF_024347355.1_WP_137407914.1	50.769	66	67	98	65	32	0	1	65	3	67	8.55e-18	75.2
tr|A0A332ZKC8|A0A332ZKC8_KLEPN	GCF_003015165.1_WP_005324956.1	43.077	66	68	98	65	37	0	1	65	3	67	8.89e-18	75.2
tr|A0A332ZKC8|A0A332ZKC8_KLEPN	GCF_008693705.1_WP_005336882.1	46.154	66	68	98	65	35	0	1	65	3	67	9.55e-18	75.2
tr|A0A332ZKC8|A0A332ZKC8_KLEPN	GCF_008369605.1_WP_000870111.1	56.923	66	67	98	65	28	0	1	65	3	67	1.73e-17	74.3
tr|A0A332ZKC8|A0A332ZKC8_KLEPN	GCF_020149575.1_WP_005908580.1	44.615	66	68	98	65	36	0	1	65	3	67	1.78e-17	74.3
tr|A0A332ZKC8|A0A332ZKC8_KLEPN	GCF_900637545.1_WP_042653731.1	43.077	66	68	98	65	37	0	1	65	3	67	1.83e-17	74.3
tr|A0A332ZKC8|A0A332ZKC8_KLEPN	GCF_028355655.1_WP_005311233.1	44.615	66	68	98	65	36	0	1	65	3	67	2.08e-17	74.3
tr|A0A332ZKC8|A0A332ZKC8_KLEPN	GCF_001995825.2_WP_060468344.1	50.769	66	67	98	65	32	0	1	65	3	67	8.85e-17	72.7
tr|A0A332ZKC8|A0A332ZKC8_KLEPN	GCF_900465055.1_WP_232011695.1	52.778	66	41	55	36	17	0	1	36	3	38	3.15e-10	55.5

Search has CONVERGED!
# BLAST processed 2 queries
