# PSIBLAST 2.12.0+
# Iteration: 1
# Query: tr|A0A3W0MKT5|A0A3W0MKT5_SALTM UPF0253 protein YaeP OS=Salmonella typhimurium OX=90371 GN=yaeP PE=3 SV=1
# Database: /home/t19045mi/projects/psiblast_ver2/db/chosen-bacteria_proteome_exDup
# Fields: query id, subject id, % identity, query length, subject length, % query coverage per subject, alignment length, mismatches, gap opens, q. start, q. end, s. start, s. end, evalue, bit score
# 196 hits found
tr|A0A3W0MKT5|A0A3W0MKT5_SALTM	GCF_000006945.2_NP_459243.1	98.611	72	72	100	72	1	0	1	72	1	72	1.22e-43	141
tr|A0A3W0MKT5|A0A3W0MKT5_SALTM	GCF_000006925.2_NP_706135.1	93.056	72	72	100	72	5	0	1	72	1	72	9.21e-42	136
tr|A0A3W0MKT5|A0A3W0MKT5_SALTM	GCF_019047765.1_WP_005132083.1	96.970	72	66	92	66	2	0	7	72	1	66	1.11e-38	128
tr|A0A3W0MKT5|A0A3W0MKT5_SALTM	GCF_001558935.2_WP_042323658.1	93.939	72	66	92	66	4	0	7	72	1	66	1.84e-38	128
tr|A0A3W0MKT5|A0A3W0MKT5_SALTM	GCF_000439255.1_WP_013991363.1	96.970	72	66	92	66	2	0	7	72	1	66	2.14e-38	127
tr|A0A3W0MKT5|A0A3W0MKT5_SALTM	GCF_008693645.1_WP_024132476.1	95.455	72	66	92	66	3	0	7	72	1	66	2.35e-38	127
tr|A0A3W0MKT5|A0A3W0MKT5_SALTM	GCF_004684345.1_WP_096758222.1	95.455	72	66	92	66	3	0	7	72	1	66	6.51e-38	126
tr|A0A3W0MKT5|A0A3W0MKT5_SALTM	GCF_000018045.1_WP_012133967.1	95.455	72	66	92	66	3	0	7	72	1	66	6.83e-38	126
tr|A0A3W0MKT5|A0A3W0MKT5_SALTM	GCF_003812345.1_WP_003018499.1	93.939	72	66	92	66	4	0	7	72	1	66	9.69e-38	126
tr|A0A3W0MKT5|A0A3W0MKT5_SALTM	GCF_003812925.1_WP_004107902.1	92.424	72	66	92	66	5	0	7	72	1	66	1.41e-37	125
tr|A0A3W0MKT5|A0A3W0MKT5_SALTM	GCF_004353845.1_WP_048214883.1	92.424	72	66	92	66	5	0	7	72	1	66	2.75e-37	125
tr|A0A3W0MKT5|A0A3W0MKT5_SALTM	GCF_007632255.1_WP_015368145.1	90.909	72	66	92	66	6	0	7	72	1	66	3.86e-37	124
tr|A0A3W0MKT5|A0A3W0MKT5_SALTM	GCF_024224615.1_WP_125293587.1	92.424	72	66	92	66	5	0	7	72	1	66	3.89e-37	124
tr|A0A3W0MKT5|A0A3W0MKT5_SALTM	GCF_011068345.1_WP_002436993.1	92.424	72	66	92	66	5	0	7	72	1	66	4.05e-37	124
tr|A0A3W0MKT5|A0A3W0MKT5_SALTM	GCF_015139575.1_WP_004098778.1	90.909	72	66	92	66	6	0	7	72	1	66	5.06e-37	124
tr|A0A3W0MKT5|A0A3W0MKT5_SALTM	GCF_018128425.1_WP_042289831.1	92.424	72	66	92	66	5	0	7	72	1	66	5.84e-37	124
tr|A0A3W0MKT5|A0A3W0MKT5_SALTM	GCF_000005845.2_YP_026160.1	92.424	72	66	92	66	5	0	7	72	1	66	5.89e-37	124
tr|A0A3W0MKT5|A0A3W0MKT5_SALTM	GCF_021172065.1_WP_015965826.1	89.394	72	66	92	66	7	0	7	72	1	66	7.42e-37	123
tr|A0A3W0MKT5|A0A3W0MKT5_SALTM	GCF_009648975.1_WP_002889429.1	89.394	72	66	92	66	7	0	7	72	1	66	1.71e-36	123
tr|A0A3W0MKT5|A0A3W0MKT5_SALTM	GCF_003935895.2_WP_110510859.1	87.879	72	66	92	66	8	0	7	72	1	66	2.31e-36	122
tr|A0A3W0MKT5|A0A3W0MKT5_SALTM	GCF_012029655.1_WP_041144146.1	87.879	72	66	92	66	8	0	7	72	1	66	5.37e-36	121
tr|A0A3W0MKT5|A0A3W0MKT5_SALTM	GCF_003019925.1_WP_043085884.1	87.879	72	66	92	66	8	0	7	72	1	66	5.81e-36	121
tr|A0A3W0MKT5|A0A3W0MKT5_SALTM	GCF_001461805.1_WP_013367514.1	87.879	72	66	92	66	8	0	7	72	1	66	8.18e-36	121
tr|A0A3W0MKT5|A0A3W0MKT5_SALTM	GCF_016415705.1_WP_080936164.1	87.879	72	66	92	66	8	0	7	72	1	66	9.15e-36	121
tr|A0A3W0MKT5|A0A3W0MKT5_SALTM	GCF_003261575.2_WP_110272452.1	87.879	72	66	92	66	8	0	7	72	1	66	9.67e-36	121
tr|A0A3W0MKT5|A0A3W0MKT5_SALTM	GCF_001518835.1_WP_032616635.1	87.879	72	66	92	66	8	0	7	72	1	66	1.86e-35	120
tr|A0A3W0MKT5|A0A3W0MKT5_SALTM	GCF_001750725.1_WP_014168721.1	92.188	72	66	89	64	5	0	9	72	3	66	2.55e-35	120
tr|A0A3W0MKT5|A0A3W0MKT5_SALTM	GCF_001658025.2_WP_007373244.1	87.879	72	66	92	66	8	0	7	72	1	66	3.26e-35	119
tr|A0A3W0MKT5|A0A3W0MKT5_SALTM	GCF_022637595.1_WP_004858155.1	87.879	72	66	92	66	8	0	7	72	1	66	3.62e-35	119
tr|A0A3W0MKT5|A0A3W0MKT5_SALTM	GCF_017348915.1_WP_040077076.1	84.848	72	66	92	66	10	0	7	72	1	66	6.46e-35	119
tr|A0A3W0MKT5|A0A3W0MKT5_SALTM	GCF_001022135.1_WP_039078450.1	89.062	72	66	89	64	7	0	9	72	3	66	6.89e-35	118
tr|A0A3W0MKT5|A0A3W0MKT5_SALTM	GCF_001729805.1_WP_008501889.1	90.625	72	66	89	64	6	0	9	72	3	66	7.17e-35	118
tr|A0A3W0MKT5|A0A3W0MKT5_SALTM	GCF_001683395.1_WP_017458016.1	86.364	72	66	92	66	9	0	7	72	1	66	8.81e-35	118
tr|A0A3W0MKT5|A0A3W0MKT5_SALTM	GCF_001277235.1_WP_007718147.1	81.818	72	66	92	66	12	0	7	72	1	66	9.03e-35	118
tr|A0A3W0MKT5|A0A3W0MKT5_SALTM	GCF_000224675.1_WP_006173580.1	89.062	72	66	89	64	7	0	9	72	3	66	9.85e-35	118
tr|A0A3W0MKT5|A0A3W0MKT5_SALTM	GCF_022637515.1_WP_064540227.1	86.364	72	66	92	66	9	0	7	72	1	66	1.02e-34	118
tr|A0A3W0MKT5|A0A3W0MKT5_SALTM	GCF_002393445.1_WP_008456963.1	86.364	72	66	92	66	9	0	7	72	1	66	1.47e-34	118
tr|A0A3W0MKT5|A0A3W0MKT5_SALTM	GCF_001277255.1_WP_007666631.1	83.333	72	66	92	66	11	0	7	72	1	66	1.48e-34	118
tr|A0A3W0MKT5|A0A3W0MKT5_SALTM	GCF_009176645.1_WP_152083530.1	90.625	72	66	89	64	6	0	9	72	3	66	2.23e-34	117
tr|A0A3W0MKT5|A0A3W0MKT5_SALTM	GCF_023195735.1_WP_035891979.1	85.938	72	66	89	64	9	0	9	72	3	66	2.48e-34	117
tr|A0A3W0MKT5|A0A3W0MKT5_SALTM	GCF_001277195.1_WP_038864664.1	81.818	72	66	92	66	12	0	7	72	1	66	3.75e-34	117
tr|A0A3W0MKT5|A0A3W0MKT5_SALTM	GCF_025914095.1_WP_031518415.1	84.848	72	66	92	66	10	0	7	72	1	66	4.87e-34	116
tr|A0A3W0MKT5|A0A3W0MKT5_SALTM	GCF_900635955.1_WP_126357485.1	86.364	72	66	92	66	9	0	7	72	1	66	5.80e-34	116
tr|A0A3W0MKT5|A0A3W0MKT5_SALTM	GCF_025758125.1_WP_023480353.1	83.333	72	66	92	66	11	0	7	72	1	66	6.48e-34	116
tr|A0A3W0MKT5|A0A3W0MKT5_SALTM	GCF_006711645.1_WP_100682483.1	86.364	72	66	92	66	9	0	7	72	1	66	8.04e-34	116
tr|A0A3W0MKT5|A0A3W0MKT5_SALTM	GCF_019048625.1_WP_003856146.1	85.938	72	66	89	64	9	0	9	72	3	66	1.07e-33	116
tr|A0A3W0MKT5|A0A3W0MKT5_SALTM	GCF_013234275.1_WP_172895487.1	83.333	72	66	92	66	11	0	7	72	1	66	1.07e-33	116
tr|A0A3W0MKT5|A0A3W0MKT5_SALTM	GCF_001277215.2_WP_004385445.1	80.303	72	66	92	66	13	0	7	72	1	66	1.84e-33	115
tr|A0A3W0MKT5|A0A3W0MKT5_SALTM	GCF_009649915.1_WP_062772226.1	83.333	72	66	92	66	11	0	7	72	1	66	4.17e-33	114
tr|A0A3W0MKT5|A0A3W0MKT5_SALTM	GCF_003516125.1_WP_007896683.1	78.788	72	66	92	66	14	0	7	72	1	66	5.08e-33	114
tr|A0A3W0MKT5|A0A3W0MKT5_SALTM	GCF_020342335.1_WP_071852482.1	78.788	72	66	92	66	14	0	7	72	1	66	4.28e-32	111
tr|A0A3W0MKT5|A0A3W0MKT5_SALTM	GCF_001277175.1_WP_007697550.1	78.788	72	66	92	66	14	0	7	72	1	66	6.37e-32	111
tr|A0A3W0MKT5|A0A3W0MKT5_SALTM	GCF_005671395.1_WP_138095873.1	75.758	72	66	92	66	16	0	7	72	1	66	9.03e-32	111
tr|A0A3W0MKT5|A0A3W0MKT5_SALTM	GCF_000262305.1_WP_034920208.1	77.273	72	66	92	66	15	0	7	72	1	66	9.25e-32	111
tr|A0A3W0MKT5|A0A3W0MKT5_SALTM	GCF_005484945.1_WP_137712818.1	75.758	72	66	92	66	16	0	7	72	1	66	7.19e-31	108
tr|A0A3W0MKT5|A0A3W0MKT5_SALTM	GCF_021365465.1_WP_016190320.1	75.758	72	66	92	66	16	0	7	72	1	66	1.29e-30	108
tr|A0A3W0MKT5|A0A3W0MKT5_SALTM	GCF_017498685.1_WP_004719628.1	78.788	72	66	92	66	14	0	7	72	1	66	1.93e-30	107
tr|A0A3W0MKT5|A0A3W0MKT5_SALTM	GCF_022637475.1_WP_013574215.1	77.273	72	66	92	66	15	0	7	72	1	66	1.99e-30	107
tr|A0A3W0MKT5|A0A3W0MKT5_SALTM	GCF_019890955.1_WP_021507470.1	75.758	72	66	92	66	16	0	7	72	1	66	2.24e-30	107
tr|A0A3W0MKT5|A0A3W0MKT5_SALTM	GCF_000196615.1_WP_071822098.1	74.242	72	66	92	66	17	0	7	72	1	66	2.59e-30	107
tr|A0A3W0MKT5|A0A3W0MKT5_SALTM	GCF_002291445.1_WP_048635885.1	75.758	72	66	92	66	16	0	7	72	1	66	3.44e-30	107
tr|A0A3W0MKT5|A0A3W0MKT5_SALTM	GCF_002101395.1_WP_165786514.1	74.242	72	66	92	66	17	0	7	72	1	66	3.44e-30	107
tr|A0A3W0MKT5|A0A3W0MKT5_SALTM	GCF_021276285.1_WP_015696108.1	75.758	72	66	92	66	16	0	7	72	1	66	6.01e-30	106
tr|A0A3W0MKT5|A0A3W0MKT5_SALTM	GCF_000214235.1_WP_006318652.1	77.273	72	66	92	66	15	0	7	72	1	66	6.25e-30	106
tr|A0A3W0MKT5|A0A3W0MKT5_SALTM	GCF_020683125.1_WP_133842176.1	75.758	72	67	92	66	16	0	7	72	1	66	7.50e-30	106
tr|A0A3W0MKT5|A0A3W0MKT5_SALTM	GCF_017569925.1_WP_208228064.1	75.758	72	66	92	66	16	0	7	72	1	66	1.43e-29	105
tr|A0A3W0MKT5|A0A3W0MKT5_SALTM	GCF_002953195.1_WP_038628013.1	71.212	72	66	92	66	19	0	7	72	1	66	2.43e-29	104
tr|A0A3W0MKT5|A0A3W0MKT5_SALTM	GCF_002288545.1_WP_010285748.1	74.242	72	66	92	66	17	0	7	72	1	66	2.66e-29	104
tr|A0A3W0MKT5|A0A3W0MKT5_SALTM	GCF_900638135.1_WP_012146467.1	75.758	72	66	92	66	16	0	7	72	1	66	2.76e-29	104
tr|A0A3W0MKT5|A0A3W0MKT5_SALTM	GCF_001742185.1_WP_015731006.1	74.242	72	66	92	66	17	0	7	72	1	66	2.81e-29	104
tr|A0A3W0MKT5|A0A3W0MKT5_SALTM	GCF_009914055.1_WP_160619716.1	71.212	72	66	92	66	19	0	7	72	1	66	2.95e-29	104
tr|A0A3W0MKT5|A0A3W0MKT5_SALTM	GCF_000233595.1_WP_014606545.1	72.727	72	66	92	66	18	0	7	72	1	66	3.77e-29	104
tr|A0A3W0MKT5|A0A3W0MKT5_SALTM	GCF_019048385.1_WP_010254172.1	71.212	72	66	92	66	19	0	7	72	1	66	4.32e-29	104
tr|A0A3W0MKT5|A0A3W0MKT5_SALTM	GCF_019844095.1_WP_062747067.1	74.242	72	67	92	66	17	0	7	72	1	66	5.14e-29	103
tr|A0A3W0MKT5|A0A3W0MKT5_SALTM	GCF_004792415.1_WP_003852623.1	69.697	72	66	92	66	20	0	7	72	1	66	5.35e-29	103
tr|A0A3W0MKT5|A0A3W0MKT5_SALTM	GCF_021462285.1_WP_073970287.1	75.758	72	66	92	66	16	0	7	72	1	66	5.43e-29	103
tr|A0A3W0MKT5|A0A3W0MKT5_SALTM	GCF_022647325.1_WP_111140598.1	69.697	72	66	92	66	20	0	7	72	1	66	5.88e-29	103
tr|A0A3W0MKT5|A0A3W0MKT5_SALTM	GCF_000023545.1_WP_015854636.1	74.242	72	66	92	66	17	0	7	72	1	66	6.12e-29	103
tr|A0A3W0MKT5|A0A3W0MKT5_SALTM	GCF_000222975.1_WP_002212152.1	77.273	72	66	92	66	15	0	7	72	1	66	6.17e-29	103
tr|A0A3W0MKT5|A0A3W0MKT5_SALTM	GCF_008364325.2_WP_041415645.1	75.758	72	66	92	66	16	0	7	72	1	66	6.68e-29	103
tr|A0A3W0MKT5|A0A3W0MKT5_SALTM	GCF_000023565.1_WP_012770817.1	72.727	72	66	92	66	18	0	7	72	1	66	9.26e-29	103
tr|A0A3W0MKT5|A0A3W0MKT5_SALTM	GCF_022647505.1_WP_128179457.1	71.212	72	66	92	66	19	0	7	72	1	66	9.40e-29	103
tr|A0A3W0MKT5|A0A3W0MKT5_SALTM	GCF_000520015.2_WP_071882816.1	75.758	72	66	92	66	16	0	7	72	1	66	9.63e-29	103
tr|A0A3W0MKT5|A0A3W0MKT5_SALTM	GCF_000025065.1_WP_012883680.1	74.242	72	66	92	66	17	0	7	72	1	66	1.88e-28	102
tr|A0A3W0MKT5|A0A3W0MKT5_SALTM	GCF_009730055.1_WP_005185672.1	74.242	72	66	92	66	17	0	7	72	1	66	2.98e-28	102
tr|A0A3W0MKT5|A0A3W0MKT5_SALTM	GCF_017309605.1_WP_033652508.1	72.727	72	66	92	66	18	0	7	72	1	66	3.69e-28	101
tr|A0A3W0MKT5|A0A3W0MKT5_SALTM	GCF_000147055.1_WP_013316770.1	72.727	72	66	92	66	18	0	7	72	1	66	3.87e-28	101
tr|A0A3W0MKT5|A0A3W0MKT5_SALTM	GCF_000834395.1_WP_004704314.1	74.242	72	66	92	66	17	0	7	72	1	66	4.36e-28	101
tr|A0A3W0MKT5|A0A3W0MKT5_SALTM	GCF_001006005.1_WP_024529521.1	72.727	72	66	92	66	18	0	7	72	1	66	4.88e-28	101
tr|A0A3W0MKT5|A0A3W0MKT5_SALTM	GCF_001642805.2_WP_004931993.1	72.727	72	66	92	66	18	0	7	72	1	66	5.90e-28	101
tr|A0A3W0MKT5|A0A3W0MKT5_SALTM	GCF_025133195.1_WP_004706681.1	75.758	72	67	92	66	16	0	7	72	1	66	6.44e-28	101
tr|A0A3W0MKT5|A0A3W0MKT5_SALTM	GCF_004124235.1_WP_004391680.1	74.242	72	66	92	66	17	0	7	72	1	66	7.03e-28	101
tr|A0A3W0MKT5|A0A3W0MKT5_SALTM	GCF_015999465.1_WP_085688157.1	74.242	72	66	92	66	17	0	7	72	1	66	8.04e-28	100
tr|A0A3W0MKT5|A0A3W0MKT5_SALTM	GCF_000740965.1_WP_039290563.1	71.212	72	66	92	66	19	0	7	72	1	66	1.02e-27	100
tr|A0A3W0MKT5|A0A3W0MKT5_SALTM	GCF_005484965.1_WP_009114128.1	72.727	72	66	92	66	18	0	7	72	1	66	1.67e-27	100
tr|A0A3W0MKT5|A0A3W0MKT5_SALTM	GCF_009817885.1_WP_015673539.1	72.727	72	66	92	66	18	0	7	72	1	66	2.30e-27	99.8
tr|A0A3W0MKT5|A0A3W0MKT5_SALTM	GCF_900095885.1_WP_035340383.1	72.727	72	67	92	66	18	0	7	72	1	66	3.28e-27	99.5
tr|A0A3W0MKT5|A0A3W0MKT5_SALTM	GCF_025946765.1_WP_264497927.1	69.697	72	67	92	66	20	0	7	72	1	66	3.36e-27	99.5
tr|A0A3W0MKT5|A0A3W0MKT5_SALTM	GCF_002291425.1_WP_095849075.1	72.727	72	66	92	66	18	0	7	72	1	66	3.76e-27	99.2
tr|A0A3W0MKT5|A0A3W0MKT5_SALTM	GCF_011617105.1_WP_008814496.1	73.438	72	66	89	64	17	0	7	70	1	64	4.66e-27	99.2
tr|A0A3W0MKT5|A0A3W0MKT5_SALTM	GCF_003074995.2_WP_012847630.1	69.697	72	66	92	66	20	0	7	72	1	66	5.25e-27	98.9
tr|A0A3W0MKT5|A0A3W0MKT5_SALTM	GCF_002504285.1_WP_005282993.1	69.697	72	66	92	66	20	0	7	72	1	66	7.75e-27	98.6
tr|A0A3W0MKT5|A0A3W0MKT5_SALTM	GCF_000264765.2_WP_034163238.1	69.697	72	66	92	66	20	0	7	72	1	66	8.60e-27	98.4
tr|A0A3W0MKT5|A0A3W0MKT5_SALTM	GCF_900638655.1_WP_047781752.1	69.697	72	66	92	66	20	0	7	72	1	66	2.18e-26	97.2
tr|A0A3W0MKT5|A0A3W0MKT5_SALTM	GCF_003515985.1_WP_085653100.1	69.697	72	66	92	66	20	0	7	72	1	66	2.34e-26	97.2
tr|A0A3W0MKT5|A0A3W0MKT5_SALTM	GCF_003096015.2_WP_108901554.1	69.697	72	66	92	66	20	0	7	72	1	66	3.65e-26	96.7
tr|A0A3W0MKT5|A0A3W0MKT5_SALTM	GCF_019797845.1_WP_222158376.1	66.667	72	66	92	66	22	0	7	72	1	66	6.84e-26	96.1
tr|A0A3W0MKT5|A0A3W0MKT5_SALTM	GCF_020079945.1_WP_071669043.1	66.667	72	66	92	66	22	0	7	72	1	66	4.36e-25	94.1
tr|A0A3W0MKT5|A0A3W0MKT5_SALTM	GCF_900478135.1_WP_111739360.1	68.254	72	66	88	63	20	0	7	69	1	63	4.15e-23	89.1
tr|A0A3W0MKT5|A0A3W0MKT5_SALTM	GCF_011044475.1_WP_033740323.1	69.697	72	66	92	66	20	0	7	72	1	66	6.17e-23	88.5
tr|A0A3W0MKT5|A0A3W0MKT5_SALTM	GCF_024346995.1_WP_077312147.1	61.017	72	68	82	59	23	0	11	69	7	65	6.23e-22	86.0
tr|A0A3W0MKT5|A0A3W0MKT5_SALTM	GCF_011745665.1_WP_166916350.1	63.333	72	63	83	60	22	0	10	69	2	61	7.63e-22	85.7
tr|A0A3W0MKT5|A0A3W0MKT5_SALTM	GCF_002157735.2_WP_086982498.1	59.375	72	67	89	64	26	0	6	69	2	65	1.48e-21	85.1
tr|A0A3W0MKT5|A0A3W0MKT5_SALTM	GCF_019977755.1_WP_101113434.1	54.688	72	68	89	64	29	0	6	69	2	65	3.26e-21	84.3
tr|A0A3W0MKT5|A0A3W0MKT5_SALTM	GCF_024347395.1_WP_017053999.1	61.017	72	67	82	59	23	0	11	69	7	65	3.67e-21	84.0
tr|A0A3W0MKT5|A0A3W0MKT5_SALTM	GCF_027286365.1_WP_069588633.1	57.812	72	67	89	64	27	0	6	69	2	65	3.85e-21	84.0
tr|A0A3W0MKT5|A0A3W0MKT5_SALTM	GCF_019670485.1_WP_221067978.1	62.712	72	67	82	59	22	0	11	69	7	65	4.07e-21	84.0
tr|A0A3W0MKT5|A0A3W0MKT5_SALTM	GCF_024347055.1_WP_261893211.1	61.290	72	68	86	62	24	0	11	72	7	68	4.47e-21	83.7
tr|A0A3W0MKT5|A0A3W0MKT5_SALTM	GCF_009938225.1_WP_075651756.1	57.812	72	67	89	64	27	0	6	69	2	65	5.21e-21	83.7
tr|A0A3W0MKT5|A0A3W0MKT5_SALTM	GCF_024347075.1_WP_261874095.1	59.322	72	67	82	59	24	0	11	69	7	65	5.25e-21	83.7
tr|A0A3W0MKT5|A0A3W0MKT5_SALTM	GCF_001558415.2_WP_020431399.1	61.017	72	67	82	59	23	0	11	69	7	65	5.33e-21	83.7
tr|A0A3W0MKT5|A0A3W0MKT5_SALTM	GCF_005280275.1_WP_069363555.1	53.125	72	67	89	64	30	0	6	69	2	65	8.25e-21	83.2
tr|A0A3W0MKT5|A0A3W0MKT5_SALTM	GCF_002204915.1_WP_017420216.1	61.017	72	67	82	59	23	0	11	69	7	65	9.08e-21	83.2
tr|A0A3W0MKT5|A0A3W0MKT5_SALTM	GCF_020991025.1_WP_010864509.1	61.667	72	66	83	60	23	0	9	68	3	62	1.11e-20	82.9
tr|A0A3W0MKT5|A0A3W0MKT5_SALTM	GCF_024346975.1_WP_021714761.1	57.627	72	67	82	59	25	0	11	69	7	65	1.20e-20	82.9
tr|A0A3W0MKT5|A0A3W0MKT5_SALTM	GCF_002257545.1_WP_010319078.1	61.017	72	68	82	59	23	0	11	69	7	65	1.33e-20	82.6
tr|A0A3W0MKT5|A0A3W0MKT5_SALTM	GCF_000024825.1_WP_005391765.1	62.712	72	68	82	59	22	0	11	69	7	65	1.58e-20	82.6
tr|A0A3W0MKT5|A0A3W0MKT5_SALTM	GCF_024346795.1_WP_017029145.1	59.322	72	67	82	59	24	0	11	69	7	65	1.62e-20	82.3
tr|A0A3W0MKT5|A0A3W0MKT5_SALTM	GCF_009601765.2_WP_153446342.1	57.627	72	67	82	59	25	0	11	69	7	65	1.62e-20	82.3
tr|A0A3W0MKT5|A0A3W0MKT5_SALTM	GCF_023650915.1_WP_033905529.1	62.712	72	69	82	59	22	0	11	69	7	65	1.66e-20	82.3
tr|A0A3W0MKT5|A0A3W0MKT5_SALTM	GCF_024347675.1_WP_261834940.1	57.812	72	67	89	64	27	0	6	69	2	65	2.25e-20	82.0
tr|A0A3W0MKT5|A0A3W0MKT5_SALTM	GCF_010587385.1_WP_164647556.1	62.712	72	68	82	59	22	0	11	69	7	65	3.42e-20	81.5
tr|A0A3W0MKT5|A0A3W0MKT5_SALTM	GCF_002021755.1_WP_005529380.1	62.712	72	68	82	59	22	0	11	69	7	65	3.51e-20	81.5
tr|A0A3W0MKT5|A0A3W0MKT5_SALTM	GCF_009938205.1_WP_075706335.1	57.812	72	67	89	64	27	0	6	69	2	65	3.74e-20	81.5
tr|A0A3W0MKT5|A0A3W0MKT5_SALTM	GCF_024347115.1_WP_077332807.1	53.226	72	69	86	62	29	0	11	72	7	68	3.82e-20	81.5
tr|A0A3W0MKT5|A0A3W0MKT5_SALTM	GCF_003716875.1_WP_123016570.1	61.017	72	69	82	59	23	0	11	69	7	65	4.04e-20	81.5
tr|A0A3W0MKT5|A0A3W0MKT5_SALTM	GCF_011064285.1_WP_165310536.1	59.322	72	68	82	59	24	0	11	69	7	65	5.43e-20	81.2
tr|A0A3W0MKT5|A0A3W0MKT5_SALTM	GCF_009938185.1_WP_162047597.1	56.250	72	67	89	64	28	0	6	69	2	65	5.79e-20	80.9
tr|A0A3W0MKT5|A0A3W0MKT5_SALTM	GCF_024347095.1_WP_038182092.1	57.627	72	69	82	59	25	0	11	69	7	65	5.83e-20	80.9
tr|A0A3W0MKT5|A0A3W0MKT5_SALTM	GCF_024347035.1_WP_042488988.1	59.322	72	68	82	59	24	0	11	69	7	65	5.88e-20	80.9
tr|A0A3W0MKT5|A0A3W0MKT5_SALTM	GCF_002214395.1_WP_010449800.1	61.017	72	67	82	59	23	0	11	69	7	65	6.17e-20	80.9
tr|A0A3W0MKT5|A0A3W0MKT5_SALTM	GCF_900233005.1_WP_102522112.1	57.627	72	67	82	59	25	0	11	69	7	65	7.06e-20	80.9
tr|A0A3W0MKT5|A0A3W0MKT5_SALTM	GCF_002218045.2_WP_089140529.1	55.932	72	67	82	59	26	0	11	69	7	65	7.17e-20	80.9
tr|A0A3W0MKT5|A0A3W0MKT5_SALTM	GCF_024346875.1_WP_261816828.1	59.322	72	67	82	59	24	0	11	69	7	65	8.27e-20	80.6
tr|A0A3W0MKT5|A0A3W0MKT5_SALTM	GCF_001547935.1_WP_068714408.1	58.065	72	68	86	62	26	0	11	72	7	68	9.93e-20	80.4
tr|A0A3W0MKT5|A0A3W0MKT5_SALTM	GCF_026001925.1_WP_105903071.1	57.812	72	67	89	64	27	0	6	69	2	65	1.09e-19	80.4
tr|A0A3W0MKT5|A0A3W0MKT5_SALTM	GCF_024346755.1_WP_073603885.1	54.688	72	68	89	64	29	0	6	69	2	65	1.25e-19	80.1
tr|A0A3W0MKT5|A0A3W0MKT5_SALTM	GCF_024494545.1_WP_080175675.1	53.125	72	67	89	64	30	0	6	69	2	65	2.44e-19	79.5
tr|A0A3W0MKT5|A0A3W0MKT5_SALTM	GCF_000770115.1_WP_005446221.1	59.322	72	68	82	59	24	0	11	69	7	65	3.74e-19	79.0
tr|A0A3W0MKT5|A0A3W0MKT5_SALTM	GCF_002196515.1_WP_021020922.1	55.932	72	68	82	59	26	0	11	69	7	65	3.83e-19	79.0
tr|A0A3W0MKT5|A0A3W0MKT5_SALTM	GCF_024346675.1_WP_094955825.1	54.688	72	67	89	64	29	0	6	69	2	65	4.29e-19	78.7
tr|A0A3W0MKT5|A0A3W0MKT5_SALTM	GCF_000772105.1_WP_004742991.1	57.627	72	68	82	59	25	0	11	69	7	65	5.53e-19	78.7
tr|A0A3W0MKT5|A0A3W0MKT5_SALTM	GCF_024346715.1_WP_048899954.1	54.688	72	67	89	64	29	0	6	69	2	65	6.91e-19	78.4
tr|A0A3W0MKT5|A0A3W0MKT5_SALTM	GCF_000196495.1_WP_023603694.1	53.125	72	68	89	64	30	0	6	69	2	65	8.09e-19	78.1
tr|A0A3W0MKT5|A0A3W0MKT5_SALTM	GCF_000599985.1_WP_025315221.1	59.016	72	66	85	61	25	0	9	69	3	63	8.23e-19	78.1
tr|A0A3W0MKT5|A0A3W0MKT5_SALTM	GCF_000940995.1_WP_039458213.1	53.125	72	68	89	64	30	0	6	69	2	65	1.22e-18	77.5
tr|A0A3W0MKT5|A0A3W0MKT5_SALTM	GCF_024347495.1_WP_137373540.1	51.562	72	67	89	64	31	0	6	69	2	65	1.76e-18	77.3
tr|A0A3W0MKT5|A0A3W0MKT5_SALTM	GCF_019703835.1_WP_087022950.1	51.562	72	67	89	64	31	0	6	69	2	65	1.90e-18	77.3
tr|A0A3W0MKT5|A0A3W0MKT5_SALTM	GCF_017329545.1_WP_047883162.1	53.125	72	68	89	64	30	0	6	69	2	65	2.86e-18	76.7
tr|A0A3W0MKT5|A0A3W0MKT5_SALTM	GCF_024346955.1_WP_087479854.1	53.125	72	68	89	64	30	0	6	69	2	65	3.49e-18	76.4
tr|A0A3W0MKT5|A0A3W0MKT5_SALTM	GCF_014879975.1_WP_192889240.1	51.562	72	67	89	64	31	0	6	69	2	65	3.97e-18	76.4
tr|A0A3W0MKT5|A0A3W0MKT5_SALTM	GCF_009363415.1_WP_152429752.1	53.968	72	68	88	63	29	0	6	68	2	64	4.06e-18	76.4
tr|A0A3W0MKT5|A0A3W0MKT5_SALTM	GCF_001558255.2_WP_005506875.1	48.438	72	68	89	64	33	0	6	69	2	65	9.29e-18	75.3
tr|A0A3W0MKT5|A0A3W0MKT5_SALTM	GCF_002887615.1_WP_038864665.1	61.017	72	68	82	59	23	0	11	69	7	65	1.14e-16	72.8
tr|A0A3W0MKT5|A0A3W0MKT5_SALTM	GCF_006364355.1_WP_004729231.1	59.322	72	67	82	59	24	0	11	69	7	65	2.95e-16	71.6
tr|A0A3W0MKT5|A0A3W0MKT5_SALTM	GCF_024582835.1_WP_257083719.1	62.712	72	67	82	59	22	0	11	69	7	65	8.69e-16	70.5
tr|A0A3W0MKT5|A0A3W0MKT5_SALTM	GCF_014083925.1_WP_074374154.1	54.237	72	69	82	59	27	0	11	69	7	65	1.79e-15	69.7
tr|A0A3W0MKT5|A0A3W0MKT5_SALTM	GCF_023195835.1_WP_039478024.1	59.322	72	68	82	59	24	0	11	69	7	65	2.02e-15	69.4
tr|A0A3W0MKT5|A0A3W0MKT5_SALTM	GCF_014892695.1_WP_193004054.1	52.542	72	68	82	59	28	0	11	69	7	65	6.03e-15	68.3
tr|A0A3W0MKT5|A0A3W0MKT5_SALTM	GCF_001456255.1_WP_014232780.1	59.322	72	68	82	59	24	0	11	69	7	65	9.05e-15	67.7
tr|A0A3W0MKT5|A0A3W0MKT5_SALTM	GCF_016026615.1_WP_005345813.1	50.000	72	68	89	64	32	0	6	69	2	65	1.24e-14	67.4
tr|A0A3W0MKT5|A0A3W0MKT5_SALTM	GCF_019226825.1_WP_218562206.1	57.627	72	67	82	59	25	0	11	69	7	65	1.45e-14	67.1
tr|A0A3W0MKT5|A0A3W0MKT5_SALTM	GCF_008693705.1_WP_005336882.1	52.542	72	68	82	59	28	0	11	69	7	65	1.55e-14	67.1
tr|A0A3W0MKT5|A0A3W0MKT5_SALTM	GCF_008369605.1_WP_000870111.1	59.375	72	67	89	64	26	0	6	69	2	65	3.01e-14	66.6
tr|A0A3W0MKT5|A0A3W0MKT5_SALTM	GCF_016127195.1_WP_005352334.1	52.542	72	68	82	59	28	0	11	69	7	65	3.18e-14	66.3
tr|A0A3W0MKT5|A0A3W0MKT5_SALTM	GCF_000023065.1_WP_015878480.1	55.000	72	69	83	60	27	0	10	69	6	65	4.16e-14	66.0
tr|A0A3W0MKT5|A0A3W0MKT5_SALTM	GCF_016026875.1_WP_005301307.1	48.438	72	68	89	64	33	0	6	69	2	65	6.19e-14	65.7
tr|A0A3W0MKT5|A0A3W0MKT5_SALTM	GCF_000015285.1_WP_011770537.1	49.206	72	66	88	63	32	0	10	72	4	66	8.59e-14	65.2
tr|A0A3W0MKT5|A0A3W0MKT5_SALTM	GCF_003015165.1_WP_005324956.1	48.438	72	68	89	64	33	0	6	69	2	65	1.10e-13	65.2
tr|A0A3W0MKT5|A0A3W0MKT5_SALTM	GCF_014169735.1_WP_010674629.1	48.438	72	68	89	64	33	0	6	69	2	65	1.14e-13	64.9
tr|A0A3W0MKT5|A0A3W0MKT5_SALTM	GCF_008931805.1_WP_196805522.1	54.237	72	65	82	59	27	0	11	69	5	63	1.16e-13	64.9
tr|A0A3W0MKT5|A0A3W0MKT5_SALTM	GCF_024347455.1_WP_017072685.1	51.562	72	67	89	64	31	0	6	69	2	65	1.36e-13	64.9
tr|A0A3W0MKT5|A0A3W0MKT5_SALTM	GCF_028355655.1_WP_005311233.1	46.875	72	68	89	64	34	0	6	69	2	65	2.11e-13	64.3
tr|A0A3W0MKT5|A0A3W0MKT5_SALTM	GCF_900465055.1_WP_112718222.1	50.847	72	67	82	59	29	0	11	69	7	65	2.12e-13	64.3
tr|A0A3W0MKT5|A0A3W0MKT5_SALTM	GCF_024347295.1_WP_017086219.1	53.125	72	67	89	64	30	0	6	69	2	65	7.94e-13	62.9
tr|A0A3W0MKT5|A0A3W0MKT5_SALTM	GCF_020149575.1_WP_005908580.1	49.153	72	68	82	59	30	0	11	69	7	65	9.53e-13	62.6
tr|A0A3W0MKT5|A0A3W0MKT5_SALTM	GCF_024347475.1_WP_261903044.1	53.125	72	67	89	64	30	0	6	69	2	65	1.28e-12	62.4
tr|A0A3W0MKT5|A0A3W0MKT5_SALTM	GCF_001995825.2_WP_060468344.1	53.125	72	67	89	64	30	0	6	69	2	65	1.33e-12	62.4
tr|A0A3W0MKT5|A0A3W0MKT5_SALTM	GCF_022371215.1_WP_008222923.1	53.125	72	67	89	64	30	0	6	69	2	65	1.80e-12	62.1
tr|A0A3W0MKT5|A0A3W0MKT5_SALTM	GCF_024347635.1_WP_139684079.1	53.125	72	67	89	64	30	0	6	69	2	65	1.81e-12	61.8
tr|A0A3W0MKT5|A0A3W0MKT5_SALTM	GCF_024347355.1_WP_137407914.1	53.125	72	67	89	64	30	0	6	69	2	65	1.92e-12	61.8
tr|A0A3W0MKT5|A0A3W0MKT5_SALTM	GCF_900637545.1_WP_042653731.1	45.312	72	68	89	64	35	0	6	69	2	65	1.98e-12	61.8
tr|A0A3W0MKT5|A0A3W0MKT5_SALTM	GCF_000091465.1_WP_009847436.1	51.562	72	67	89	64	31	0	6	69	2	65	2.06e-12	61.8
tr|A0A3W0MKT5|A0A3W0MKT5_SALTM	GCF_024362845.1_WP_032551682.1	53.125	72	67	89	64	30	0	6	69	2	65	2.28e-12	61.8
tr|A0A3W0MKT5|A0A3W0MKT5_SALTM	GCF_005144905.1_WP_016767591.1	51.562	72	67	89	64	31	0	6	69	2	65	2.74e-12	61.5
tr|A0A3W0MKT5|A0A3W0MKT5_SALTM	GCF_900465055.1_WP_232011695.1	48.649	72	41	51	37	19	0	7	43	3	39	7.23e-06	44.6
# PSIBLAST 2.12.0+
# Iteration: 2
# Query: tr|A0A3W0MKT5|A0A3W0MKT5_SALTM UPF0253 protein YaeP OS=Salmonella typhimurium OX=90371 GN=yaeP PE=3 SV=1
# Database: /home/t19045mi/projects/psiblast_ver2/db/chosen-bacteria_proteome_exDup
# Fields: query id, subject id, % identity, query length, subject length, % query coverage per subject, alignment length, mismatches, gap opens, q. start, q. end, s. start, s. end, evalue, bit score
# 196 hits found
tr|A0A3W0MKT5|A0A3W0MKT5_SALTM	GCF_000006945.2_NP_459243.1	98.611	72	72	100	72	1	0	1	72	1	72	4.10e-29	104
tr|A0A3W0MKT5|A0A3W0MKT5_SALTM	GCF_002157735.2_WP_086982498.1	57.576	72	67	92	66	28	0	6	71	2	67	1.69e-28	102
tr|A0A3W0MKT5|A0A3W0MKT5_SALTM	GCF_005484945.1_WP_137712818.1	75.758	72	66	92	66	16	0	7	72	1	66	2.83e-28	102
tr|A0A3W0MKT5|A0A3W0MKT5_SALTM	GCF_024347075.1_WP_261874095.1	53.030	72	67	92	66	31	0	6	71	2	67	3.21e-28	101
tr|A0A3W0MKT5|A0A3W0MKT5_SALTM	GCF_000006925.2_NP_706135.1	93.056	72	72	100	72	5	0	1	72	1	72	4.18e-28	101
tr|A0A3W0MKT5|A0A3W0MKT5_SALTM	GCF_024347395.1_WP_017053999.1	54.545	72	67	92	66	30	0	6	71	2	67	5.13e-28	101
tr|A0A3W0MKT5|A0A3W0MKT5_SALTM	GCF_009601765.2_WP_153446342.1	51.515	72	67	92	66	32	0	6	71	2	67	5.69e-28	101
tr|A0A3W0MKT5|A0A3W0MKT5_SALTM	GCF_900233005.1_WP_102522112.1	51.515	72	67	92	66	32	0	6	71	2	67	8.27e-28	100
tr|A0A3W0MKT5|A0A3W0MKT5_SALTM	GCF_024346975.1_WP_021714761.1	51.515	72	67	92	66	32	0	6	71	2	67	8.41e-28	100
tr|A0A3W0MKT5|A0A3W0MKT5_SALTM	GCF_001006005.1_WP_024529521.1	72.727	72	66	92	66	18	0	7	72	1	66	1.37e-27	100
tr|A0A3W0MKT5|A0A3W0MKT5_SALTM	GCF_021365465.1_WP_016190320.1	75.758	72	66	92	66	16	0	7	72	1	66	1.76e-27	 99
tr|A0A3W0MKT5|A0A3W0MKT5_SALTM	GCF_026001925.1_WP_105903071.1	56.061	72	67	92	66	29	0	6	71	2	67	1.85e-27	 99
tr|A0A3W0MKT5|A0A3W0MKT5_SALTM	GCF_020683125.1_WP_133842176.1	75.758	72	67	92	66	16	0	7	72	1	66	2.16e-27	 99
tr|A0A3W0MKT5|A0A3W0MKT5_SALTM	GCF_002218045.2_WP_089140529.1	50.000	72	67	92	66	33	0	6	71	2	67	2.81e-27	99.7
tr|A0A3W0MKT5|A0A3W0MKT5_SALTM	GCF_001742185.1_WP_015731006.1	74.242	72	66	92	66	17	0	7	72	1	66	2.82e-27	99.7
tr|A0A3W0MKT5|A0A3W0MKT5_SALTM	GCF_000196615.1_WP_071822098.1	74.242	72	66	92	66	17	0	7	72	1	66	2.86e-27	99.4
tr|A0A3W0MKT5|A0A3W0MKT5_SALTM	GCF_900638135.1_WP_012146467.1	75.758	72	66	92	66	16	0	7	72	1	66	3.22e-27	99.4
tr|A0A3W0MKT5|A0A3W0MKT5_SALTM	GCF_009730055.1_WP_005185672.1	74.242	72	66	92	66	17	0	7	72	1	66	3.57e-27	99.4
tr|A0A3W0MKT5|A0A3W0MKT5_SALTM	GCF_024494545.1_WP_080175675.1	51.515	72	67	92	66	32	0	6	71	2	67	3.84e-27	99.1
tr|A0A3W0MKT5|A0A3W0MKT5_SALTM	GCF_024346795.1_WP_017029145.1	53.030	72	67	92	66	31	0	6	71	2	67	4.02e-27	99.1
tr|A0A3W0MKT5|A0A3W0MKT5_SALTM	GCF_002291425.1_WP_095849075.1	72.727	72	66	92	66	18	0	7	72	1	66	4.19e-27	99.1
tr|A0A3W0MKT5|A0A3W0MKT5_SALTM	GCF_002288545.1_WP_010285748.1	74.242	72	66	92	66	17	0	7	72	1	66	4.87e-27	98.8
tr|A0A3W0MKT5|A0A3W0MKT5_SALTM	GCF_024347495.1_WP_137373540.1	50.000	72	67	92	66	33	0	6	71	2	67	5.03e-27	98.8
tr|A0A3W0MKT5|A0A3W0MKT5_SALTM	GCF_002204915.1_WP_017420216.1	56.061	72	67	92	66	29	0	6	71	2	67	5.40e-27	98.8
tr|A0A3W0MKT5|A0A3W0MKT5_SALTM	GCF_019670485.1_WP_221067978.1	57.576	72	67	92	66	28	0	6	71	2	67	6.48e-27	98.6
tr|A0A3W0MKT5|A0A3W0MKT5_SALTM	GCF_009817885.1_WP_015673539.1	72.727	72	66	92	66	18	0	7	72	1	66	7.25e-27	98.6
tr|A0A3W0MKT5|A0A3W0MKT5_SALTM	GCF_017498685.1_WP_004719628.1	78.788	72	66	92	66	14	0	7	72	1	66	7.42e-27	98.6
tr|A0A3W0MKT5|A0A3W0MKT5_SALTM	GCF_002291445.1_WP_048635885.1	75.758	72	66	92	66	16	0	7	72	1	66	8.50e-27	98.3
tr|A0A3W0MKT5|A0A3W0MKT5_SALTM	GCF_004353845.1_WP_048214883.1	92.424	72	66	92	66	5	0	7	72	1	66	9.42e-27	98.3
tr|A0A3W0MKT5|A0A3W0MKT5_SALTM	GCF_019844095.1_WP_062747067.1	74.242	72	67	92	66	17	0	7	72	1	66	1.13e-26	98.0
tr|A0A3W0MKT5|A0A3W0MKT5_SALTM	GCF_017569925.1_WP_208228064.1	75.758	72	66	92	66	16	0	7	72	1	66	1.22e-26	98.0
tr|A0A3W0MKT5|A0A3W0MKT5_SALTM	GCF_014879975.1_WP_192889240.1	50.000	72	67	92	66	33	0	6	71	2	67	1.49e-26	97.7
tr|A0A3W0MKT5|A0A3W0MKT5_SALTM	GCF_000520015.2_WP_071882816.1	75.758	72	66	92	66	16	0	7	72	1	66	1.53e-26	97.7
tr|A0A3W0MKT5|A0A3W0MKT5_SALTM	GCF_000214235.1_WP_006318652.1	77.273	72	66	92	66	15	0	7	72	1	66	1.96e-26	97.4
tr|A0A3W0MKT5|A0A3W0MKT5_SALTM	GCF_003812345.1_WP_003018499.1	93.939	72	66	92	66	4	0	7	72	1	66	2.04e-26	97.4
tr|A0A3W0MKT5|A0A3W0MKT5_SALTM	GCF_024347095.1_WP_038182092.1	52.239	72	69	93	67	32	0	6	72	2	68	2.33e-26	97.1
tr|A0A3W0MKT5|A0A3W0MKT5_SALTM	GCF_000222975.1_WP_002212152.1	77.273	72	66	92	66	15	0	7	72	1	66	2.49e-26	97.1
tr|A0A3W0MKT5|A0A3W0MKT5_SALTM	GCF_019977755.1_WP_101113434.1	52.239	72	68	93	67	32	0	6	72	2	68	2.54e-26	97.1
tr|A0A3W0MKT5|A0A3W0MKT5_SALTM	GCF_000023565.1_WP_012770817.1	72.727	72	66	92	66	18	0	7	72	1	66	2.67e-26	97.1
tr|A0A3W0MKT5|A0A3W0MKT5_SALTM	GCF_025133195.1_WP_004706681.1	75.758	72	67	92	66	16	0	7	72	1	66	2.76e-26	97.1
tr|A0A3W0MKT5|A0A3W0MKT5_SALTM	GCF_000025065.1_WP_012883680.1	74.242	72	66	92	66	17	0	7	72	1	66	3.26e-26	96.9
tr|A0A3W0MKT5|A0A3W0MKT5_SALTM	GCF_024347115.1_WP_077332807.1	50.746	72	69	93	67	33	0	6	72	2	68	3.47e-26	96.9
tr|A0A3W0MKT5|A0A3W0MKT5_SALTM	GCF_008364325.2_WP_041415645.1	75.758	72	66	92	66	16	0	7	72	1	66	3.58e-26	96.9
tr|A0A3W0MKT5|A0A3W0MKT5_SALTM	GCF_000834395.1_WP_004704314.1	74.242	72	66	92	66	17	0	7	72	1	66	3.85e-26	96.6
tr|A0A3W0MKT5|A0A3W0MKT5_SALTM	GCF_000147055.1_WP_013316770.1	72.727	72	66	92	66	18	0	7	72	1	66	3.85e-26	96.6
tr|A0A3W0MKT5|A0A3W0MKT5_SALTM	GCF_023650915.1_WP_033905529.1	56.716	72	69	93	67	29	0	6	72	2	68	3.91e-26	96.6
tr|A0A3W0MKT5|A0A3W0MKT5_SALTM	GCF_001558415.2_WP_020431399.1	56.061	72	67	92	66	29	0	6	71	2	67	4.13e-26	96.6
tr|A0A3W0MKT5|A0A3W0MKT5_SALTM	GCF_000024825.1_WP_005391765.1	56.716	72	68	93	67	29	0	6	72	2	68	4.26e-26	96.6
tr|A0A3W0MKT5|A0A3W0MKT5_SALTM	GCF_022637515.1_WP_064540227.1	86.364	72	66	92	66	9	0	7	72	1	66	4.30e-26	96.6
tr|A0A3W0MKT5|A0A3W0MKT5_SALTM	GCF_002257545.1_WP_010319078.1	55.224	72	68	93	67	30	0	6	72	2	68	4.58e-26	96.6
tr|A0A3W0MKT5|A0A3W0MKT5_SALTM	GCF_022647325.1_WP_111140598.1	69.697	72	66	92	66	20	0	7	72	1	66	5.25e-26	96.3
tr|A0A3W0MKT5|A0A3W0MKT5_SALTM	GCF_013234275.1_WP_172895487.1	83.333	72	66	92	66	11	0	7	72	1	66	5.25e-26	96.3
tr|A0A3W0MKT5|A0A3W0MKT5_SALTM	GCF_025946765.1_WP_264497927.1	69.697	72	67	92	66	20	0	7	72	1	66	5.63e-26	96.3
tr|A0A3W0MKT5|A0A3W0MKT5_SALTM	GCF_017309605.1_WP_033652508.1	72.727	72	66	92	66	18	0	7	72	1	66	5.87e-26	96.3
tr|A0A3W0MKT5|A0A3W0MKT5_SALTM	GCF_003935895.2_WP_110510859.1	87.879	72	66	92	66	8	0	7	72	1	66	5.91e-26	96.3
tr|A0A3W0MKT5|A0A3W0MKT5_SALTM	GCF_009938225.1_WP_075651756.1	56.061	72	67	92	66	29	0	6	71	2	67	6.55e-26	96.0
tr|A0A3W0MKT5|A0A3W0MKT5_SALTM	GCF_010587385.1_WP_164647556.1	56.716	72	68	93	67	29	0	6	72	2	68	6.71e-26	96.0
tr|A0A3W0MKT5|A0A3W0MKT5_SALTM	GCF_004792415.1_WP_003852623.1	69.697	72	66	92	66	20	0	7	72	1	66	8.13e-26	95.7
tr|A0A3W0MKT5|A0A3W0MKT5_SALTM	GCF_003516125.1_WP_007896683.1	78.788	72	66	92	66	14	0	7	72	1	66	8.19e-26	95.7
tr|A0A3W0MKT5|A0A3W0MKT5_SALTM	GCF_000196495.1_WP_023603694.1	51.515	72	68	92	66	32	0	6	71	2	67	8.25e-26	95.7
tr|A0A3W0MKT5|A0A3W0MKT5_SALTM	GCF_011064285.1_WP_165310536.1	53.731	72	68	93	67	31	0	6	72	2	68	8.32e-26	95.7
tr|A0A3W0MKT5|A0A3W0MKT5_SALTM	GCF_017348915.1_WP_040077076.1	84.848	72	66	92	66	10	0	7	72	1	66	8.39e-26	95.7
tr|A0A3W0MKT5|A0A3W0MKT5_SALTM	GCF_001518835.1_WP_032616635.1	87.879	72	66	92	66	8	0	7	72	1	66	8.73e-26	95.7
tr|A0A3W0MKT5|A0A3W0MKT5_SALTM	GCF_009938185.1_WP_162047597.1	54.545	72	67	92	66	30	0	6	71	2	67	8.93e-26	95.7
tr|A0A3W0MKT5|A0A3W0MKT5_SALTM	GCF_005484965.1_WP_009114128.1	72.727	72	66	92	66	18	0	7	72	1	66	9.08e-26	95.7
tr|A0A3W0MKT5|A0A3W0MKT5_SALTM	GCF_000224675.1_WP_006173580.1	86.364	72	66	92	66	9	0	7	72	1	66	1.02e-25	95.5
tr|A0A3W0MKT5|A0A3W0MKT5_SALTM	GCF_009176645.1_WP_152083530.1	87.879	72	66	92	66	8	0	7	72	1	66	1.03e-25	95.5
tr|A0A3W0MKT5|A0A3W0MKT5_SALTM	GCF_024346875.1_WP_261816828.1	53.030	72	67	92	66	31	0	6	71	2	67	1.08e-25	95.5
tr|A0A3W0MKT5|A0A3W0MKT5_SALTM	GCF_001683395.1_WP_017458016.1	86.364	72	66	92	66	9	0	7	72	1	66	1.08e-25	95.5
tr|A0A3W0MKT5|A0A3W0MKT5_SALTM	GCF_019048385.1_WP_010254172.1	71.212	72	66	92	66	19	0	7	72	1	66	1.11e-25	95.5
tr|A0A3W0MKT5|A0A3W0MKT5_SALTM	GCF_000740965.1_WP_039290563.1	71.212	72	66	92	66	19	0	7	72	1	66	1.11e-25	95.5
tr|A0A3W0MKT5|A0A3W0MKT5_SALTM	GCF_024347035.1_WP_042488988.1	53.731	72	68	93	67	31	0	6	72	2	68	1.12e-25	95.5
tr|A0A3W0MKT5|A0A3W0MKT5_SALTM	GCF_021462285.1_WP_073970287.1	75.758	72	66	92	66	16	0	7	72	1	66	1.16e-25	95.5
tr|A0A3W0MKT5|A0A3W0MKT5_SALTM	GCF_001729805.1_WP_008501889.1	87.879	72	66	92	66	8	0	7	72	1	66	1.19e-25	95.5
tr|A0A3W0MKT5|A0A3W0MKT5_SALTM	GCF_001750725.1_WP_014168721.1	89.394	72	66	92	66	7	0	7	72	1	66	1.23e-25	95.5
tr|A0A3W0MKT5|A0A3W0MKT5_SALTM	GCF_001461805.1_WP_013367514.1	87.879	72	66	92	66	8	0	7	72	1	66	1.29e-25	95.2
tr|A0A3W0MKT5|A0A3W0MKT5_SALTM	GCF_001642805.2_WP_004931993.1	72.727	72	66	92	66	18	0	7	72	1	66	1.31e-25	95.2
tr|A0A3W0MKT5|A0A3W0MKT5_SALTM	GCF_000023545.1_WP_015854636.1	74.242	72	66	92	66	17	0	7	72	1	66	1.37e-25	95.2
tr|A0A3W0MKT5|A0A3W0MKT5_SALTM	GCF_002021755.1_WP_005529380.1	56.716	72	68	93	67	29	0	6	72	2	68	1.38e-25	95.2
tr|A0A3W0MKT5|A0A3W0MKT5_SALTM	GCF_024224615.1_WP_125293587.1	92.424	72	66	92	66	5	0	7	72	1	66	1.41e-25	95.2
tr|A0A3W0MKT5|A0A3W0MKT5_SALTM	GCF_001658025.2_WP_007373244.1	87.879	72	66	92	66	8	0	7	72	1	66	1.45e-25	95.2
tr|A0A3W0MKT5|A0A3W0MKT5_SALTM	GCF_001277235.1_WP_007718147.1	81.818	72	66	92	66	12	0	7	72	1	66	1.50e-25	95.2
tr|A0A3W0MKT5|A0A3W0MKT5_SALTM	GCF_001277195.1_WP_038864664.1	81.818	72	66	92	66	12	0	7	72	1	66	1.53e-25	95.2
tr|A0A3W0MKT5|A0A3W0MKT5_SALTM	GCF_020342335.1_WP_071852482.1	78.788	72	66	92	66	14	0	7	72	1	66	1.60e-25	95.2
tr|A0A3W0MKT5|A0A3W0MKT5_SALTM	GCF_001277255.1_WP_007666631.1	83.333	72	66	92	66	11	0	7	72	1	66	1.90e-25	94.9
tr|A0A3W0MKT5|A0A3W0MKT5_SALTM	GCF_018128425.1_WP_042289831.1	92.424	72	66	92	66	5	0	7	72	1	66	2.01e-25	94.9
tr|A0A3W0MKT5|A0A3W0MKT5_SALTM	GCF_001558935.2_WP_042323658.1	93.939	72	66	92	66	4	0	7	72	1	66	2.06e-25	94.9
tr|A0A3W0MKT5|A0A3W0MKT5_SALTM	GCF_024346955.1_WP_087479854.1	50.746	72	68	93	67	33	0	6	72	2	68	2.12e-25	94.9
tr|A0A3W0MKT5|A0A3W0MKT5_SALTM	GCF_022637475.1_WP_013574215.1	77.273	72	66	92	66	15	0	7	72	1	66	2.16e-25	94.6
tr|A0A3W0MKT5|A0A3W0MKT5_SALTM	GCF_009914055.1_WP_160619716.1	71.212	72	66	92	66	19	0	7	72	1	66	2.28e-25	94.6
tr|A0A3W0MKT5|A0A3W0MKT5_SALTM	GCF_004124235.1_WP_004391680.1	74.242	72	66	92	66	17	0	7	72	1	66	2.28e-25	94.6
tr|A0A3W0MKT5|A0A3W0MKT5_SALTM	GCF_009648975.1_WP_002889429.1	89.394	72	66	92	66	7	0	7	72	1	66	2.34e-25	94.6
tr|A0A3W0MKT5|A0A3W0MKT5_SALTM	GCF_019797845.1_WP_222158376.1	66.667	72	66	92	66	22	0	7	72	1	66	2.36e-25	94.6
tr|A0A3W0MKT5|A0A3W0MKT5_SALTM	GCF_011068345.1_WP_002436993.1	92.424	72	66	92	66	5	0	7	72	1	66	2.47e-25	94.6
tr|A0A3W0MKT5|A0A3W0MKT5_SALTM	GCF_019048625.1_WP_003856146.1	83.333	72	66	92	66	11	0	7	72	1	66	2.70e-25	94.6
tr|A0A3W0MKT5|A0A3W0MKT5_SALTM	GCF_002101395.1_WP_165786514.1	74.242	72	66	92	66	17	0	7	72	1	66	2.74e-25	94.6
tr|A0A3W0MKT5|A0A3W0MKT5_SALTM	GCF_019703835.1_WP_087022950.1	50.000	72	67	92	66	33	0	6	71	2	67	2.78e-25	94.6
tr|A0A3W0MKT5|A0A3W0MKT5_SALTM	GCF_021276285.1_WP_015696108.1	75.758	72	66	92	66	16	0	7	72	1	66	2.92e-25	94.3
tr|A0A3W0MKT5|A0A3W0MKT5_SALTM	GCF_016415705.1_WP_080936164.1	87.879	72	66	92	66	8	0	7	72	1	66	3.19e-25	94.3
tr|A0A3W0MKT5|A0A3W0MKT5_SALTM	GCF_012029655.1_WP_041144146.1	87.879	72	66	92	66	8	0	7	72	1	66	3.19e-25	94.3
tr|A0A3W0MKT5|A0A3W0MKT5_SALTM	GCF_004684345.1_WP_096758222.1	95.455	72	66	92	66	3	0	7	72	1	66	3.24e-25	94.3
tr|A0A3W0MKT5|A0A3W0MKT5_SALTM	GCF_002196515.1_WP_021020922.1	50.746	72	68	93	67	33	0	6	72	2	68	3.34e-25	94.3
tr|A0A3W0MKT5|A0A3W0MKT5_SALTM	GCF_019047765.1_WP_005132083.1	96.970	72	66	92	66	2	0	7	72	1	66	3.34e-25	94.3
tr|A0A3W0MKT5|A0A3W0MKT5_SALTM	GCF_001277215.2_WP_004385445.1	80.303	72	66	92	66	13	0	7	72	1	66	3.48e-25	94.3
tr|A0A3W0MKT5|A0A3W0MKT5_SALTM	GCF_000018045.1_WP_012133967.1	95.455	72	66	92	66	3	0	7	72	1	66	3.62e-25	94.1
tr|A0A3W0MKT5|A0A3W0MKT5_SALTM	GCF_024346755.1_WP_073603885.1	52.239	72	68	93	67	32	0	6	72	2	68	3.77e-25	94.1
tr|A0A3W0MKT5|A0A3W0MKT5_SALTM	GCF_000940995.1_WP_039458213.1	51.515	72	68	92	66	32	0	6	71	2	67	3.89e-25	94.1
tr|A0A3W0MKT5|A0A3W0MKT5_SALTM	GCF_015999465.1_WP_085688157.1	74.242	72	66	92	66	17	0	7	72	1	66	4.05e-25	94.1
tr|A0A3W0MKT5|A0A3W0MKT5_SALTM	GCF_002214395.1_WP_010449800.1	56.061	72	67	92	66	29	0	6	71	2	67	4.42e-25	94.1
tr|A0A3W0MKT5|A0A3W0MKT5_SALTM	GCF_003515985.1_WP_085653100.1	69.697	72	66	92	66	20	0	7	72	1	66	4.49e-25	94.1
tr|A0A3W0MKT5|A0A3W0MKT5_SALTM	GCF_000439255.1_WP_013991363.1	96.970	72	66	92	66	2	0	7	72	1	66	4.56e-25	94.1
tr|A0A3W0MKT5|A0A3W0MKT5_SALTM	GCF_008693645.1_WP_024132476.1	95.455	72	66	92	66	3	0	7	72	1	66	4.86e-25	93.8
tr|A0A3W0MKT5|A0A3W0MKT5_SALTM	GCF_900095885.1_WP_035340383.1	72.727	72	67	92	66	18	0	7	72	1	66	5.01e-25	93.8
tr|A0A3W0MKT5|A0A3W0MKT5_SALTM	GCF_007632255.1_WP_015368145.1	90.909	72	66	92	66	6	0	7	72	1	66	5.18e-25	93.8
tr|A0A3W0MKT5|A0A3W0MKT5_SALTM	GCF_019890955.1_WP_021507470.1	75.758	72	66	92	66	16	0	7	72	1	66	5.70e-25	93.8
tr|A0A3W0MKT5|A0A3W0MKT5_SALTM	GCF_022647505.1_WP_128179457.1	71.212	72	66	92	66	19	0	7	72	1	66	5.74e-25	93.8
tr|A0A3W0MKT5|A0A3W0MKT5_SALTM	GCF_000772105.1_WP_004742991.1	52.239	72	68	93	67	32	0	6	72	2	68	6.62e-25	93.5
tr|A0A3W0MKT5|A0A3W0MKT5_SALTM	GCF_024346995.1_WP_077312147.1	56.061	72	68	92	66	29	0	6	71	2	67	7.64e-25	93.5
tr|A0A3W0MKT5|A0A3W0MKT5_SALTM	GCF_005671395.1_WP_138095873.1	75.758	72	66	92	66	16	0	7	72	1	66	8.48e-25	93.2
tr|A0A3W0MKT5|A0A3W0MKT5_SALTM	GCF_024346675.1_WP_094955825.1	53.030	72	67	92	66	31	0	6	71	2	67	8.75e-25	93.2
tr|A0A3W0MKT5|A0A3W0MKT5_SALTM	GCF_000770115.1_WP_005446221.1	53.731	72	68	93	67	31	0	6	72	2	68	9.17e-25	93.2
tr|A0A3W0MKT5|A0A3W0MKT5_SALTM	GCF_024346715.1_WP_048899954.1	53.030	72	67	92	66	31	0	6	71	2	67	9.62e-25	93.2
tr|A0A3W0MKT5|A0A3W0MKT5_SALTM	GCF_001022135.1_WP_039078450.1	86.364	72	66	92	66	9	0	7	72	1	66	1.01e-24	92.9
tr|A0A3W0MKT5|A0A3W0MKT5_SALTM	GCF_009938205.1_WP_075706335.1	56.061	72	67	92	66	29	0	6	71	2	67	1.13e-24	92.9
tr|A0A3W0MKT5|A0A3W0MKT5_SALTM	GCF_002953195.1_WP_038628013.1	71.212	72	66	92	66	19	0	7	72	1	66	1.13e-24	92.9
tr|A0A3W0MKT5|A0A3W0MKT5_SALTM	GCF_900635955.1_WP_126357485.1	86.364	72	66	92	66	9	0	7	72	1	66	1.14e-24	92.9
tr|A0A3W0MKT5|A0A3W0MKT5_SALTM	GCF_003019925.1_WP_043085884.1	87.879	72	66	92	66	8	0	7	72	1	66	1.24e-24	92.9
tr|A0A3W0MKT5|A0A3W0MKT5_SALTM	GCF_017329545.1_WP_047883162.1	51.515	72	68	92	66	32	0	6	71	2	67	1.26e-24	92.9
tr|A0A3W0MKT5|A0A3W0MKT5_SALTM	GCF_002393445.1_WP_008456963.1	86.364	72	66	92	66	9	0	7	72	1	66	1.33e-24	92.6
tr|A0A3W0MKT5|A0A3W0MKT5_SALTM	GCF_025758125.1_WP_023480353.1	83.333	72	66	92	66	11	0	7	72	1	66	1.56e-24	92.6
tr|A0A3W0MKT5|A0A3W0MKT5_SALTM	GCF_003812925.1_WP_004107902.1	92.424	72	66	92	66	5	0	7	72	1	66	1.56e-24	92.6
tr|A0A3W0MKT5|A0A3W0MKT5_SALTM	GCF_024347675.1_WP_261834940.1	56.061	72	67	92	66	29	0	6	71	2	67	1.59e-24	92.6
tr|A0A3W0MKT5|A0A3W0MKT5_SALTM	GCF_001277175.1_WP_007697550.1	78.788	72	66	92	66	14	0	7	72	1	66	1.63e-24	92.6
tr|A0A3W0MKT5|A0A3W0MKT5_SALTM	GCF_009363415.1_WP_152429752.1	51.515	72	68	92	66	32	0	6	71	2	67	1.72e-24	92.4
tr|A0A3W0MKT5|A0A3W0MKT5_SALTM	GCF_011617105.1_WP_008814496.1	72.308	72	66	90	65	18	0	7	71	1	65	1.82e-24	92.4
tr|A0A3W0MKT5|A0A3W0MKT5_SALTM	GCF_022637595.1_WP_004858155.1	87.879	72	66	92	66	8	0	7	72	1	66	1.83e-24	92.4
tr|A0A3W0MKT5|A0A3W0MKT5_SALTM	GCF_021172065.1_WP_015965826.1	89.394	72	66	92	66	7	0	7	72	1	66	1.89e-24	92.4
tr|A0A3W0MKT5|A0A3W0MKT5_SALTM	GCF_015139575.1_WP_004098778.1	90.909	72	66	92	66	6	0	7	72	1	66	2.58e-24	92.1
tr|A0A3W0MKT5|A0A3W0MKT5_SALTM	GCF_001547935.1_WP_068714408.1	55.224	72	68	93	67	30	0	6	72	2	68	2.81e-24	91.8
tr|A0A3W0MKT5|A0A3W0MKT5_SALTM	GCF_000005845.2_YP_026160.1	92.424	72	66	92	66	5	0	7	72	1	66	3.02e-24	91.8
tr|A0A3W0MKT5|A0A3W0MKT5_SALTM	GCF_001558255.2_WP_005506875.1	46.970	72	68	92	66	35	0	6	71	2	67	3.66e-24	91.5
tr|A0A3W0MKT5|A0A3W0MKT5_SALTM	GCF_003261575.2_WP_110272452.1	87.879	72	66	92	66	8	0	7	72	1	66	3.90e-24	91.5
tr|A0A3W0MKT5|A0A3W0MKT5_SALTM	GCF_023195735.1_WP_035891979.1	83.333	72	66	92	66	11	0	7	72	1	66	4.72e-24	91.2
tr|A0A3W0MKT5|A0A3W0MKT5_SALTM	GCF_000233595.1_WP_014606545.1	72.727	72	66	92	66	18	0	7	72	1	66	6.44e-24	91.0
tr|A0A3W0MKT5|A0A3W0MKT5_SALTM	GCF_025914095.1_WP_031518415.1	84.848	72	66	92	66	10	0	7	72	1	66	6.97e-24	91.0
tr|A0A3W0MKT5|A0A3W0MKT5_SALTM	GCF_024347055.1_WP_261893211.1	58.209	72	68	93	67	28	0	6	72	2	68	9.20e-24	90.7
tr|A0A3W0MKT5|A0A3W0MKT5_SALTM	GCF_002887615.1_WP_038864665.1	55.224	72	68	93	67	30	0	6	72	2	68	2.26e-23	89.6
tr|A0A3W0MKT5|A0A3W0MKT5_SALTM	GCF_000262305.1_WP_034920208.1	77.273	72	66	92	66	15	0	7	72	1	66	2.76e-23	89.3
tr|A0A3W0MKT5|A0A3W0MKT5_SALTM	GCF_009649915.1_WP_062772226.1	83.333	72	66	92	66	11	0	7	72	1	66	4.44e-23	89.0
tr|A0A3W0MKT5|A0A3W0MKT5_SALTM	GCF_005280275.1_WP_069363555.1	51.515	72	67	92	66	32	0	6	71	2	67	4.47e-23	89.0
tr|A0A3W0MKT5|A0A3W0MKT5_SALTM	GCF_006711645.1_WP_100682483.1	86.364	72	66	92	66	9	0	7	72	1	66	4.92e-23	88.7
tr|A0A3W0MKT5|A0A3W0MKT5_SALTM	GCF_027286365.1_WP_069588633.1	56.061	72	67	92	66	29	0	6	71	2	67	5.08e-23	88.7
tr|A0A3W0MKT5|A0A3W0MKT5_SALTM	GCF_003074995.2_WP_012847630.1	69.697	72	66	92	66	20	0	7	72	1	66	3.19e-22	86.7
tr|A0A3W0MKT5|A0A3W0MKT5_SALTM	GCF_003716875.1_WP_123016570.1	56.061	72	69	92	66	29	0	6	71	2	67	3.34e-22	86.7
tr|A0A3W0MKT5|A0A3W0MKT5_SALTM	GCF_001456255.1_WP_014232780.1	53.731	72	68	93	67	31	0	6	72	2	68	3.59e-22	86.5
tr|A0A3W0MKT5|A0A3W0MKT5_SALTM	GCF_020079945.1_WP_071669043.1	66.667	72	66	92	66	22	0	7	72	1	66	3.74e-22	86.5
tr|A0A3W0MKT5|A0A3W0MKT5_SALTM	GCF_023195835.1_WP_039478024.1	53.731	72	68	93	67	31	0	6	72	2	68	3.95e-22	86.5
tr|A0A3W0MKT5|A0A3W0MKT5_SALTM	GCF_900638655.1_WP_047781752.1	69.697	72	66	92	66	20	0	7	72	1	66	4.11e-22	86.5
tr|A0A3W0MKT5|A0A3W0MKT5_SALTM	GCF_003096015.2_WP_108901554.1	69.697	72	66	92	66	20	0	7	72	1	66	4.38e-22	86.5
tr|A0A3W0MKT5|A0A3W0MKT5_SALTM	GCF_006364355.1_WP_004729231.1	54.545	72	67	92	66	30	0	6	71	2	67	4.86e-22	86.2
tr|A0A3W0MKT5|A0A3W0MKT5_SALTM	GCF_002504285.1_WP_005282993.1	69.697	72	66	92	66	20	0	7	72	1	66	6.02e-22	85.9
tr|A0A3W0MKT5|A0A3W0MKT5_SALTM	GCF_020991025.1_WP_010864509.1	59.677	72	66	86	62	25	0	7	68	1	62	6.27e-22	85.9
tr|A0A3W0MKT5|A0A3W0MKT5_SALTM	GCF_000264765.2_WP_034163238.1	69.697	72	66	92	66	20	0	7	72	1	66	6.68e-22	85.9
tr|A0A3W0MKT5|A0A3W0MKT5_SALTM	GCF_024347455.1_WP_017072685.1	50.000	72	67	92	66	33	0	6	71	2	67	9.54e-22	85.6
tr|A0A3W0MKT5|A0A3W0MKT5_SALTM	GCF_008931805.1_WP_196805522.1	49.231	72	65	90	65	33	0	7	71	1	65	1.01e-21	85.3
tr|A0A3W0MKT5|A0A3W0MKT5_SALTM	GCF_014083925.1_WP_074374154.1	50.000	72	69	92	66	33	0	6	71	2	67	2.18e-21	84.5
tr|A0A3W0MKT5|A0A3W0MKT5_SALTM	GCF_000091465.1_WP_009847436.1	50.000	72	67	92	66	33	0	6	71	2	67	3.75e-21	83.9
tr|A0A3W0MKT5|A0A3W0MKT5_SALTM	GCF_900478135.1_WP_111739360.1	65.152	72	66	92	66	23	0	7	72	1	66	4.46e-21	83.6
tr|A0A3W0MKT5|A0A3W0MKT5_SALTM	GCF_900465055.1_WP_112718222.1	46.970	72	67	92	66	35	0	6	71	2	67	6.96e-21	83.4
tr|A0A3W0MKT5|A0A3W0MKT5_SALTM	GCF_024582835.1_WP_257083719.1	57.576	72	67	92	66	28	0	6	71	2	67	7.84e-21	83.1
tr|A0A3W0MKT5|A0A3W0MKT5_SALTM	GCF_024347475.1_WP_261903044.1	51.515	72	67	92	66	32	0	6	71	2	67	8.10e-21	83.1
tr|A0A3W0MKT5|A0A3W0MKT5_SALTM	GCF_024347295.1_WP_017086219.1	51.515	72	67	92	66	32	0	6	71	2	67	8.84e-21	83.1
tr|A0A3W0MKT5|A0A3W0MKT5_SALTM	GCF_022371215.1_WP_008222923.1	51.515	72	67	92	66	32	0	6	71	2	67	9.57e-21	82.8
tr|A0A3W0MKT5|A0A3W0MKT5_SALTM	GCF_019226825.1_WP_218562206.1	53.030	72	67	92	66	31	0	6	71	2	67	1.40e-20	82.5
tr|A0A3W0MKT5|A0A3W0MKT5_SALTM	GCF_011745665.1_WP_166916350.1	63.333	72	63	83	60	22	0	10	69	2	61	1.69e-20	82.2
tr|A0A3W0MKT5|A0A3W0MKT5_SALTM	GCF_005144905.1_WP_016767591.1	50.000	72	67	92	66	33	0	6	71	2	67	2.04e-20	82.0
tr|A0A3W0MKT5|A0A3W0MKT5_SALTM	GCF_024362845.1_WP_032551682.1	51.515	72	67	92	66	32	0	6	71	2	67	2.15e-20	82.0
tr|A0A3W0MKT5|A0A3W0MKT5_SALTM	GCF_024347635.1_WP_139684079.1	51.515	72	67	92	66	32	0	6	71	2	67	3.13e-20	81.7
tr|A0A3W0MKT5|A0A3W0MKT5_SALTM	GCF_024347355.1_WP_137407914.1	51.515	72	67	92	66	32	0	6	71	2	67	3.64e-20	81.4
tr|A0A3W0MKT5|A0A3W0MKT5_SALTM	GCF_014892695.1_WP_193004054.1	49.231	72	68	90	65	33	0	7	71	3	67	3.66e-20	81.4
tr|A0A3W0MKT5|A0A3W0MKT5_SALTM	GCF_016026875.1_WP_005301307.1	46.970	72	68	92	66	35	0	6	71	2	67	3.84e-20	81.4
tr|A0A3W0MKT5|A0A3W0MKT5_SALTM	GCF_016026615.1_WP_005345813.1	48.485	72	68	92	66	34	0	6	71	2	67	4.92e-20	81.1
tr|A0A3W0MKT5|A0A3W0MKT5_SALTM	GCF_011044475.1_WP_033740323.1	69.697	72	66	92	66	20	0	7	72	1	66	5.50e-20	81.1
tr|A0A3W0MKT5|A0A3W0MKT5_SALTM	GCF_014169735.1_WP_010674629.1	46.970	72	68	92	66	35	0	6	71	2	67	6.55e-20	80.8
tr|A0A3W0MKT5|A0A3W0MKT5_SALTM	GCF_016127195.1_WP_005352334.1	49.231	72	68	90	65	33	0	7	71	3	67	8.18e-20	80.6
tr|A0A3W0MKT5|A0A3W0MKT5_SALTM	GCF_008369605.1_WP_000870111.1	57.576	72	67	92	66	28	0	6	71	2	67	8.58e-20	80.6
tr|A0A3W0MKT5|A0A3W0MKT5_SALTM	GCF_008693705.1_WP_005336882.1	49.231	72	68	90	65	33	0	7	71	3	67	1.01e-19	80.3
tr|A0A3W0MKT5|A0A3W0MKT5_SALTM	GCF_003015165.1_WP_005324956.1	46.970	72	68	92	66	35	0	6	71	2	67	1.10e-19	80.3
tr|A0A3W0MKT5|A0A3W0MKT5_SALTM	GCF_000015285.1_WP_011770537.1	46.970	72	66	92	66	35	0	7	72	1	66	1.60e-19	79.7
tr|A0A3W0MKT5|A0A3W0MKT5_SALTM	GCF_020149575.1_WP_005908580.1	45.455	72	68	92	66	36	0	6	71	2	67	1.91e-19	79.7
tr|A0A3W0MKT5|A0A3W0MKT5_SALTM	GCF_900637545.1_WP_042653731.1	43.939	72	68	92	66	37	0	6	71	2	67	1.98e-19	79.7
tr|A0A3W0MKT5|A0A3W0MKT5_SALTM	GCF_028355655.1_WP_005311233.1	45.455	72	68	92	66	36	0	6	71	2	67	1.99e-19	79.7
tr|A0A3W0MKT5|A0A3W0MKT5_SALTM	GCF_000599985.1_WP_025315221.1	57.143	72	66	88	63	27	0	7	69	1	63	3.48e-19	78.9
tr|A0A3W0MKT5|A0A3W0MKT5_SALTM	GCF_001995825.2_WP_060468344.1	51.515	72	67	92	66	32	0	6	71	2	67	5.60e-19	78.3
tr|A0A3W0MKT5|A0A3W0MKT5_SALTM	GCF_000023065.1_WP_015878480.1	49.254	72	69	93	67	34	0	6	72	2	68	1.03e-18	77.7
tr|A0A3W0MKT5|A0A3W0MKT5_SALTM	GCF_900465055.1_WP_232011695.1	48.649	72	41	51	37	19	0	6	42	2	38	2.49e-11	58.6

Search has CONVERGED!
# BLAST processed 2 queries
