# PSIBLAST 2.12.0+
# Iteration: 1
# Query: sp|P0A8K5|YAEP_ECOLI UPF0253 protein YaeP OS=Escherichia coli (strain K12) OX=83333 GN=yaeP PE=3 SV=1
# Database: /home/t19045mi/projects/psiblast_ver2/db/chosen-bacteria_proteome_exDup
# Fields: query id, subject id, % identity, query length, subject length, % query coverage per subject, alignment length, mismatches, gap opens, q. start, q. end, s. start, s. end, evalue, bit score
# 196 hits found
sp|P0A8K5|YAEP_ECOLI	GCF_000005845.2_YP_026160.1	100.000	66	66	100	66	0	0	1	66	1	66	8.08e-40	131
sp|P0A8K5|YAEP_ECOLI	GCF_000006925.2_NP_706135.1	98.485	66	72	100	66	1	0	1	66	7	72	3.00e-39	130
sp|P0A8K5|YAEP_ECOLI	GCF_011068345.1_WP_002436993.1	96.970	66	66	100	66	2	0	1	66	1	66	3.35e-39	129
sp|P0A8K5|YAEP_ECOLI	GCF_000018045.1_WP_012133967.1	96.970	66	66	100	66	2	0	1	66	1	66	1.00e-38	128
sp|P0A8K5|YAEP_ECOLI	GCF_008693645.1_WP_024132476.1	96.970	66	66	100	66	2	0	1	66	1	66	1.15e-38	128
sp|P0A8K5|YAEP_ECOLI	GCF_024224615.1_WP_125293587.1	95.455	66	66	100	66	3	0	1	66	1	66	1.49e-38	128
sp|P0A8K5|YAEP_ECOLI	GCF_000439255.1_WP_013991363.1	95.455	66	66	100	66	3	0	1	66	1	66	1.97e-38	127
sp|P0A8K5|YAEP_ECOLI	GCF_019047765.1_WP_005132083.1	95.455	66	66	100	66	3	0	1	66	1	66	6.20e-38	126
sp|P0A8K5|YAEP_ECOLI	GCF_001558935.2_WP_042323658.1	93.939	66	66	100	66	4	0	1	66	1	66	6.77e-38	126
sp|P0A8K5|YAEP_ECOLI	GCF_018128425.1_WP_042289831.1	93.939	66	66	100	66	4	0	1	66	1	66	2.45e-37	125
sp|P0A8K5|YAEP_ECOLI	GCF_003935895.2_WP_110510859.1	89.394	66	66	100	66	7	0	1	66	1	66	2.72e-37	124
sp|P0A8K5|YAEP_ECOLI	GCF_003812925.1_WP_004107902.1	92.424	66	66	100	66	5	0	1	66	1	66	3.09e-37	124
sp|P0A8K5|YAEP_ECOLI	GCF_004684345.1_WP_096758222.1	93.939	66	66	100	66	4	0	1	66	1	66	3.45e-37	124
sp|P0A8K5|YAEP_ECOLI	GCF_000006945.2_NP_459243.1	92.424	66	72	100	66	5	0	1	66	7	72	4.46e-37	124
sp|P0A8K5|YAEP_ECOLI	GCF_001658025.2_WP_007373244.1	89.394	66	66	100	66	7	0	1	66	1	66	6.58e-37	123
sp|P0A8K5|YAEP_ECOLI	GCF_003812345.1_WP_003018499.1	92.424	66	66	100	66	5	0	1	66	1	66	7.29e-37	123
sp|P0A8K5|YAEP_ECOLI	GCF_007632255.1_WP_015368145.1	90.909	66	66	100	66	6	0	1	66	1	66	7.77e-37	123
sp|P0A8K5|YAEP_ECOLI	GCF_009648975.1_WP_002889429.1	90.909	66	66	100	66	6	0	1	66	1	66	8.42e-37	123
sp|P0A8K5|YAEP_ECOLI	GCF_001518835.1_WP_032616635.1	90.909	66	66	100	66	6	0	1	66	1	66	1.07e-36	123
sp|P0A8K5|YAEP_ECOLI	GCF_015139575.1_WP_004098778.1	90.909	66	66	100	66	6	0	1	66	1	66	1.29e-36	123
sp|P0A8K5|YAEP_ECOLI	GCF_001461805.1_WP_013367514.1	89.394	66	66	100	66	7	0	1	66	1	66	1.29e-36	123
sp|P0A8K5|YAEP_ECOLI	GCF_001683395.1_WP_017458016.1	87.879	66	66	100	66	8	0	1	66	1	66	1.49e-36	123
sp|P0A8K5|YAEP_ECOLI	GCF_004353845.1_WP_048214883.1	90.909	66	66	100	66	6	0	1	66	1	66	1.83e-36	122
sp|P0A8K5|YAEP_ECOLI	GCF_012029655.1_WP_041144146.1	89.394	66	66	100	66	7	0	1	66	1	66	1.94e-36	122
sp|P0A8K5|YAEP_ECOLI	GCF_016415705.1_WP_080936164.1	89.394	66	66	100	66	7	0	1	66	1	66	3.63e-36	121
sp|P0A8K5|YAEP_ECOLI	GCF_017348915.1_WP_040077076.1	87.879	66	66	100	66	8	0	1	66	1	66	4.58e-36	121
sp|P0A8K5|YAEP_ECOLI	GCF_025914095.1_WP_031518415.1	89.394	66	66	100	66	7	0	1	66	1	66	5.67e-36	121
sp|P0A8K5|YAEP_ECOLI	GCF_021172065.1_WP_015965826.1	87.879	66	66	100	66	8	0	1	66	1	66	6.09e-36	121
sp|P0A8K5|YAEP_ECOLI	GCF_001750725.1_WP_014168721.1	89.394	66	66	100	66	7	0	1	66	1	66	9.14e-36	121
sp|P0A8K5|YAEP_ECOLI	GCF_003261575.2_WP_110272452.1	89.394	66	66	100	66	7	0	1	66	1	66	1.13e-35	120
sp|P0A8K5|YAEP_ECOLI	GCF_001022135.1_WP_039078450.1	87.879	66	66	100	66	8	0	1	66	1	66	1.16e-35	120
sp|P0A8K5|YAEP_ECOLI	GCF_025758125.1_WP_023480353.1	84.848	66	66	100	66	10	0	1	66	1	66	1.30e-35	120
sp|P0A8K5|YAEP_ECOLI	GCF_003019925.1_WP_043085884.1	87.879	66	66	100	66	8	0	1	66	1	66	1.46e-35	120
sp|P0A8K5|YAEP_ECOLI	GCF_022637595.1_WP_004858155.1	89.394	66	66	100	66	7	0	1	66	1	66	1.90e-35	120
sp|P0A8K5|YAEP_ECOLI	GCF_001729805.1_WP_008501889.1	87.879	66	66	100	66	8	0	1	66	1	66	3.62e-35	119
sp|P0A8K5|YAEP_ECOLI	GCF_001277235.1_WP_007718147.1	81.818	66	66	100	66	12	0	1	66	1	66	5.51e-35	119
sp|P0A8K5|YAEP_ECOLI	GCF_000224675.1_WP_006173580.1	86.364	66	66	100	66	9	0	1	66	1	66	5.60e-35	118
sp|P0A8K5|YAEP_ECOLI	GCF_009176645.1_WP_152083530.1	87.879	66	66	100	66	8	0	1	66	1	66	1.41e-34	118
sp|P0A8K5|YAEP_ECOLI	GCF_002393445.1_WP_008456963.1	83.333	66	66	100	66	11	0	1	66	1	66	1.47e-34	118
sp|P0A8K5|YAEP_ECOLI	GCF_022637515.1_WP_064540227.1	83.333	66	66	100	66	11	0	1	66	1	66	1.56e-34	117
sp|P0A8K5|YAEP_ECOLI	GCF_001277195.1_WP_038864664.1	81.818	66	66	100	66	12	0	1	66	1	66	1.80e-34	117
sp|P0A8K5|YAEP_ECOLI	GCF_001277255.1_WP_007666631.1	83.333	66	66	100	66	11	0	1	66	1	66	1.92e-34	117
sp|P0A8K5|YAEP_ECOLI	GCF_006711645.1_WP_100682483.1	87.879	66	66	100	66	8	0	1	66	1	66	2.97e-34	117
sp|P0A8K5|YAEP_ECOLI	GCF_019048625.1_WP_003856146.1	83.333	66	66	100	66	11	0	1	66	1	66	5.53e-34	116
sp|P0A8K5|YAEP_ECOLI	GCF_023195735.1_WP_035891979.1	83.333	66	66	100	66	11	0	1	66	1	66	5.94e-34	116
sp|P0A8K5|YAEP_ECOLI	GCF_900635955.1_WP_126357485.1	83.333	66	66	100	66	11	0	1	66	1	66	6.85e-34	116
sp|P0A8K5|YAEP_ECOLI	GCF_001277215.2_WP_004385445.1	80.303	66	66	100	66	13	0	1	66	1	66	9.12e-34	116
sp|P0A8K5|YAEP_ECOLI	GCF_009649915.1_WP_062772226.1	84.848	66	66	100	66	10	0	1	66	1	66	1.07e-33	115
sp|P0A8K5|YAEP_ECOLI	GCF_013234275.1_WP_172895487.1	80.303	66	66	100	66	13	0	1	66	1	66	1.37e-33	115
sp|P0A8K5|YAEP_ECOLI	GCF_003516125.1_WP_007896683.1	78.788	66	66	100	66	14	0	1	66	1	66	2.50e-33	114
sp|P0A8K5|YAEP_ECOLI	GCF_000262305.1_WP_034920208.1	80.303	66	66	100	66	13	0	1	66	1	66	2.58e-33	114
sp|P0A8K5|YAEP_ECOLI	GCF_005671395.1_WP_138095873.1	77.273	66	66	100	66	15	0	1	66	1	66	1.78e-32	112
sp|P0A8K5|YAEP_ECOLI	GCF_001277175.1_WP_007697550.1	78.788	66	66	100	66	14	0	1	66	1	66	3.80e-32	111
sp|P0A8K5|YAEP_ECOLI	GCF_020342335.1_WP_071852482.1	75.758	66	66	100	66	16	0	1	66	1	66	3.78e-31	109
sp|P0A8K5|YAEP_ECOLI	GCF_005484945.1_WP_137712818.1	74.242	66	66	100	66	17	0	1	66	1	66	2.09e-30	107
sp|P0A8K5|YAEP_ECOLI	GCF_002288545.1_WP_010285748.1	74.242	66	66	100	66	17	0	1	66	1	66	3.73e-30	106
sp|P0A8K5|YAEP_ECOLI	GCF_021365465.1_WP_016190320.1	72.727	66	66	100	66	18	0	1	66	1	66	4.44e-30	106
sp|P0A8K5|YAEP_ECOLI	GCF_017498685.1_WP_004719628.1	75.758	66	66	100	66	16	0	1	66	1	66	4.59e-30	106
sp|P0A8K5|YAEP_ECOLI	GCF_019890955.1_WP_021507470.1	72.727	66	66	100	66	18	0	1	66	1	66	1.64e-29	105
sp|P0A8K5|YAEP_ECOLI	GCF_000196615.1_WP_071822098.1	71.212	66	66	100	66	19	0	1	66	1	66	1.66e-29	105
sp|P0A8K5|YAEP_ECOLI	GCF_022637475.1_WP_013574215.1	74.242	66	66	100	66	17	0	1	66	1	66	1.68e-29	105
sp|P0A8K5|YAEP_ECOLI	GCF_001742185.1_WP_015731006.1	72.727	66	66	100	66	18	0	1	66	1	66	1.84e-29	105
sp|P0A8K5|YAEP_ECOLI	GCF_000214235.1_WP_006318652.1	74.242	66	66	100	66	17	0	1	66	1	66	2.04e-29	104
sp|P0A8K5|YAEP_ECOLI	GCF_002101395.1_WP_165786514.1	71.212	66	66	100	66	19	0	1	66	1	66	2.11e-29	104
sp|P0A8K5|YAEP_ECOLI	GCF_002291445.1_WP_048635885.1	72.727	66	66	100	66	18	0	1	66	1	66	2.25e-29	104
sp|P0A8K5|YAEP_ECOLI	GCF_000222975.1_WP_002212152.1	75.758	66	66	100	66	16	0	1	66	1	66	2.36e-29	104
sp|P0A8K5|YAEP_ECOLI	GCF_020683125.1_WP_133842176.1	72.727	66	67	100	66	18	0	1	66	1	66	2.88e-29	104
sp|P0A8K5|YAEP_ECOLI	GCF_021276285.1_WP_015696108.1	72.727	66	66	100	66	18	0	1	66	1	66	5.48e-29	103
sp|P0A8K5|YAEP_ECOLI	GCF_017569925.1_WP_208228064.1	72.727	66	66	100	66	18	0	1	66	1	66	7.77e-29	103
sp|P0A8K5|YAEP_ECOLI	GCF_009730055.1_WP_005185672.1	72.727	66	66	100	66	18	0	1	66	1	66	1.01e-28	103
sp|P0A8K5|YAEP_ECOLI	GCF_000834395.1_WP_004704314.1	72.727	66	66	100	66	18	0	1	66	1	66	1.05e-28	103
sp|P0A8K5|YAEP_ECOLI	GCF_021462285.1_WP_073970287.1	72.727	66	66	100	66	18	0	1	66	1	66	1.63e-28	102
sp|P0A8K5|YAEP_ECOLI	GCF_000233595.1_WP_014606545.1	71.212	66	66	100	66	19	0	1	66	1	66	1.83e-28	102
sp|P0A8K5|YAEP_ECOLI	GCF_019844095.1_WP_062747067.1	71.212	66	67	100	66	19	0	1	66	1	66	1.94e-28	102
sp|P0A8K5|YAEP_ECOLI	GCF_004124235.1_WP_004391680.1	72.727	66	66	100	66	18	0	1	66	1	66	1.95e-28	102
sp|P0A8K5|YAEP_ECOLI	GCF_025133195.1_WP_004706681.1	74.242	66	67	100	66	17	0	1	66	1	66	2.05e-28	102
sp|P0A8K5|YAEP_ECOLI	GCF_008364325.2_WP_041415645.1	72.727	66	66	100	66	18	0	1	66	1	66	2.05e-28	102
sp|P0A8K5|YAEP_ECOLI	GCF_009914055.1_WP_160619716.1	68.182	66	66	100	66	21	0	1	66	1	66	2.18e-28	102
sp|P0A8K5|YAEP_ECOLI	GCF_004792415.1_WP_003852623.1	68.182	66	66	100	66	21	0	1	66	1	66	2.31e-28	102
sp|P0A8K5|YAEP_ECOLI	GCF_002953195.1_WP_038628013.1	68.182	66	66	100	66	21	0	1	66	1	66	2.33e-28	102
sp|P0A8K5|YAEP_ECOLI	GCF_001642805.2_WP_004931993.1	71.212	66	66	100	66	19	0	1	66	1	66	2.37e-28	102
sp|P0A8K5|YAEP_ECOLI	GCF_019048385.1_WP_010254172.1	68.182	66	66	100	66	21	0	1	66	1	66	3.10e-28	101
sp|P0A8K5|YAEP_ECOLI	GCF_000023545.1_WP_015854636.1	71.212	66	66	100	66	19	0	1	66	1	66	3.93e-28	101
sp|P0A8K5|YAEP_ECOLI	GCF_900638135.1_WP_012146467.1	71.212	66	66	100	66	19	0	1	66	1	66	4.29e-28	101
sp|P0A8K5|YAEP_ECOLI	GCF_000740965.1_WP_039290563.1	69.697	66	66	100	66	20	0	1	66	1	66	4.69e-28	101
sp|P0A8K5|YAEP_ECOLI	GCF_022647325.1_WP_111140598.1	66.667	66	66	100	66	22	0	1	66	1	66	5.67e-28	101
sp|P0A8K5|YAEP_ECOLI	GCF_000023565.1_WP_012770817.1	69.697	66	66	100	66	20	0	1	66	1	66	6.14e-28	101
sp|P0A8K5|YAEP_ECOLI	GCF_011617105.1_WP_008814496.1	73.438	66	66	97	64	17	0	1	64	1	64	6.86e-28	100
sp|P0A8K5|YAEP_ECOLI	GCF_000025065.1_WP_012883680.1	71.212	66	66	100	66	19	0	1	66	1	66	9.43e-28	100
sp|P0A8K5|YAEP_ECOLI	GCF_022647505.1_WP_128179457.1	68.182	66	66	100	66	21	0	1	66	1	66	1.01e-27	100
sp|P0A8K5|YAEP_ECOLI	GCF_000520015.2_WP_071882816.1	71.212	66	66	100	66	19	0	1	66	1	66	1.31e-27	100
sp|P0A8K5|YAEP_ECOLI	GCF_003074995.2_WP_012847630.1	69.697	66	66	100	66	20	0	1	66	1	66	1.45e-27	100
sp|P0A8K5|YAEP_ECOLI	GCF_900638655.1_WP_047781752.1	74.603	66	66	95	63	16	0	1	63	1	63	1.46e-27	100
sp|P0A8K5|YAEP_ECOLI	GCF_017309605.1_WP_033652508.1	69.697	66	66	100	66	20	0	1	66	1	66	1.50e-27	100
sp|P0A8K5|YAEP_ECOLI	GCF_002504285.1_WP_005282993.1	69.697	66	66	100	66	20	0	1	66	1	66	1.75e-27	100
sp|P0A8K5|YAEP_ECOLI	GCF_000264765.2_WP_034163238.1	69.697	66	66	100	66	20	0	1	66	1	66	1.96e-27	99.8
sp|P0A8K5|YAEP_ECOLI	GCF_000147055.1_WP_013316770.1	69.697	66	66	100	66	20	0	1	66	1	66	2.07e-27	99.8
sp|P0A8K5|YAEP_ECOLI	GCF_025946765.1_WP_264497927.1	68.182	66	67	100	66	21	0	1	66	1	66	2.76e-27	99.5
sp|P0A8K5|YAEP_ECOLI	GCF_003096015.2_WP_108901554.1	71.212	66	66	100	66	19	0	1	66	1	66	2.96e-27	99.5
sp|P0A8K5|YAEP_ECOLI	GCF_005484965.1_WP_009114128.1	71.212	66	66	100	66	19	0	1	66	1	66	3.37e-27	99.2
sp|P0A8K5|YAEP_ECOLI	GCF_002291425.1_WP_095849075.1	69.697	66	66	100	66	20	0	1	66	1	66	4.74e-27	98.9
sp|P0A8K5|YAEP_ECOLI	GCF_015999465.1_WP_085688157.1	71.212	66	66	100	66	19	0	1	66	1	66	5.97e-27	98.6
sp|P0A8K5|YAEP_ECOLI	GCF_001006005.1_WP_024529521.1	68.182	66	66	100	66	21	0	1	66	1	66	8.40e-27	98.1
sp|P0A8K5|YAEP_ECOLI	GCF_009817885.1_WP_015673539.1	69.697	66	66	100	66	20	0	1	66	1	66	1.03e-26	98.1
sp|P0A8K5|YAEP_ECOLI	GCF_900095885.1_WP_035340383.1	69.697	66	67	100	66	20	0	1	66	1	66	1.95e-26	97.2
sp|P0A8K5|YAEP_ECOLI	GCF_003515985.1_WP_085653100.1	68.182	66	66	100	66	21	0	1	66	1	66	4.46e-26	96.4
sp|P0A8K5|YAEP_ECOLI	GCF_019797845.1_WP_222158376.1	66.667	66	66	100	66	22	0	1	66	1	66	7.42e-26	95.8
sp|P0A8K5|YAEP_ECOLI	GCF_020079945.1_WP_071669043.1	63.636	66	66	100	66	24	0	1	66	1	66	4.01e-24	91.3
sp|P0A8K5|YAEP_ECOLI	GCF_900478135.1_WP_111739360.1	68.254	66	66	95	63	20	0	1	63	1	63	6.64e-23	88.2
sp|P0A8K5|YAEP_ECOLI	GCF_011044475.1_WP_033740323.1	68.182	66	66	100	66	21	0	1	66	1	66	6.96e-23	88.2
sp|P0A8K5|YAEP_ECOLI	GCF_011745665.1_WP_166916350.1	66.667	66	63	91	60	20	0	4	63	2	61	3.06e-22	86.6
sp|P0A8K5|YAEP_ECOLI	GCF_024346995.1_WP_077312147.1	61.017	66	68	89	59	23	0	5	63	7	65	5.63e-22	86.0
sp|P0A8K5|YAEP_ECOLI	GCF_027286365.1_WP_069588633.1	62.712	66	67	89	59	22	0	5	63	7	65	2.09e-21	84.6
sp|P0A8K5|YAEP_ECOLI	GCF_024347395.1_WP_017053999.1	59.322	66	67	89	59	24	0	5	63	7	65	5.83e-21	83.5
sp|P0A8K5|YAEP_ECOLI	GCF_002157735.2_WP_086982498.1	61.017	66	67	89	59	23	0	5	63	7	65	8.95e-21	82.9
sp|P0A8K5|YAEP_ECOLI	GCF_020991025.1_WP_010864509.1	59.091	66	66	100	66	27	0	1	66	1	66	1.03e-20	82.6
sp|P0A8K5|YAEP_ECOLI	GCF_002257545.1_WP_010319078.1	59.322	66	68	89	59	24	0	5	63	7	65	1.56e-20	82.3
sp|P0A8K5|YAEP_ECOLI	GCF_009601765.2_WP_153446342.1	59.322	66	67	89	59	24	0	5	63	7	65	1.56e-20	82.3
sp|P0A8K5|YAEP_ECOLI	GCF_019977755.1_WP_101113434.1	59.322	66	68	89	59	24	0	5	63	7	65	2.08e-20	82.0
sp|P0A8K5|YAEP_ECOLI	GCF_002204915.1_WP_017420216.1	59.322	66	67	89	59	24	0	5	63	7	65	2.18e-20	81.8
sp|P0A8K5|YAEP_ECOLI	GCF_019670485.1_WP_221067978.1	59.322	66	67	89	59	24	0	5	63	7	65	2.38e-20	81.8
sp|P0A8K5|YAEP_ECOLI	GCF_003716875.1_WP_123016570.1	61.017	66	69	89	59	23	0	5	63	7	65	2.45e-20	81.8
sp|P0A8K5|YAEP_ECOLI	GCF_024347075.1_WP_261874095.1	61.017	66	67	89	59	23	0	5	63	7	65	2.70e-20	81.8
sp|P0A8K5|YAEP_ECOLI	GCF_001558415.2_WP_020431399.1	59.322	66	67	89	59	24	0	5	63	7	65	4.02e-20	81.2
sp|P0A8K5|YAEP_ECOLI	GCF_024346975.1_WP_021714761.1	59.322	66	67	89	59	24	0	5	63	7	65	5.71e-20	80.9
sp|P0A8K5|YAEP_ECOLI	GCF_023650915.1_WP_033905529.1	59.322	66	69	89	59	24	0	5	63	7	65	7.29e-20	80.6
sp|P0A8K5|YAEP_ECOLI	GCF_000024825.1_WP_005391765.1	59.322	66	68	89	59	24	0	5	63	7	65	7.78e-20	80.6
sp|P0A8K5|YAEP_ECOLI	GCF_024347055.1_WP_261893211.1	59.677	66	68	94	62	25	0	5	66	7	68	7.84e-20	80.6
sp|P0A8K5|YAEP_ECOLI	GCF_024347675.1_WP_261834940.1	59.322	66	67	89	59	24	0	5	63	7	65	7.90e-20	80.4
sp|P0A8K5|YAEP_ECOLI	GCF_024346755.1_WP_073603885.1	59.322	66	68	89	59	24	0	5	63	7	65	8.29e-20	80.4
sp|P0A8K5|YAEP_ECOLI	GCF_009938225.1_WP_075651756.1	59.322	66	67	89	59	24	0	5	63	7	65	8.29e-20	80.4
sp|P0A8K5|YAEP_ECOLI	GCF_024347115.1_WP_077332807.1	51.613	66	69	94	62	30	0	5	66	7	68	9.18e-20	80.4
sp|P0A8K5|YAEP_ECOLI	GCF_024347095.1_WP_038182092.1	55.932	66	69	89	59	26	0	5	63	7	65	1.18e-19	80.1
sp|P0A8K5|YAEP_ECOLI	GCF_010587385.1_WP_164647556.1	59.322	66	68	89	59	24	0	5	63	7	65	1.31e-19	79.8
sp|P0A8K5|YAEP_ECOLI	GCF_005280275.1_WP_069363555.1	57.627	66	67	89	59	25	0	5	63	7	65	1.31e-19	79.8
sp|P0A8K5|YAEP_ECOLI	GCF_900233005.1_WP_102522112.1	55.932	66	67	89	59	26	0	5	63	7	65	1.48e-19	79.8
sp|P0A8K5|YAEP_ECOLI	GCF_002021755.1_WP_005529380.1	59.322	66	68	89	59	24	0	5	63	7	65	1.89e-19	79.5
sp|P0A8K5|YAEP_ECOLI	GCF_002218045.2_WP_089140529.1	54.237	66	67	89	59	27	0	5	63	7	65	1.97e-19	79.5
sp|P0A8K5|YAEP_ECOLI	GCF_026001925.1_WP_105903071.1	59.322	66	67	89	59	24	0	5	63	7	65	3.10e-19	79.0
sp|P0A8K5|YAEP_ECOLI	GCF_000599985.1_WP_025315221.1	58.730	66	66	95	63	26	0	1	63	1	63	3.20e-19	79.0
sp|P0A8K5|YAEP_ECOLI	GCF_024346795.1_WP_017029145.1	55.932	66	67	89	59	26	0	5	63	7	65	3.47e-19	79.0
sp|P0A8K5|YAEP_ECOLI	GCF_002214395.1_WP_010449800.1	57.627	66	67	89	59	25	0	5	63	7	65	4.26e-19	78.7
sp|P0A8K5|YAEP_ECOLI	GCF_024346875.1_WP_261816828.1	57.627	66	67	89	59	25	0	5	63	7	65	4.62e-19	78.4
sp|P0A8K5|YAEP_ECOLI	GCF_000196495.1_WP_023603694.1	55.932	66	68	89	59	26	0	5	63	7	65	4.69e-19	78.4
sp|P0A8K5|YAEP_ECOLI	GCF_000940995.1_WP_039458213.1	57.627	66	68	89	59	25	0	5	63	7	65	6.60e-19	78.1
sp|P0A8K5|YAEP_ECOLI	GCF_009938205.1_WP_075706335.1	57.627	66	67	89	59	25	0	5	63	7	65	8.79e-19	77.8
sp|P0A8K5|YAEP_ECOLI	GCF_009938185.1_WP_162047597.1	57.627	66	67	89	59	25	0	5	63	7	65	9.00e-19	77.8
sp|P0A8K5|YAEP_ECOLI	GCF_011064285.1_WP_165310536.1	55.932	66	68	89	59	26	0	5	63	7	65	1.04e-18	77.5
sp|P0A8K5|YAEP_ECOLI	GCF_024347035.1_WP_042488988.1	55.932	66	68	89	59	26	0	5	63	7	65	1.13e-18	77.5
sp|P0A8K5|YAEP_ECOLI	GCF_024494545.1_WP_080175675.1	57.627	66	67	89	59	25	0	5	63	7	65	1.17e-18	77.5
sp|P0A8K5|YAEP_ECOLI	GCF_000772105.1_WP_004742991.1	55.932	66	68	89	59	26	0	5	63	7	65	1.18e-18	77.5
sp|P0A8K5|YAEP_ECOLI	GCF_002196515.1_WP_021020922.1	57.627	66	68	89	59	25	0	5	63	7	65	1.23e-18	77.5
sp|P0A8K5|YAEP_ECOLI	GCF_001547935.1_WP_068714408.1	56.452	66	68	94	62	27	0	5	66	7	68	1.70e-18	77.0
sp|P0A8K5|YAEP_ECOLI	GCF_000770115.1_WP_005446221.1	55.932	66	68	89	59	26	0	5	63	7	65	2.45e-18	76.7
sp|P0A8K5|YAEP_ECOLI	GCF_017329545.1_WP_047883162.1	55.932	66	68	89	59	26	0	5	63	7	65	3.11e-18	76.4
sp|P0A8K5|YAEP_ECOLI	GCF_014879975.1_WP_192889240.1	52.542	66	67	89	59	28	0	5	63	7	65	3.29e-18	76.4
sp|P0A8K5|YAEP_ECOLI	GCF_024347495.1_WP_137373540.1	52.542	66	67	89	59	28	0	5	63	7	65	3.76e-18	76.1
sp|P0A8K5|YAEP_ECOLI	GCF_001558255.2_WP_005506875.1	52.542	66	68	89	59	28	0	5	63	7	65	8.20e-18	75.3
sp|P0A8K5|YAEP_ECOLI	GCF_019703835.1_WP_087022950.1	52.542	66	67	89	59	28	0	5	63	7	65	1.60e-17	74.7
sp|P0A8K5|YAEP_ECOLI	GCF_024346675.1_WP_094955825.1	57.627	66	67	89	59	25	0	5	63	7	65	1.76e-17	74.5
sp|P0A8K5|YAEP_ECOLI	GCF_024346715.1_WP_048899954.1	57.627	66	67	89	59	25	0	5	63	7	65	2.32e-17	74.2
sp|P0A8K5|YAEP_ECOLI	GCF_024346955.1_WP_087479854.1	54.237	66	68	89	59	27	0	5	63	7	65	3.62e-17	73.6
sp|P0A8K5|YAEP_ECOLI	GCF_009363415.1_WP_152429752.1	55.172	66	68	88	58	26	0	5	62	7	64	9.63e-17	72.8
sp|P0A8K5|YAEP_ECOLI	GCF_002887615.1_WP_038864665.1	59.322	66	68	89	59	24	0	5	63	7	65	2.33e-16	71.6
sp|P0A8K5|YAEP_ECOLI	GCF_024582835.1_WP_257083719.1	61.017	66	67	89	59	23	0	5	63	7	65	1.78e-15	69.4
sp|P0A8K5|YAEP_ECOLI	GCF_006364355.1_WP_004729231.1	57.627	66	67	89	59	25	0	5	63	7	65	2.32e-15	69.1
sp|P0A8K5|YAEP_ECOLI	GCF_023195835.1_WP_039478024.1	57.627	66	68	89	59	25	0	5	63	7	65	4.44e-15	68.3
sp|P0A8K5|YAEP_ECOLI	GCF_014083925.1_WP_074374154.1	55.932	66	69	89	59	26	0	5	63	7	65	1.09e-14	67.4
sp|P0A8K5|YAEP_ECOLI	GCF_014892695.1_WP_193004054.1	49.153	66	68	89	59	30	0	5	63	7	65	1.18e-14	67.4
sp|P0A8K5|YAEP_ECOLI	GCF_016026615.1_WP_005345813.1	52.542	66	68	89	59	28	0	5	63	7	65	1.45e-14	67.1
sp|P0A8K5|YAEP_ECOLI	GCF_008693705.1_WP_005336882.1	52.542	66	68	89	59	28	0	5	63	7	65	1.81e-14	66.9
sp|P0A8K5|YAEP_ECOLI	GCF_001456255.1_WP_014232780.1	55.932	66	68	89	59	26	0	5	63	7	65	2.53e-14	66.6
sp|P0A8K5|YAEP_ECOLI	GCF_016127195.1_WP_005352334.1	52.542	66	68	89	59	28	0	5	63	7	65	3.56e-14	66.0
sp|P0A8K5|YAEP_ECOLI	GCF_003015165.1_WP_005324956.1	52.542	66	68	89	59	28	0	5	63	7	65	3.62e-14	66.0
sp|P0A8K5|YAEP_ECOLI	GCF_019226825.1_WP_218562206.1	55.932	66	67	89	59	26	0	5	63	7	65	5.61e-14	65.5
sp|P0A8K5|YAEP_ECOLI	GCF_000023065.1_WP_015878480.1	56.667	66	69	91	60	26	0	4	63	6	65	9.39e-14	65.2
sp|P0A8K5|YAEP_ECOLI	GCF_016026875.1_WP_005301307.1	50.847	66	68	89	59	29	0	5	63	7	65	9.39e-14	64.9
sp|P0A8K5|YAEP_ECOLI	GCF_024347455.1_WP_017072685.1	52.542	66	67	89	59	28	0	5	63	7	65	1.07e-13	64.9
sp|P0A8K5|YAEP_ECOLI	GCF_014169735.1_WP_010674629.1	50.847	66	68	89	59	29	0	5	63	7	65	1.77e-13	64.3
sp|P0A8K5|YAEP_ECOLI	GCF_028355655.1_WP_005311233.1	49.153	66	68	89	59	30	0	5	63	7	65	1.98e-13	64.3
sp|P0A8K5|YAEP_ECOLI	GCF_000015285.1_WP_011770537.1	50.794	66	66	95	63	31	0	1	63	1	63	1.99e-13	64.0
sp|P0A8K5|YAEP_ECOLI	GCF_900465055.1_WP_112718222.1	52.542	66	67	89	59	28	0	5	63	7	65	2.38e-13	64.0
sp|P0A8K5|YAEP_ECOLI	GCF_008369605.1_WP_000870111.1	62.712	66	67	89	59	22	0	5	63	7	65	2.42e-13	64.0
sp|P0A8K5|YAEP_ECOLI	GCF_008931805.1_WP_196805522.1	49.206	66	65	95	63	32	0	1	63	1	63	3.15e-13	63.8
sp|P0A8K5|YAEP_ECOLI	GCF_024347295.1_WP_017086219.1	54.237	66	67	89	59	27	0	5	63	7	65	7.48e-13	62.6
sp|P0A8K5|YAEP_ECOLI	GCF_001995825.2_WP_060468344.1	54.237	66	67	89	59	27	0	5	63	7	65	9.05e-13	62.6
sp|P0A8K5|YAEP_ECOLI	GCF_024347475.1_WP_261903044.1	54.237	66	67	89	59	27	0	5	63	7	65	1.04e-12	62.4
sp|P0A8K5|YAEP_ECOLI	GCF_020149575.1_WP_005908580.1	49.153	66	68	89	59	30	0	5	63	7	65	1.18e-12	62.4
sp|P0A8K5|YAEP_ECOLI	GCF_024347635.1_WP_139684079.1	54.237	66	67	89	59	27	0	5	63	7	65	1.24e-12	62.1
sp|P0A8K5|YAEP_ECOLI	GCF_022371215.1_WP_008222923.1	54.237	66	67	89	59	27	0	5	63	7	65	1.28e-12	62.1
sp|P0A8K5|YAEP_ECOLI	GCF_000091465.1_WP_009847436.1	52.542	66	67	89	59	28	0	5	63	7	65	1.62e-12	61.8
sp|P0A8K5|YAEP_ECOLI	GCF_024347355.1_WP_137407914.1	54.237	66	67	89	59	27	0	5	63	7	65	1.75e-12	61.8
sp|P0A8K5|YAEP_ECOLI	GCF_005144905.1_WP_016767591.1	52.542	66	67	89	59	28	0	5	63	7	65	1.76e-12	61.8
sp|P0A8K5|YAEP_ECOLI	GCF_024362845.1_WP_032551682.1	54.237	66	67	89	59	27	0	5	63	7	65	1.82e-12	61.8
sp|P0A8K5|YAEP_ECOLI	GCF_900637545.1_WP_042653731.1	47.458	66	68	89	59	31	0	5	63	7	65	1.96e-12	61.8
sp|P0A8K5|YAEP_ECOLI	GCF_900465055.1_WP_232011695.1	56.250	66	41	48	32	14	0	5	36	7	38	5.27e-06	44.9
# PSIBLAST 2.12.0+
# Iteration: 2
# Query: sp|P0A8K5|YAEP_ECOLI UPF0253 protein YaeP OS=Escherichia coli (strain K12) OX=83333 GN=yaeP PE=3 SV=1
# Database: /home/t19045mi/projects/psiblast_ver2/db/chosen-bacteria_proteome_exDup
# Fields: query id, subject id, % identity, query length, subject length, % query coverage per subject, alignment length, mismatches, gap opens, q. start, q. end, s. start, s. end, evalue, bit score
# 196 hits found
sp|P0A8K5|YAEP_ECOLI	GCF_005484945.1_WP_137712818.1	74.242	66	66	100	66	17	0	1	66	1	66	3.87e-28	101
sp|P0A8K5|YAEP_ECOLI	GCF_021365465.1_WP_016190320.1	72.727	66	66	100	66	18	0	1	66	1	66	1.68e-27	 99
sp|P0A8K5|YAEP_ECOLI	GCF_020683125.1_WP_133842176.1	72.727	66	67	100	66	18	0	1	66	1	66	2.21e-27	99.7
sp|P0A8K5|YAEP_ECOLI	GCF_000196615.1_WP_071822098.1	71.212	66	66	100	66	19	0	1	66	1	66	3.45e-27	99.1
sp|P0A8K5|YAEP_ECOLI	GCF_001006005.1_WP_024529521.1	68.182	66	66	100	66	21	0	1	66	1	66	4.20e-27	98.8
sp|P0A8K5|YAEP_ECOLI	GCF_001742185.1_WP_015731006.1	72.727	66	66	100	66	18	0	1	66	1	66	5.55e-27	98.5
sp|P0A8K5|YAEP_ECOLI	GCF_002291425.1_WP_095849075.1	69.697	66	66	100	66	20	0	1	66	1	66	6.88e-27	98.3
sp|P0A8K5|YAEP_ECOLI	GCF_009817885.1_WP_015673539.1	69.697	66	66	100	66	20	0	1	66	1	66	8.26e-27	98.3
sp|P0A8K5|YAEP_ECOLI	GCF_900638135.1_WP_012146467.1	71.212	66	66	100	66	19	0	1	66	1	66	8.88e-27	98.0
sp|P0A8K5|YAEP_ECOLI	GCF_002288545.1_WP_010285748.1	74.242	66	66	100	66	17	0	1	66	1	66	9.61e-27	98.0
sp|P0A8K5|YAEP_ECOLI	GCF_009730055.1_WP_005185672.1	72.727	66	66	100	66	18	0	1	66	1	66	9.92e-27	98.0
sp|P0A8K5|YAEP_ECOLI	GCF_019844095.1_WP_062747067.1	71.212	66	67	100	66	19	0	1	66	1	66	1.36e-26	97.7
sp|P0A8K5|YAEP_ECOLI	GCF_004353845.1_WP_048214883.1	90.909	66	66	100	66	6	0	1	66	1	66	1.55e-26	97.4
sp|P0A8K5|YAEP_ECOLI	GCF_017498685.1_WP_004719628.1	75.758	66	66	100	66	16	0	1	66	1	66	1.74e-26	97.4
sp|P0A8K5|YAEP_ECOLI	GCF_017569925.1_WP_208228064.1	72.727	66	66	100	66	18	0	1	66	1	66	2.62e-26	96.9
sp|P0A8K5|YAEP_ECOLI	GCF_002291445.1_WP_048635885.1	72.727	66	66	100	66	18	0	1	66	1	66	2.95e-26	96.9
sp|P0A8K5|YAEP_ECOLI	GCF_000520015.2_WP_071882816.1	71.212	66	66	100	66	19	0	1	66	1	66	3.83e-26	96.6
sp|P0A8K5|YAEP_ECOLI	GCF_003812345.1_WP_003018499.1	92.424	66	66	100	66	5	0	1	66	1	66	4.22e-26	96.3
sp|P0A8K5|YAEP_ECOLI	GCF_000025065.1_WP_012883680.1	71.212	66	66	100	66	19	0	1	66	1	66	5.79e-26	96.0
sp|P0A8K5|YAEP_ECOLI	GCF_000214235.1_WP_006318652.1	74.242	66	66	100	66	17	0	1	66	1	66	6.22e-26	96.0
sp|P0A8K5|YAEP_ECOLI	GCF_000147055.1_WP_013316770.1	69.697	66	66	100	66	20	0	1	66	1	66	6.27e-26	96.0
sp|P0A8K5|YAEP_ECOLI	GCF_000023565.1_WP_012770817.1	69.697	66	66	100	66	20	0	1	66	1	66	6.69e-26	95.7
sp|P0A8K5|YAEP_ECOLI	GCF_000222975.1_WP_002212152.1	75.758	66	66	100	66	16	0	1	66	1	66	7.59e-26	95.7
sp|P0A8K5|YAEP_ECOLI	GCF_000006945.2_NP_459243.1	92.424	66	72	100	66	5	0	1	66	7	72	9.26e-26	95.4
sp|P0A8K5|YAEP_ECOLI	GCF_003935895.2_WP_110510859.1	89.394	66	66	100	66	7	0	1	66	1	66	9.34e-26	95.4
sp|P0A8K5|YAEP_ECOLI	GCF_025133195.1_WP_004706681.1	74.242	66	67	100	66	17	0	1	66	1	66	9.41e-26	95.4
sp|P0A8K5|YAEP_ECOLI	GCF_000834395.1_WP_004704314.1	72.727	66	66	100	66	18	0	1	66	1	66	9.71e-26	95.4
sp|P0A8K5|YAEP_ECOLI	GCF_022637515.1_WP_064540227.1	83.333	66	66	100	66	11	0	1	66	1	66	9.95e-26	95.4
sp|P0A8K5|YAEP_ECOLI	GCF_013234275.1_WP_172895487.1	80.303	66	66	100	66	13	0	1	66	1	66	1.12e-25	95.2
sp|P0A8K5|YAEP_ECOLI	GCF_022647325.1_WP_111140598.1	66.667	66	66	100	66	22	0	1	66	1	66	1.14e-25	95.2
sp|P0A8K5|YAEP_ECOLI	GCF_008364325.2_WP_041415645.1	72.727	66	66	100	66	18	0	1	66	1	66	1.26e-25	95.2
sp|P0A8K5|YAEP_ECOLI	GCF_017348915.1_WP_040077076.1	87.879	66	66	100	66	8	0	1	66	1	66	1.27e-25	95.2
sp|P0A8K5|YAEP_ECOLI	GCF_001518835.1_WP_032616635.1	90.909	66	66	100	66	6	0	1	66	1	66	1.39e-25	95.2
sp|P0A8K5|YAEP_ECOLI	GCF_025946765.1_WP_264497927.1	68.182	66	67	100	66	21	0	1	66	1	66	1.49e-25	94.9
sp|P0A8K5|YAEP_ECOLI	GCF_001750725.1_WP_014168721.1	89.394	66	66	100	66	7	0	1	66	1	66	1.49e-25	94.9
sp|P0A8K5|YAEP_ECOLI	GCF_005484965.1_WP_009114128.1	71.212	66	66	100	66	19	0	1	66	1	66	1.54e-25	94.9
sp|P0A8K5|YAEP_ECOLI	GCF_002157735.2_WP_086982498.1	55.385	66	67	98	65	29	0	1	65	3	67	1.62e-25	94.9
sp|P0A8K5|YAEP_ECOLI	GCF_024347395.1_WP_017053999.1	53.846	66	67	98	65	30	0	1	65	3	67	1.71e-25	94.9
sp|P0A8K5|YAEP_ECOLI	GCF_004792415.1_WP_003852623.1	68.182	66	66	100	66	21	0	1	66	1	66	1.75e-25	94.9
sp|P0A8K5|YAEP_ECOLI	GCF_017309605.1_WP_033652508.1	69.697	66	66	100	66	20	0	1	66	1	66	1.81e-25	94.6
sp|P0A8K5|YAEP_ECOLI	GCF_001683395.1_WP_017458016.1	87.879	66	66	100	66	8	0	1	66	1	66	1.89e-25	94.6
sp|P0A8K5|YAEP_ECOLI	GCF_003516125.1_WP_007896683.1	78.788	66	66	100	66	14	0	1	66	1	66	1.96e-25	94.6
sp|P0A8K5|YAEP_ECOLI	GCF_009176645.1_WP_152083530.1	87.879	66	66	100	66	8	0	1	66	1	66	2.10e-25	94.6
sp|P0A8K5|YAEP_ECOLI	GCF_000740965.1_WP_039290563.1	69.697	66	66	100	66	20	0	1	66	1	66	2.19e-25	94.6
sp|P0A8K5|YAEP_ECOLI	GCF_000224675.1_WP_006173580.1	86.364	66	66	100	66	9	0	1	66	1	66	2.19e-25	94.6
sp|P0A8K5|YAEP_ECOLI	GCF_024347075.1_WP_261874095.1	55.385	66	67	98	65	29	0	1	65	3	67	2.20e-25	94.6
sp|P0A8K5|YAEP_ECOLI	GCF_019048385.1_WP_010254172.1	68.182	66	66	100	66	21	0	1	66	1	66	2.22e-25	94.6
sp|P0A8K5|YAEP_ECOLI	GCF_001461805.1_WP_013367514.1	89.394	66	66	100	66	7	0	1	66	1	66	2.22e-25	94.6
sp|P0A8K5|YAEP_ECOLI	GCF_001658025.2_WP_007373244.1	89.394	66	66	100	66	7	0	1	66	1	66	2.24e-25	94.6
sp|P0A8K5|YAEP_ECOLI	GCF_001729805.1_WP_008501889.1	87.879	66	66	100	66	8	0	1	66	1	66	2.33e-25	94.3
sp|P0A8K5|YAEP_ECOLI	GCF_009914055.1_WP_160619716.1	68.182	66	66	100	66	21	0	1	66	1	66	2.37e-25	94.3
sp|P0A8K5|YAEP_ECOLI	GCF_024224615.1_WP_125293587.1	95.455	66	66	100	66	3	0	1	66	1	66	2.56e-25	94.3
sp|P0A8K5|YAEP_ECOLI	GCF_000023545.1_WP_015854636.1	71.212	66	66	100	66	19	0	1	66	1	66	2.80e-25	94.3
sp|P0A8K5|YAEP_ECOLI	GCF_001277255.1_WP_007666631.1	83.333	66	66	100	66	11	0	1	66	1	66	2.93e-25	94.3
sp|P0A8K5|YAEP_ECOLI	GCF_019797845.1_WP_222158376.1	66.667	66	66	100	66	22	0	1	66	1	66	3.03e-25	94.0
sp|P0A8K5|YAEP_ECOLI	GCF_002101395.1_WP_165786514.1	71.212	66	66	100	66	19	0	1	66	1	66	3.15e-25	94.0
sp|P0A8K5|YAEP_ECOLI	GCF_021462285.1_WP_073970287.1	72.727	66	66	100	66	18	0	1	66	1	66	3.58e-25	94.0
sp|P0A8K5|YAEP_ECOLI	GCF_001277235.1_WP_007718147.1	81.818	66	66	100	66	12	0	1	66	1	66	3.69e-25	94.0
sp|P0A8K5|YAEP_ECOLI	GCF_009648975.1_WP_002889429.1	90.909	66	66	100	66	6	0	1	66	1	66	3.72e-25	94.0
sp|P0A8K5|YAEP_ECOLI	GCF_001277195.1_WP_038864664.1	81.818	66	66	100	66	12	0	1	66	1	66	3.81e-25	94.0
sp|P0A8K5|YAEP_ECOLI	GCF_018128425.1_WP_042289831.1	93.939	66	66	100	66	4	0	1	66	1	66	3.90e-25	93.8
sp|P0A8K5|YAEP_ECOLI	GCF_001642805.2_WP_004931993.1	71.212	66	66	100	66	19	0	1	66	1	66	4.00e-25	93.8
sp|P0A8K5|YAEP_ECOLI	GCF_009601765.2_WP_153446342.1	53.846	66	67	98	65	30	0	1	65	3	67	4.06e-25	93.8
sp|P0A8K5|YAEP_ECOLI	GCF_011068345.1_WP_002436993.1	96.970	66	66	100	66	2	0	1	66	1	66	4.10e-25	93.8
sp|P0A8K5|YAEP_ECOLI	GCF_001558935.2_WP_042323658.1	93.939	66	66	100	66	4	0	1	66	1	66	4.13e-25	93.8
sp|P0A8K5|YAEP_ECOLI	GCF_003515985.1_WP_085653100.1	68.182	66	66	100	66	21	0	1	66	1	66	4.16e-25	93.8
sp|P0A8K5|YAEP_ECOLI	GCF_020342335.1_WP_071852482.1	75.758	66	66	100	66	16	0	1	66	1	66	4.30e-25	93.8
sp|P0A8K5|YAEP_ECOLI	GCF_016415705.1_WP_080936164.1	89.394	66	66	100	66	7	0	1	66	1	66	4.92e-25	93.8
sp|P0A8K5|YAEP_ECOLI	GCF_024346975.1_WP_021714761.1	53.846	66	67	98	65	30	0	1	65	3	67	5.36e-25	93.5
sp|P0A8K5|YAEP_ECOLI	GCF_019047765.1_WP_005132083.1	95.455	66	66	100	66	3	0	1	66	1	66	5.86e-25	93.5
sp|P0A8K5|YAEP_ECOLI	GCF_004684345.1_WP_096758222.1	93.939	66	66	100	66	4	0	1	66	1	66	6.09e-25	93.5
sp|P0A8K5|YAEP_ECOLI	GCF_000018045.1_WP_012133967.1	96.970	66	66	100	66	2	0	1	66	1	66	6.19e-25	93.5
sp|P0A8K5|YAEP_ECOLI	GCF_019890955.1_WP_021507470.1	72.727	66	66	100	66	18	0	1	66	1	66	6.65e-25	93.2
sp|P0A8K5|YAEP_ECOLI	GCF_019048625.1_WP_003856146.1	83.333	66	66	100	66	11	0	1	66	1	66	6.70e-25	93.2
sp|P0A8K5|YAEP_ECOLI	GCF_004124235.1_WP_004391680.1	72.727	66	66	100	66	18	0	1	66	1	66	6.76e-25	93.2
sp|P0A8K5|YAEP_ECOLI	GCF_900233005.1_WP_102522112.1	50.769	66	67	98	65	32	0	1	65	3	67	6.97e-25	93.2
sp|P0A8K5|YAEP_ECOLI	GCF_022637475.1_WP_013574215.1	74.242	66	66	100	66	17	0	1	66	1	66	7.09e-25	93.2
sp|P0A8K5|YAEP_ECOLI	GCF_015999465.1_WP_085688157.1	71.212	66	66	100	66	19	0	1	66	1	66	7.20e-25	93.2
sp|P0A8K5|YAEP_ECOLI	GCF_900095885.1_WP_035340383.1	69.697	66	67	100	66	20	0	1	66	1	66	7.26e-25	93.2
sp|P0A8K5|YAEP_ECOLI	GCF_021276285.1_WP_015696108.1	72.727	66	66	100	66	18	0	1	66	1	66	8.11e-25	93.2
sp|P0A8K5|YAEP_ECOLI	GCF_000439255.1_WP_013991363.1	95.455	66	66	100	66	3	0	1	66	1	66	8.38e-25	92.9
sp|P0A8K5|YAEP_ECOLI	GCF_000006925.2_NP_706135.1	98.485	66	72	100	66	1	0	1	66	7	72	8.64e-25	93.2
sp|P0A8K5|YAEP_ECOLI	GCF_019670485.1_WP_221067978.1	53.846	66	67	98	65	30	0	1	65	3	67	8.92e-25	92.9
sp|P0A8K5|YAEP_ECOLI	GCF_008693645.1_WP_024132476.1	96.970	66	66	100	66	2	0	1	66	1	66	9.14e-25	92.9
sp|P0A8K5|YAEP_ECOLI	GCF_012029655.1_WP_041144146.1	89.394	66	66	100	66	7	0	1	66	1	66	9.29e-25	92.9
sp|P0A8K5|YAEP_ECOLI	GCF_024494545.1_WP_080175675.1	52.308	66	67	98	65	31	0	1	65	3	67	9.97e-25	92.9
sp|P0A8K5|YAEP_ECOLI	GCF_002204915.1_WP_017420216.1	53.846	66	67	98	65	30	0	1	65	3	67	9.97e-25	92.9
sp|P0A8K5|YAEP_ECOLI	GCF_001277215.2_WP_004385445.1	80.303	66	66	100	66	13	0	1	66	1	66	9.98e-25	92.9
sp|P0A8K5|YAEP_ECOLI	GCF_022647505.1_WP_128179457.1	68.182	66	66	100	66	21	0	1	66	1	66	1.01e-24	92.9
sp|P0A8K5|YAEP_ECOLI	GCF_005671395.1_WP_138095873.1	77.273	66	66	100	66	15	0	1	66	1	66	1.31e-24	92.6
sp|P0A8K5|YAEP_ECOLI	GCF_007632255.1_WP_015368145.1	90.909	66	66	100	66	6	0	1	66	1	66	1.39e-24	92.3
sp|P0A8K5|YAEP_ECOLI	GCF_001022135.1_WP_039078450.1	87.879	66	66	100	66	8	0	1	66	1	66	1.58e-24	92.3
sp|P0A8K5|YAEP_ECOLI	GCF_026001925.1_WP_105903071.1	53.846	66	67	98	65	30	0	1	65	3	67	1.59e-24	92.3
sp|P0A8K5|YAEP_ECOLI	GCF_002218045.2_WP_089140529.1	49.231	66	67	98	65	33	0	1	65	3	67	1.61e-24	92.3
sp|P0A8K5|YAEP_ECOLI	GCF_024346795.1_WP_017029145.1	50.769	66	67	98	65	32	0	1	65	3	67	1.81e-24	92.1
sp|P0A8K5|YAEP_ECOLI	GCF_002953195.1_WP_038628013.1	68.182	66	66	100	66	21	0	1	66	1	66	1.85e-24	92.1
sp|P0A8K5|YAEP_ECOLI	GCF_003019925.1_WP_043085884.1	87.879	66	66	100	66	8	0	1	66	1	66	2.12e-24	92.1
sp|P0A8K5|YAEP_ECOLI	GCF_900635955.1_WP_126357485.1	83.333	66	66	100	66	11	0	1	66	1	66	2.14e-24	92.1
sp|P0A8K5|YAEP_ECOLI	GCF_025758125.1_WP_023480353.1	84.848	66	66	100	66	10	0	1	66	1	66	2.39e-24	91.8
sp|P0A8K5|YAEP_ECOLI	GCF_003812925.1_WP_004107902.1	92.424	66	66	100	66	5	0	1	66	1	66	2.99e-24	91.5
sp|P0A8K5|YAEP_ECOLI	GCF_024347495.1_WP_137373540.1	47.692	66	67	98	65	34	0	1	65	3	67	3.29e-24	91.5
sp|P0A8K5|YAEP_ECOLI	GCF_002393445.1_WP_008456963.1	83.333	66	66	100	66	11	0	1	66	1	66	3.31e-24	91.5
sp|P0A8K5|YAEP_ECOLI	GCF_001277175.1_WP_007697550.1	78.788	66	66	100	66	14	0	1	66	1	66	3.37e-24	91.5
sp|P0A8K5|YAEP_ECOLI	GCF_022637595.1_WP_004858155.1	89.394	66	66	100	66	7	0	1	66	1	66	3.53e-24	91.5
sp|P0A8K5|YAEP_ECOLI	GCF_011617105.1_WP_008814496.1	72.308	66	66	98	65	18	0	1	65	1	65	4.89e-24	91.2
sp|P0A8K5|YAEP_ECOLI	GCF_000005845.2_YP_026160.1	100.000	66	66	100	66	0	0	1	66	1	66	5.01e-24	90.9
sp|P0A8K5|YAEP_ECOLI	GCF_015139575.1_WP_004098778.1	90.909	66	66	100	66	6	0	1	66	1	66	5.09e-24	90.9
sp|P0A8K5|YAEP_ECOLI	GCF_021172065.1_WP_015965826.1	87.879	66	66	100	66	8	0	1	66	1	66	5.74e-24	90.9
sp|P0A8K5|YAEP_ECOLI	GCF_003261575.2_WP_110272452.1	89.394	66	66	100	66	7	0	1	66	1	66	7.11e-24	90.7
sp|P0A8K5|YAEP_ECOLI	GCF_014879975.1_WP_192889240.1	47.692	66	67	98	65	34	0	1	65	3	67	9.24e-24	90.4
sp|P0A8K5|YAEP_ECOLI	GCF_023650915.1_WP_033905529.1	53.030	66	69	100	66	31	0	1	66	3	68	9.92e-24	90.4
sp|P0A8K5|YAEP_ECOLI	GCF_000024825.1_WP_005391765.1	53.030	66	68	100	66	31	0	1	66	3	68	1.05e-23	90.4
sp|P0A8K5|YAEP_ECOLI	GCF_023195735.1_WP_035891979.1	83.333	66	66	100	66	11	0	1	66	1	66	1.05e-23	90.4
sp|P0A8K5|YAEP_ECOLI	GCF_002257545.1_WP_010319078.1	53.030	66	68	100	66	31	0	1	66	3	68	1.07e-23	90.4
sp|P0A8K5|YAEP_ECOLI	GCF_001558415.2_WP_020431399.1	53.846	66	67	98	65	30	0	1	65	3	67	1.07e-23	90.1
sp|P0A8K5|YAEP_ECOLI	GCF_000233595.1_WP_014606545.1	71.212	66	66	100	66	19	0	1	66	1	66	1.09e-23	90.1
sp|P0A8K5|YAEP_ECOLI	GCF_025914095.1_WP_031518415.1	89.394	66	66	100	66	7	0	1	66	1	66	1.32e-23	90.1
sp|P0A8K5|YAEP_ECOLI	GCF_010587385.1_WP_164647556.1	53.030	66	68	100	66	31	0	1	66	3	68	1.83e-23	89.5
sp|P0A8K5|YAEP_ECOLI	GCF_019977755.1_WP_101113434.1	55.556	66	68	95	63	28	0	4	66	6	68	2.53e-23	89.3
sp|P0A8K5|YAEP_ECOLI	GCF_024347035.1_WP_042488988.1	50.000	66	68	100	66	33	0	1	66	3	68	2.72e-23	89.3
sp|P0A8K5|YAEP_ECOLI	GCF_002021755.1_WP_005529380.1	53.030	66	68	100	66	31	0	1	66	3	68	3.12e-23	89.0
sp|P0A8K5|YAEP_ECOLI	GCF_024347095.1_WP_038182092.1	50.000	66	69	100	66	33	0	1	66	3	68	4.08e-23	88.7
sp|P0A8K5|YAEP_ECOLI	GCF_024346875.1_WP_261816828.1	53.125	66	67	97	64	30	0	2	65	4	67	4.08e-23	88.7
sp|P0A8K5|YAEP_ECOLI	GCF_011064285.1_WP_165310536.1	50.000	66	68	100	66	33	0	1	66	3	68	5.52e-23	88.4
sp|P0A8K5|YAEP_ECOLI	GCF_009938225.1_WP_075651756.1	53.846	66	67	98	65	30	0	1	65	3	67	5.70e-23	88.4
sp|P0A8K5|YAEP_ECOLI	GCF_000262305.1_WP_034920208.1	80.303	66	66	100	66	13	0	1	66	1	66	5.84e-23	88.4
sp|P0A8K5|YAEP_ECOLI	GCF_024347115.1_WP_077332807.1	48.485	66	69	100	66	34	0	1	66	3	68	6.74e-23	88.1
sp|P0A8K5|YAEP_ECOLI	GCF_000196495.1_WP_023603694.1	50.769	66	68	98	65	32	0	1	65	3	67	7.29e-23	88.1
sp|P0A8K5|YAEP_ECOLI	GCF_009938185.1_WP_162047597.1	52.308	66	67	98	65	31	0	1	65	3	67	8.62e-23	87.8
sp|P0A8K5|YAEP_ECOLI	GCF_006711645.1_WP_100682483.1	87.879	66	66	100	66	8	0	1	66	1	66	8.83e-23	87.8
sp|P0A8K5|YAEP_ECOLI	GCF_002214395.1_WP_010449800.1	52.308	66	67	98	65	31	0	1	65	3	67	9.04e-23	87.8
sp|P0A8K5|YAEP_ECOLI	GCF_009649915.1_WP_062772226.1	84.848	66	66	100	66	10	0	1	66	1	66	9.12e-23	87.8
sp|P0A8K5|YAEP_ECOLI	GCF_000940995.1_WP_039458213.1	52.308	66	68	98	65	31	0	1	65	3	67	1.49e-22	87.3
sp|P0A8K5|YAEP_ECOLI	GCF_024346755.1_WP_073603885.1	53.030	66	68	100	66	31	0	1	66	3	68	1.64e-22	87.3
sp|P0A8K5|YAEP_ECOLI	GCF_000772105.1_WP_004742991.1	50.000	66	68	100	66	33	0	1	66	3	68	1.69e-22	87.3
sp|P0A8K5|YAEP_ECOLI	GCF_000770115.1_WP_005446221.1	50.000	66	68	100	66	33	0	1	66	3	68	1.71e-22	87.3
sp|P0A8K5|YAEP_ECOLI	GCF_024346995.1_WP_077312147.1	55.385	66	68	98	65	29	0	1	65	3	67	1.99e-22	87.0
sp|P0A8K5|YAEP_ECOLI	GCF_024346955.1_WP_087479854.1	48.485	66	68	100	66	34	0	1	66	3	68	2.71e-22	86.7
sp|P0A8K5|YAEP_ECOLI	GCF_024346675.1_WP_094955825.1	52.308	66	67	98	65	31	0	1	65	3	67	2.98e-22	86.4
sp|P0A8K5|YAEP_ECOLI	GCF_024346715.1_WP_048899954.1	52.308	66	67	98	65	31	0	1	65	3	67	3.03e-22	86.4
sp|P0A8K5|YAEP_ECOLI	GCF_019703835.1_WP_087022950.1	47.692	66	67	98	65	34	0	1	65	3	67	3.28e-22	86.4
sp|P0A8K5|YAEP_ECOLI	GCF_002196515.1_WP_021020922.1	51.515	66	68	100	66	32	0	1	66	3	68	4.50e-22	86.2
sp|P0A8K5|YAEP_ECOLI	GCF_003096015.2_WP_108901554.1	71.212	66	66	100	66	19	0	1	66	1	66	4.92e-22	85.9
sp|P0A8K5|YAEP_ECOLI	GCF_900638655.1_WP_047781752.1	71.212	66	66	100	66	19	0	1	66	1	66	8.25e-22	85.3
sp|P0A8K5|YAEP_ECOLI	GCF_009938205.1_WP_075706335.1	52.308	66	67	98	65	31	0	1	65	3	67	8.31e-22	85.3
sp|P0A8K5|YAEP_ECOLI	GCF_020991025.1_WP_010864509.1	59.091	66	66	100	66	27	0	1	66	1	66	8.45e-22	85.3
sp|P0A8K5|YAEP_ECOLI	GCF_017329545.1_WP_047883162.1	50.769	66	68	98	65	32	0	1	65	3	67	8.64e-22	85.3
sp|P0A8K5|YAEP_ECOLI	GCF_020079945.1_WP_071669043.1	63.636	66	66	100	66	24	0	1	66	1	66	9.29e-22	85.3
sp|P0A8K5|YAEP_ECOLI	GCF_009363415.1_WP_152429752.1	49.231	66	68	98	65	33	0	1	65	3	67	1.01e-21	85.3
sp|P0A8K5|YAEP_ECOLI	GCF_003074995.2_WP_012847630.1	69.697	66	66	100	66	20	0	1	66	1	66	1.50e-21	84.8
sp|P0A8K5|YAEP_ECOLI	GCF_024347675.1_WP_261834940.1	53.846	66	67	98	65	30	0	1	65	3	67	1.53e-21	84.8
sp|P0A8K5|YAEP_ECOLI	GCF_001547935.1_WP_068714408.1	53.030	66	68	100	66	31	0	1	66	3	68	1.74e-21	84.8
sp|P0A8K5|YAEP_ECOLI	GCF_002504285.1_WP_005282993.1	69.697	66	66	100	66	20	0	1	66	1	66	2.78e-21	84.2
sp|P0A8K5|YAEP_ECOLI	GCF_000264765.2_WP_034163238.1	69.697	66	66	100	66	20	0	1	66	1	66	2.78e-21	84.2
sp|P0A8K5|YAEP_ECOLI	GCF_002887615.1_WP_038864665.1	53.030	66	68	100	66	31	0	1	66	3	68	2.99e-21	83.9
sp|P0A8K5|YAEP_ECOLI	GCF_001558255.2_WP_005506875.1	47.692	66	68	98	65	34	0	1	65	3	67	3.50e-21	83.9
sp|P0A8K5|YAEP_ECOLI	GCF_024347055.1_WP_261893211.1	56.061	66	68	100	66	29	0	1	66	3	68	5.73e-21	83.3
sp|P0A8K5|YAEP_ECOLI	GCF_900478135.1_WP_111739360.1	65.152	66	66	100	66	23	0	1	66	1	66	8.54e-21	82.8
sp|P0A8K5|YAEP_ECOLI	GCF_008931805.1_WP_196805522.1	47.692	66	65	98	65	34	0	1	65	1	65	1.18e-20	82.5
sp|P0A8K5|YAEP_ECOLI	GCF_005280275.1_WP_069363555.1	54.839	66	67	94	62	28	0	4	65	6	67	1.55e-20	82.2
sp|P0A8K5|YAEP_ECOLI	GCF_027286365.1_WP_069588633.1	59.677	66	67	94	62	25	0	4	65	6	67	2.06e-20	81.9
sp|P0A8K5|YAEP_ECOLI	GCF_011044475.1_WP_033740323.1	68.182	66	66	100	66	21	0	1	66	1	66	5.53e-20	80.8
sp|P0A8K5|YAEP_ECOLI	GCF_001456255.1_WP_014232780.1	50.000	66	68	100	66	33	0	1	66	3	68	6.58e-20	80.5
sp|P0A8K5|YAEP_ECOLI	GCF_023195835.1_WP_039478024.1	51.515	66	68	100	66	32	0	1	66	3	68	6.95e-20	80.5
sp|P0A8K5|YAEP_ECOLI	GCF_006364355.1_WP_004729231.1	52.308	66	67	98	65	31	0	1	65	3	67	8.09e-20	80.3
sp|P0A8K5|YAEP_ECOLI	GCF_003716875.1_WP_123016570.1	55.385	66	69	98	65	29	0	1	65	3	67	8.41e-20	80.3
sp|P0A8K5|YAEP_ECOLI	GCF_011745665.1_WP_166916350.1	66.667	66	63	91	60	20	0	4	63	2	61	1.11e-19	80.0
sp|P0A8K5|YAEP_ECOLI	GCF_900465055.1_WP_112718222.1	47.692	66	67	98	65	34	0	1	65	3	67	2.96e-19	78.8
sp|P0A8K5|YAEP_ECOLI	GCF_000599985.1_WP_025315221.1	58.730	66	66	95	63	26	0	1	63	1	63	3.33e-19	78.8
sp|P0A8K5|YAEP_ECOLI	GCF_024347455.1_WP_017072685.1	47.692	66	67	98	65	34	0	1	65	3	67	3.75e-19	78.6
sp|P0A8K5|YAEP_ECOLI	GCF_000015285.1_WP_011770537.1	48.485	66	66	100	66	34	0	1	66	1	66	5.41e-19	78.3
sp|P0A8K5|YAEP_ECOLI	GCF_000091465.1_WP_009847436.1	47.692	66	67	98	65	34	0	1	65	3	67	1.42e-18	77.2
sp|P0A8K5|YAEP_ECOLI	GCF_024582835.1_WP_257083719.1	55.385	66	67	98	65	29	0	1	65	3	67	1.45e-18	77.2
sp|P0A8K5|YAEP_ECOLI	GCF_014083925.1_WP_074374154.1	50.769	66	69	98	65	32	0	1	65	3	67	2.01e-18	76.9
sp|P0A8K5|YAEP_ECOLI	GCF_019226825.1_WP_218562206.1	50.769	66	67	98	65	32	0	1	65	3	67	2.24e-18	76.6
sp|P0A8K5|YAEP_ECOLI	GCF_000023065.1_WP_015878480.1	53.968	66	69	95	63	29	0	4	66	6	68	2.87e-18	76.3
sp|P0A8K5|YAEP_ECOLI	GCF_022371215.1_WP_008222923.1	49.231	66	67	98	65	33	0	1	65	3	67	3.16e-18	76.3
sp|P0A8K5|YAEP_ECOLI	GCF_024347295.1_WP_017086219.1	49.231	66	67	98	65	33	0	1	65	3	67	3.45e-18	76.3
sp|P0A8K5|YAEP_ECOLI	GCF_024347475.1_WP_261903044.1	49.231	66	67	98	65	33	0	1	65	3	67	3.59e-18	76.0
sp|P0A8K5|YAEP_ECOLI	GCF_005144905.1_WP_016767591.1	47.692	66	67	98	65	34	0	1	65	3	67	5.97e-18	75.5
sp|P0A8K5|YAEP_ECOLI	GCF_014892695.1_WP_193004054.1	44.615	66	68	98	65	36	0	1	65	3	67	6.77e-18	75.5
sp|P0A8K5|YAEP_ECOLI	GCF_024362845.1_WP_032551682.1	49.231	66	67	98	65	33	0	1	65	3	67	8.40e-18	75.2
sp|P0A8K5|YAEP_ECOLI	GCF_024347635.1_WP_139684079.1	49.231	66	67	98	65	33	0	1	65	3	67	1.03e-17	74.9
sp|P0A8K5|YAEP_ECOLI	GCF_016026875.1_WP_005301307.1	46.154	66	68	98	65	35	0	1	65	3	67	1.26e-17	74.9
sp|P0A8K5|YAEP_ECOLI	GCF_024347355.1_WP_137407914.1	49.231	66	67	98	65	33	0	1	65	3	67	1.44e-17	74.6
sp|P0A8K5|YAEP_ECOLI	GCF_016026615.1_WP_005345813.1	47.692	66	68	98	65	34	0	1	65	3	67	1.80e-17	74.3
sp|P0A8K5|YAEP_ECOLI	GCF_016127195.1_WP_005352334.1	47.692	66	68	98	65	34	0	1	65	3	67	2.00e-17	74.3
sp|P0A8K5|YAEP_ECOLI	GCF_014169735.1_WP_010674629.1	46.154	66	68	98	65	35	0	1	65	3	67	2.16e-17	74.1
sp|P0A8K5|YAEP_ECOLI	GCF_008693705.1_WP_005336882.1	47.692	66	68	98	65	34	0	1	65	3	67	2.85e-17	73.8
sp|P0A8K5|YAEP_ECOLI	GCF_003015165.1_WP_005324956.1	47.692	66	68	98	65	34	0	1	65	3	67	3.19e-17	73.8
sp|P0A8K5|YAEP_ECOLI	GCF_008369605.1_WP_000870111.1	56.923	66	67	98	65	28	0	1	65	3	67	4.53e-17	73.5
sp|P0A8K5|YAEP_ECOLI	GCF_020149575.1_WP_005908580.1	44.615	66	68	98	65	36	0	1	65	3	67	5.74e-17	73.2
sp|P0A8K5|YAEP_ECOLI	GCF_900637545.1_WP_042653731.1	43.077	66	68	98	65	37	0	1	65	3	67	6.42e-17	72.9
sp|P0A8K5|YAEP_ECOLI	GCF_028355655.1_WP_005311233.1	44.615	66	68	98	65	36	0	1	65	3	67	7.06e-17	72.9
sp|P0A8K5|YAEP_ECOLI	GCF_001995825.2_WP_060468344.1	49.231	66	67	98	65	33	0	1	65	3	67	1.53e-16	72.1
sp|P0A8K5|YAEP_ECOLI	GCF_900465055.1_WP_232011695.1	50.000	66	41	55	36	18	0	1	36	3	38	5.19e-10	54.9

Search has CONVERGED!
# BLAST processed 2 queries
