tr|A0A0H3ADN9|A0A0H3ADN9_VIBC3	GCF_002204915.1_WP_052690899.1	44.444	81	101	100	81	45	0	1	81	20	100	1.50e-30	108
tr|A0A0H3ADN9|A0A0H3ADN9_VIBC3	GCF_008693605.1_WP_223849061.1	26.250	81	95	99	80	59	0	2	81	11	90	1.53e-30	108
tr|A0A0H3ADN9|A0A0H3ADN9_VIBC3	GCF_004353845.1_WP_103770713.1	26.250	81	93	99	80	59	0	2	81	10	89	2.30e-30	108
tr|A0A0H3ADN9|A0A0H3ADN9_VIBC3	GCF_003812345.1_WP_121571778.1	26.250	81	94	99	80	59	0	2	81	10	89	3.86e-30	107
tr|A0A0H3ADN9|A0A0H3ADN9_VIBC3	GCF_024347355.1_WP_105024956.1	45.679	81	83	100	81	44	0	1	81	1	81	1.42e-29	105
tr|A0A0H3ADN9|A0A0H3ADN9_VIBC3	GCF_025402875.1_WP_011791024.1	27.500	81	90	99	80	58	0	1	80	6	85	1.55e-29	105
tr|A0A0H3ADN9|A0A0H3ADN9_VIBC3	GCF_009938225.1_WP_075649723.1	40.741	81	82	100	81	48	0	1	81	1	81	1.78e-29	105
tr|A0A0H3ADN9|A0A0H3ADN9_VIBC3	GCF_024347475.1_WP_239840920.1	46.914	81	83	100	81	43	0	1	81	1	81	6.53e-29	104
tr|A0A0H3ADN9|A0A0H3ADN9_VIBC3	GCF_024971755.1_WP_259474826.1	25.000	81	88	99	80	60	0	1	80	6	85	6.54e-29	104
tr|A0A0H3ADN9|A0A0H3ADN9_VIBC3	GCF_009938185.1_WP_162048373.1	45.679	81	82	100	81	44	0	1	81	1	81	1.00e-28	103
tr|A0A0H3ADN9|A0A0H3ADN9_VIBC3	GCF_001597285.1_WP_061903727.1	24.359	81	92	96	78	59	0	2	79	7	84	1.44e-28	103
tr|A0A0H3ADN9|A0A0H3ADN9_VIBC3	GCF_014905115.1_WP_193151849.1	51.250	81	81	99	80	39	0	1	80	1	80	1.49e-28	103
tr|A0A0H3ADN9|A0A0H3ADN9_VIBC3	GCF_000178875.2_WP_012197738.1	26.250	81	90	99	80	59	0	1	80	6	85	2.52e-28	102
tr|A0A0H3ADN9|A0A0H3ADN9_VIBC3	GCF_008693645.1_WP_137347870.1	26.250	81	89	99	80	59	0	2	81	10	89	4.82e-28	102
tr|A0A0H3ADN9|A0A0H3ADN9_VIBC3	GCF_022371215.1_WP_239718047.1	41.975	81	83	100	81	47	0	1	81	1	81	4.84e-28	101
tr|A0A0H3ADN9|A0A0H3ADN9_VIBC3	GCF_002355475.1_WP_004421315.1	28.571	81	91	95	77	55	0	2	78	8	84	5.54e-28	101
tr|A0A0H3ADN9|A0A0H3ADN9_VIBC3	GCF_008369605.1_WP_000253074.1	100.000	81	81	100	81	0	0	1	81	1	81	1.22e-27	100
tr|A0A0H3ADN9|A0A0H3ADN9_VIBC3	GCF_000733715.2_WP_017362912.1	23.377	81	90	95	77	59	0	2	78	7	83	1.28e-27	101
tr|A0A0H3ADN9|A0A0H3ADN9_VIBC3	GCF_024205225.1_WP_195881696.1	25.974	81	90	95	77	57	0	2	78	7	83	1.79e-27	100
tr|A0A0H3ADN9|A0A0H3ADN9_VIBC3	GCF_001708425.1_WP_055136127.1	20.513	81	94	96	78	62	0	2	79	7	84	1.87e-27	100
tr|A0A0H3ADN9|A0A0H3ADN9_VIBC3	GCF_001558415.2_WP_061055374.1	54.321	81	83	100	81	37	0	1	81	1	81	2.15e-27	100
tr|A0A0H3ADN9|A0A0H3ADN9_VIBC3	GCF_000297075.2_WP_003461742.1	24.675	81	90	95	77	58	0	2	78	7	83	2.62e-27	100
tr|A0A0H3ADN9|A0A0H3ADN9_VIBC3	GCF_008807375.1_WP_151138908.1	28.571	81	91	95	77	55	0	2	78	8	84	2.72e-27	100
tr|A0A0H3ADN9|A0A0H3ADN9_VIBC3	GCF_009068765.1_WP_151900329.1	50.000	81	81	99	80	40	0	1	80	1	80	3.00e-27	 99
tr|A0A0H3ADN9|A0A0H3ADN9_VIBC3	GCF_013409125.2_WP_099525265.1	22.078	81	90	95	77	60	0	2	78	7	83	3.18e-27	 99
tr|A0A0H3ADN9|A0A0H3ADN9_VIBC3	GCF_011397855.1_WP_044414183.1	32.468	81	90	95	77	52	0	2	78	7	83	3.64e-27	 99
tr|A0A0H3ADN9|A0A0H3ADN9_VIBC3	GCF_008329985.2_WP_149283950.1	43.750	81	81	99	80	45	0	1	80	1	80	3.84e-27	99.7
tr|A0A0H3ADN9|A0A0H3ADN9_VIBC3	GCF_004684345.1_WP_135321947.1	24.051	81	93	98	79	60	0	2	80	10	88	3.84e-27	 99
tr|A0A0H3ADN9|A0A0H3ADN9_VIBC3	GCF_013200955.2_WP_173204463.1	27.273	81	91	95	77	56	0	2	78	8	84	3.95e-27	99.7
tr|A0A0H3ADN9|A0A0H3ADN9_VIBC3	GCF_002407485.1_WP_096780111.1	40.741	81	81	100	81	48	0	1	81	1	81	4.50e-27	99.4
tr|A0A0H3ADN9|A0A0H3ADN9_VIBC3	GCF_002214395.1_WP_010453422.1	48.750	81	81	99	80	41	0	1	80	1	80	5.19e-27	99.4
tr|A0A0H3ADN9|A0A0H3ADN9_VIBC3	GCF_021172065.1_WP_015965827.1	28.205	81	86	96	78	51	2	2	79	10	82	5.49e-27	99.4
tr|A0A0H3ADN9|A0A0H3ADN9_VIBC3	GCF_020097475.1_WP_000062318.1	29.487	81	86	96	78	50	2	2	79	10	82	6.19e-27	99.1
tr|A0A0H3ADN9|A0A0H3ADN9_VIBC3	GCF_001594225.2_WP_064379396.1	23.077	81	92	96	78	60	0	2	79	7	84	6.53e-27	99.1
tr|A0A0H3ADN9|A0A0H3ADN9_VIBC3	GCF_009938205.1_WP_075706454.1	49.383	81	82	100	81	41	0	1	81	1	81	7.79e-27	98.9
tr|A0A0H3ADN9|A0A0H3ADN9_VIBC3	GCF_001461805.1_WP_013367515.1	29.487	81	86	96	78	50	2	2	79	10	82	8.23e-27	98.9
tr|A0A0H3ADN9|A0A0H3ADN9_VIBC3	GCF_017167985.1_WP_093053415.1	24.359	81	92	96	78	59	0	2	79	7	84	9.18e-27	98.9
tr|A0A0H3ADN9|A0A0H3ADN9_VIBC3	GCF_024347035.1_WP_102941394.1	44.444	81	81	100	81	45	0	1	81	1	81	1.13e-26	98.6
tr|A0A0H3ADN9|A0A0H3ADN9_VIBC3	GCF_019670125.1_WP_221076876.1	42.500	81	81	99	80	46	0	1	80	1	80	1.14e-26	98.6
tr|A0A0H3ADN9|A0A0H3ADN9_VIBC3	GCF_024347595.1_WP_176681244.1	46.914	81	83	100	81	43	0	1	81	1	81	1.23e-26	98.3
tr|A0A0H3ADN9|A0A0H3ADN9_VIBC3	GCF_001518835.1_WP_059308693.1	28.205	81	86	96	78	51	2	2	79	10	82	1.23e-26	98.6
tr|A0A0H3ADN9|A0A0H3ADN9_VIBC3	GCF_009036245.1_WP_025756830.1	28.205	81	86	96	78	51	2	2	79	10	82	1.27e-26	98.3
tr|A0A0H3ADN9|A0A0H3ADN9_VIBC3	GCF_002215585.1_WP_088903590.1	23.077	81	89	96	78	59	1	1	78	6	82	1.47e-26	98.3
tr|A0A0H3ADN9|A0A0H3ADN9_VIBC3	GCF_000214665.1_WP_013819542.1	31.646	81	83	98	79	53	1	2	80	6	83	1.49e-26	98.3
tr|A0A0H3ADN9|A0A0H3ADN9_VIBC3	GCF_001007875.1_WP_046858354.1	46.250	81	80	99	80	43	0	1	80	1	80	1.63e-26	98.0
tr|A0A0H3ADN9|A0A0H3ADN9_VIBC3	GCF_016904755.1_WP_059234959.1	26.923	81	86	96	78	52	2	2	79	10	82	1.67e-26	98.0
tr|A0A0H3ADN9|A0A0H3ADN9_VIBC3	GCF_019047765.1_WP_040231149.1	28.750	81	89	99	80	57	0	2	81	10	89	1.89e-26	98.0
tr|A0A0H3ADN9|A0A0H3ADN9_VIBC3	GCF_000006925.2_NP_706134.1	28.205	81	86	96	78	51	2	2	79	10	82	1.99e-26	98.0
tr|A0A0H3ADN9|A0A0H3ADN9_VIBC3	GCF_024347635.1_WP_139683960.1	43.210	81	83	100	81	46	0	1	81	1	81	2.61e-26	97.5
tr|A0A0H3ADN9|A0A0H3ADN9_VIBC3	GCF_003594935.2_WP_006173581.1	28.205	81	86	96	78	51	2	2	79	10	82	2.76e-26	97.5
tr|A0A0H3ADN9|A0A0H3ADN9_VIBC3	GCF_017167985.1_WP_079784061.1	25.974	81	90	95	77	57	0	2	78	7	83	3.03e-26	97.5
tr|A0A0H3ADN9|A0A0H3ADN9_VIBC3	GCF_024494545.1_WP_256384876.1	43.210	81	81	100	81	46	0	1	81	1	81	3.15e-26	97.5
tr|A0A0H3ADN9|A0A0H3ADN9_VIBC3	GCF_009176645.1_WP_152083529.1	28.205	81	86	96	78	51	2	2	79	10	82	3.15e-26	97.5
tr|A0A0H3ADN9|A0A0H3ADN9_VIBC3	GCF_001995825.2_WP_017057338.1	44.444	81	83	100	81	45	0	1	81	1	81	3.19e-26	97.5
tr|A0A0H3ADN9|A0A0H3ADN9_VIBC3	GCF_024347455.1_WP_135458404.1	44.444	81	83	100	81	45	0	1	81	1	81	3.51e-26	97.2
tr|A0A0H3ADN9|A0A0H3ADN9_VIBC3	GCF_015137655.1_WP_028015593.1	28.205	81	86	96	78	51	2	2	79	10	82	3.64e-26	97.2
tr|A0A0H3ADN9|A0A0H3ADN9_VIBC3	GCF_000005845.2_NP_414731.2	28.205	81	84	96	78	51	2	2	79	8	80	4.02e-26	97.2
tr|A0A0H3ADN9|A0A0H3ADN9_VIBC3	GCF_000091465.1_WP_004733849.1	44.444	81	83	100	81	45	0	1	81	1	81	4.24e-26	96.9
tr|A0A0H3ADN9|A0A0H3ADN9_VIBC3	GCF_001683395.1_WP_017458015.1	29.487	81	86	96	78	50	2	2	79	10	82	4.27e-26	97.2
tr|A0A0H3ADN9|A0A0H3ADN9_VIBC3	GCF_024582835.1_WP_257083279.1	46.250	81	87	99	80	43	0	1	80	1	80	4.34e-26	97.2
tr|A0A0H3ADN9|A0A0H3ADN9_VIBC3	GCF_019670105.1_WP_040307707.1	45.000	81	81	99	80	44	0	1	80	1	80	4.36e-26	96.9
tr|A0A0H3ADN9|A0A0H3ADN9_VIBC3	GCF_003957745.1_WP_126168493.1	25.000	81	87	99	80	60	0	2	81	7	86	4.93e-26	96.9
tr|A0A0H3ADN9|A0A0H3ADN9_VIBC3	GCF_001022135.1_WP_039078449.1	26.923	81	86	96	78	52	2	2	79	10	82	5.29e-26	96.9
tr|A0A0H3ADN9|A0A0H3ADN9_VIBC3	GCF_001558255.2_WP_005504861.1	53.086	81	82	99	81	37	1	1	80	1	81	5.55e-26	96.6
tr|A0A0H3ADN9|A0A0H3ADN9_VIBC3	GCF_014879975.1_WP_192888672.1	41.975	81	83	100	81	47	0	1	81	1	81	5.88e-26	96.6
tr|A0A0H3ADN9|A0A0H3ADN9_VIBC3	GCF_001456255.1_WP_020335096.1	48.148	81	81	100	81	42	0	1	81	1	81	6.09e-26	96.6
tr|A0A0H3ADN9|A0A0H3ADN9_VIBC3	GCF_000009145.1_WP_041356315.1	30.000	81	90	99	80	56	0	1	80	5	84	6.50e-26	96.6
tr|A0A0H3ADN9|A0A0H3ADN9_VIBC3	GCF_024362845.1_WP_255230807.1	39.506	81	82	100	81	49	0	1	81	1	81	6.99e-26	96.3
tr|A0A0H3ADN9|A0A0H3ADN9_VIBC3	GCF_019048625.1_WP_023305471.1	28.205	81	86	96	78	51	2	2	79	10	82	7.21e-26	96.6
tr|A0A0H3ADN9|A0A0H3ADN9_VIBC3	GCF_000224675.1_WP_010426685.1	28.205	81	86	96	78	51	2	2	79	10	82	7.38e-26	96.6
tr|A0A0H3ADN9|A0A0H3ADN9_VIBC3	GCF_001729805.1_WP_008501890.1	28.205	81	86	96	78	51	2	2	79	10	82	7.62e-26	96.3
tr|A0A0H3ADN9|A0A0H3ADN9_VIBC3	GCF_900682675.2_WP_069898892.1	28.205	81	94	96	78	56	0	2	79	7	84	7.82e-26	96.6
tr|A0A0H3ADN9|A0A0H3ADN9_VIBC3	GCF_023195735.1_WP_035891978.1	28.205	81	86	96	78	51	2	2	79	10	82	7.93e-26	96.3
tr|A0A0H3ADN9|A0A0H3ADN9_VIBC3	GCF_006742785.1_WP_172630283.1	29.114	81	88	98	79	56	0	2	80	5	83	8.42e-26	96.3
tr|A0A0H3ADN9|A0A0H3ADN9_VIBC3	GCF_001750725.1_WP_014168720.1	28.205	81	86	96	78	51	2	2	79	10	82	8.58e-26	96.3
tr|A0A0H3ADN9|A0A0H3ADN9_VIBC3	GCF_900233005.1_WP_102521318.1	49.383	81	81	100	81	41	0	1	81	1	81	9.51e-26	96.0
tr|A0A0H3ADN9|A0A0H3ADN9_VIBC3	GCF_001658025.2_WP_007373243.1	25.641	81	86	96	78	53	2	2	79	10	82	1.06e-25	96.0
tr|A0A0H3ADN9|A0A0H3ADN9_VIBC3	GCF_009649915.1_WP_062772223.1	28.205	81	86	96	78	51	2	2	79	10	82	1.07e-25	96.0
tr|A0A0H3ADN9|A0A0H3ADN9_VIBC3	GCF_025914095.1_WP_031518416.1	29.487	81	86	96	78	50	2	2	79	10	82	1.09e-25	96.0
tr|A0A0H3ADN9|A0A0H3ADN9_VIBC3	GCF_024347655.1_WP_060467732.1	42.500	81	83	99	80	46	0	1	80	1	80	1.15e-25	96.0
tr|A0A0H3ADN9|A0A0H3ADN9_VIBC3	GCF_007632255.1_WP_015368146.1	24.359	81	86	96	78	54	2	2	79	10	82	1.27e-25	95.8
tr|A0A0H3ADN9|A0A0H3ADN9_VIBC3	GCF_004328865.1_WP_104643907.1	41.975	81	83	100	81	47	0	1	81	1	81	1.28e-25	95.8
tr|A0A0H3ADN9|A0A0H3ADN9_VIBC3	GCF_001831495.1_WP_068547707.1	44.444	81	81	100	81	45	0	1	81	1	81	1.32e-25	95.8
tr|A0A0H3ADN9|A0A0H3ADN9_VIBC3	GCF_027886705.1_WP_061497537.1	25.641	81	86	96	78	53	2	2	79	10	82	1.34e-25	95.8
tr|A0A0H3ADN9|A0A0H3ADN9_VIBC3	GCF_017329545.1_WP_047884589.1	28.205	81	95	96	78	56	0	2	79	8	85	1.35e-25	96.0
tr|A0A0H3ADN9|A0A0H3ADN9_VIBC3	GCF_003812345.1_WP_003018503.1	29.487	81	86	96	78	50	2	2	79	10	82	1.46e-25	95.8
tr|A0A0H3ADN9|A0A0H3ADN9_VIBC3	GCF_004684345.1_WP_135323069.1	29.487	81	86	96	78	50	2	2	79	10	82	1.63e-25	95.5
tr|A0A0H3ADN9|A0A0H3ADN9_VIBC3	GCF_900638065.1_WP_048212636.1	29.487	81	86	96	78	50	2	2	79	10	82	1.86e-25	95.5
tr|A0A0H3ADN9|A0A0H3ADN9_VIBC3	GCF_000770115.1_WP_069687890.1	50.000	81	81	99	80	40	0	1	80	1	80	2.02e-25	95.2
tr|A0A0H3ADN9|A0A0H3ADN9_VIBC3	GCF_004353845.1_WP_103768334.1	28.205	81	86	96	78	51	2	2	79	10	82	2.07e-25	95.2
tr|A0A0H3ADN9|A0A0H3ADN9_VIBC3	GCF_018128425.1_WP_042289833.1	29.487	81	86	96	78	50	2	2	79	10	82	2.47e-25	95.2
tr|A0A0H3ADN9|A0A0H3ADN9_VIBC3	GCF_002906475.1_WP_012130247.1	48.750	81	81	99	80	41	0	1	80	1	80	2.71e-25	94.9
tr|A0A0H3ADN9|A0A0H3ADN9_VIBC3	GCF_012767755.2_WP_173171843.1	25.974	81	90	95	77	57	0	2	78	7	83	2.81e-25	95.2
tr|A0A0H3ADN9|A0A0H3ADN9_VIBC3	GCF_009363135.1_WP_090122691.1	25.641	81	86	96	78	53	2	2	79	10	82	3.04e-25	94.9
tr|A0A0H3ADN9|A0A0H3ADN9_VIBC3	GCF_002163605.1_WP_157665988.1	27.848	81	86	98	79	52	2	2	80	10	83	3.04e-25	94.9
tr|A0A0H3ADN9|A0A0H3ADN9_VIBC3	GCF_002393445.1_WP_061273728.1	28.205	81	86	96	78	51	2	2	79	10	82	3.11e-25	94.9
tr|A0A0H3ADN9|A0A0H3ADN9_VIBC3	GCF_021278985.1_WP_012904575.1	29.487	81	86	96	78	50	2	2	79	10	82	3.34e-25	94.9
tr|A0A0H3ADN9|A0A0H3ADN9_VIBC3	GCF_000024825.1_WP_005460845.1	46.914	81	81	100	81	43	0	1	81	1	81	3.94e-25	94.6
tr|A0A0H3ADN9|A0A0H3ADN9_VIBC3	GCF_002021755.1_WP_005434844.1	48.750	81	81	99	80	41	0	1	80	1	80	4.51e-25	94.4
tr|A0A0H3ADN9|A0A0H3ADN9_VIBC3	GCF_001277255.1_WP_007666633.1	26.923	81	86	96	78	52	2	2	79	10	82	4.70e-25	94.4
tr|A0A0H3ADN9|A0A0H3ADN9_VIBC3	GCF_011617105.1_WP_025800203.1	24.675	81	86	95	77	53	2	2	78	10	81	5.05e-25	94.4
tr|A0A0H3ADN9|A0A0H3ADN9_VIBC3	GCF_000240185.1_YP_005225236.1	25.641	81	86	96	78	53	2	2	79	10	82	5.13e-25	94.4
tr|A0A0H3ADN9|A0A0H3ADN9_VIBC3	GCF_022637515.1_WP_064539750.1	26.923	81	86	96	78	52	2	2	79	10	82	5.42e-25	94.4
tr|A0A0H3ADN9|A0A0H3ADN9_VIBC3	GCF_001558935.2_WP_042323659.1	29.487	81	86	96	78	50	2	2	79	10	82	5.55e-25	94.4
tr|A0A0H3ADN9|A0A0H3ADN9_VIBC3	GCF_024347495.1_WP_137371745.1	45.000	81	80	99	80	44	0	1	80	1	80	5.95e-25	94.1
tr|A0A0H3ADN9|A0A0H3ADN9_VIBC3	GCF_003935895.2_WP_110510858.1	28.205	81	86	96	78	51	2	2	79	10	82	6.51e-25	94.1
tr|A0A0H3ADN9|A0A0H3ADN9_VIBC3	GCF_020079945.1_WP_039382769.1	26.923	81	87	96	78	52	2	2	79	10	82	6.52e-25	94.1
tr|A0A0H3ADN9|A0A0H3ADN9_VIBC3	GCF_001007935.1_WP_046849946.1	26.250	81	84	99	80	59	0	1	80	5	84	6.54e-25	94.1
tr|A0A0H3ADN9|A0A0H3ADN9_VIBC3	GCF_013234275.1_WP_172895488.1	29.487	81	86	96	78	50	2	2	79	10	82	6.72e-25	94.1
tr|A0A0H3ADN9|A0A0H3ADN9_VIBC3	GCF_009648935.1_WP_047417117.1	29.487	81	86	96	78	50	2	2	79	10	82	6.83e-25	94.1
tr|A0A0H3ADN9|A0A0H3ADN9_VIBC3	GCF_005877035.1_WP_039486662.1	38.272	81	83	100	81	50	0	1	81	1	81	6.95e-25	93.8
tr|A0A0H3ADN9|A0A0H3ADN9_VIBC3	GCF_024360925.2_WP_255188929.1	31.646	81	83	98	79	53	1	2	80	6	83	7.24e-25	93.8
tr|A0A0H3ADN9|A0A0H3ADN9_VIBC3	GCF_024224615.1_WP_125293588.1	26.923	81	86	96	78	52	2	2	79	10	82	7.28e-25	94.1
tr|A0A0H3ADN9|A0A0H3ADN9_VIBC3	GCF_000238395.3_WP_010553578.1	38.272	81	83	100	81	50	0	1	81	1	81	8.28e-25	93.8
tr|A0A0H3ADN9|A0A0H3ADN9_VIBC3	GCF_021276285.1_WP_095923198.1	28.205	81	86	96	78	51	2	2	79	10	82	9.02e-25	93.8
tr|A0A0H3ADN9|A0A0H3ADN9_VIBC3	GCF_004124235.1_WP_025377303.1	28.205	81	86	96	78	51	2	2	79	10	82	9.09e-25	93.8
tr|A0A0H3ADN9|A0A0H3ADN9_VIBC3	GCF_000834395.1_WP_042546713.1	28.205	81	86	96	78	51	2	2	79	10	82	9.31e-25	93.8
tr|A0A0H3ADN9|A0A0H3ADN9_VIBC3	GCF_002953195.1_WP_038628016.1	25.641	81	87	96	78	53	2	2	79	10	82	9.33e-25	93.8
tr|A0A0H3ADN9|A0A0H3ADN9_VIBC3	GCF_000015245.1_WP_011761423.1	22.785	81	86	98	79	61	0	2	80	7	85	9.38e-25	93.8
tr|A0A0H3ADN9|A0A0H3ADN9_VIBC3	GCF_025758125.1_WP_023480196.1	32.051	81	86	96	78	48	2	2	79	10	82	9.61e-25	93.5
tr|A0A0H3ADN9|A0A0H3ADN9_VIBC3	GCF_022637475.1_WP_013574214.1	29.487	81	86	96	78	50	2	2	79	10	82	9.76e-25	93.5
tr|A0A0H3ADN9|A0A0H3ADN9_VIBC3	GCF_019669905.1_WP_054759186.1	32.911	81	79	98	79	49	1	2	80	5	79	9.96e-25	93.5
tr|A0A0H3ADN9|A0A0H3ADN9_VIBC3	GCF_019670705.1_WP_100146025.1	27.848	81	92	98	79	57	0	2	80	7	85	9.97e-25	93.8
tr|A0A0H3ADN9|A0A0H3ADN9_VIBC3	GCF_900635955.1_WP_126357486.1	28.205	81	86	96	78	51	2	2	79	10	82	1.02e-24	93.5
tr|A0A0H3ADN9|A0A0H3ADN9_VIBC3	GCF_000439255.1_WP_000062328.1	28.205	81	86	96	78	51	2	2	79	10	82	1.03e-24	93.5
tr|A0A0H3ADN9|A0A0H3ADN9_VIBC3	GCF_000772105.1_WP_004748349.1	45.000	81	81	99	80	44	0	1	80	1	80	1.06e-24	93.5
tr|A0A0H3ADN9|A0A0H3ADN9_VIBC3	GCF_003668795.1_WP_054981706.1	44.444	81	83	100	81	45	0	1	81	1	81	1.08e-24	93.5
tr|A0A0H3ADN9|A0A0H3ADN9_VIBC3	GCF_000010085.1_WP_011411656.1	23.077	81	86	96	78	55	2	2	79	10	82	1.08e-24	93.5
tr|A0A0H3ADN9|A0A0H3ADN9_VIBC3	GCF_003261575.2_WP_110272453.1	25.641	81	86	96	78	53	2	2	79	10	82	1.09e-24	93.5
tr|A0A0H3ADN9|A0A0H3ADN9_VIBC3	GCF_001277195.1_WP_032966924.1	28.205	81	86	96	78	51	2	2	79	10	82	1.09e-24	93.5
tr|A0A0H3ADN9|A0A0H3ADN9_VIBC3	GCF_000222975.1_WP_002218374.1	28.205	81	86	96	78	51	2	2	79	10	82	1.10e-24	93.5
tr|A0A0H3ADN9|A0A0H3ADN9_VIBC3	GCF_001277175.1_WP_007760020.1	26.923	81	86	96	78	52	2	2	79	10	82	1.14e-24	93.5
tr|A0A0H3ADN9|A0A0H3ADN9_VIBC3	GCF_000517425.1_WP_025421126.1	23.077	81	86	96	78	55	2	2	79	10	82	1.17e-24	93.5
tr|A0A0H3ADN9|A0A0H3ADN9_VIBC3	GCF_000233595.1_WP_013024706.1	26.923	81	86	96	78	52	2	2	79	10	82	1.23e-24	93.2
tr|A0A0H3ADN9|A0A0H3ADN9_VIBC3	GCF_003812925.1_WP_004107903.1	24.359	81	86	96	78	54	2	2	79	10	82	1.26e-24	93.2
tr|A0A0H3ADN9|A0A0H3ADN9_VIBC3	GCF_013282725.1_WP_032813813.1	26.923	81	86	96	78	52	2	2	79	10	82	1.27e-24	93.2
tr|A0A0H3ADN9|A0A0H3ADN9_VIBC3	GCF_012767755.2_WP_173176508.1	22.368	81	91	94	76	56	1	4	79	9	81	1.27e-24	93.5
tr|A0A0H3ADN9|A0A0H3ADN9_VIBC3	GCF_018139045.1_WP_004129134.1	23.077	81	86	96	78	55	2	2	79	10	82	1.41e-24	93.2
tr|A0A0H3ADN9|A0A0H3ADN9_VIBC3	GCF_009730655.1_WP_156020461.1	27.848	81	92	98	79	57	0	2	80	7	85	1.43e-24	93.2
tr|A0A0H3ADN9|A0A0H3ADN9_VIBC3	GCF_019890955.1_WP_211725887.1	26.923	81	87	96	78	52	2	2	79	10	82	1.44e-24	93.2
tr|A0A0H3ADN9|A0A0H3ADN9_VIBC3	GCF_001277215.2_WP_007776988.1	26.923	81	86	96	78	52	2	2	79	10	82	1.50e-24	93.2
tr|A0A0H3ADN9|A0A0H3ADN9_VIBC3	GCF_016834455.1_WP_203325205.1	22.785	81	86	98	79	61	0	2	80	7	85	1.52e-24	93.2
tr|A0A0H3ADN9|A0A0H3ADN9_VIBC3	GCF_002221525.1_WP_089349457.1	44.444	81	83	100	81	45	0	1	81	1	81	1.60e-24	93.0
tr|A0A0H3ADN9|A0A0H3ADN9_VIBC3	GCF_022637595.1_WP_004858152.1	26.923	81	86	96	78	52	2	2	79	10	82	1.62e-24	93.0
tr|A0A0H3ADN9|A0A0H3ADN9_VIBC3	GCF_012029655.1_WP_041144145.1	24.359	81	86	96	78	54	2	2	79	10	82	1.65e-24	93.0
tr|A0A0H3ADN9|A0A0H3ADN9_VIBC3	GCF_024347675.1_WP_261835500.1	41.975	81	81	100	81	47	0	1	81	1	81	1.67e-24	93.0
tr|A0A0H3ADN9|A0A0H3ADN9_VIBC3	GCF_017354925.1_WP_207321174.1	25.000	81	87	99	80	60	0	2	81	7	86	1.85e-24	93.0
tr|A0A0H3ADN9|A0A0H3ADN9_VIBC3	GCF_000018045.1_WP_024130681.1	29.487	81	86	96	78	50	2	2	79	10	82	1.86e-24	93.0
tr|A0A0H3ADN9|A0A0H3ADN9_VIBC3	GCF_006711645.1_WP_100682484.1	25.641	81	86	96	78	53	2	2	79	10	82	2.11e-24	92.7
tr|A0A0H3ADN9|A0A0H3ADN9_VIBC3	GCF_015139575.1_WP_004098776.1	24.359	81	86	96	78	54	2	2	79	10	82	2.13e-24	92.7
tr|A0A0H3ADN9|A0A0H3ADN9_VIBC3	GCF_000834455.1_WP_032817050.1	28.205	81	86	96	78	51	2	2	79	10	82	2.16e-24	92.7
tr|A0A0H3ADN9|A0A0H3ADN9_VIBC3	GCF_000026185.1_WP_012440659.1	24.359	81	87	96	78	54	2	2	79	10	82	2.22e-24	92.7
tr|A0A0H3ADN9|A0A0H3ADN9_VIBC3	GCF_002101395.1_WP_085067900.1	24.359	81	87	96	78	54	2	2	79	10	82	2.29e-24	92.7
tr|A0A0H3ADN9|A0A0H3ADN9_VIBC3	GCF_003019925.1_WP_162185254.1	26.923	81	86	96	78	52	2	2	79	10	82	2.42e-24	92.7
tr|A0A0H3ADN9|A0A0H3ADN9_VIBC3	GCF_017915135.1_WP_210390879.1	25.974	81	90	95	77	57	0	2	78	7	83	2.45e-24	92.7
tr|A0A0H3ADN9|A0A0H3ADN9_VIBC3	GCF_900095885.1_WP_035340381.1	23.077	81	86	96	78	55	2	2	79	10	82	2.53e-24	92.7
tr|A0A0H3ADN9|A0A0H3ADN9_VIBC3	GCF_011068345.1_WP_002436992.1	26.923	81	86	96	78	52	2	2	79	10	82	2.55e-24	92.7
tr|A0A0H3ADN9|A0A0H3ADN9_VIBC3	GCF_023517775.1_WP_249893541.1	24.359	81	87	96	78	54	2	2	79	10	82	2.73e-24	92.4
tr|A0A0H3ADN9|A0A0H3ADN9_VIBC3	GCF_000025065.1_WP_012883679.1	23.077	81	86	96	78	55	2	2	79	10	82	2.85e-24	92.4
tr|A0A0H3ADN9|A0A0H3ADN9_VIBC3	GCF_000520015.2_WP_024910172.1	25.641	81	87	96	78	53	2	2	79	10	82	2.88e-24	92.4
tr|A0A0H3ADN9|A0A0H3ADN9_VIBC3	GCF_020150375.1_WP_004094310.1	24.675	81	86	95	77	53	2	2	78	10	81	2.97e-24	92.4
tr|A0A0H3ADN9|A0A0H3ADN9_VIBC3	GCF_000006945.2_NP_459242.1	28.205	81	86	96	78	51	2	2	79	10	82	3.14e-24	92.4
tr|A0A0H3ADN9|A0A0H3ADN9_VIBC3	GCF_019670485.1_WP_221071211.1	46.250	81	81	99	80	43	0	1	80	1	80	3.45e-24	92.1
tr|A0A0H3ADN9|A0A0H3ADN9_VIBC3	GCF_009730055.1_WP_032906500.1	28.205	81	86	96	78	51	2	2	79	10	82	3.56e-24	92.1
tr|A0A0H3ADN9|A0A0H3ADN9_VIBC3	GCF_017354965.1_WP_207380278.1	25.000	81	87	99	80	60	0	2	81	7	86	3.60e-24	92.1
tr|A0A0H3ADN9|A0A0H3ADN9_VIBC3	GCF_019977755.1_WP_126608378.1	37.931	81	103	100	87	48	1	1	81	15	101	3.75e-24	92.4
tr|A0A0H3ADN9|A0A0H3ADN9_VIBC3	GCF_013460135.1_WP_180816665.1	27.500	81	88	99	80	53	2	2	81	10	84	4.23e-24	92.1
tr|A0A0H3ADN9|A0A0H3ADN9_VIBC3	GCF_009363415.1_WP_152430616.1	44.444	81	84	100	81	45	0	1	81	1	81	4.30e-24	91.8
tr|A0A0H3ADN9|A0A0H3ADN9_VIBC3	GCF_002355475.1_WP_003455993.1	21.795	81	90	96	78	61	0	2	79	5	82	4.52e-24	92.1
tr|A0A0H3ADN9|A0A0H3ADN9_VIBC3	GCF_016026735.1_WP_015673540.1	25.641	81	87	96	78	53	2	2	79	10	82	4.87e-24	91.8
tr|A0A0H3ADN9|A0A0H3ADN9_VIBC3	GCF_001999225.1_WP_077537996.1	39.506	81	82	100	81	49	0	1	81	1	81	4.90e-24	91.8
tr|A0A0H3ADN9|A0A0H3ADN9_VIBC3	GCF_012427845.1_WP_012773648.1	25.641	81	86	96	78	53	2	2	79	10	82	4.94e-24	91.8
tr|A0A0H3ADN9|A0A0H3ADN9_VIBC3	GCF_000264765.2_WP_034163237.1	21.519	81	86	98	79	57	2	2	80	10	83	4.94e-24	91.8
tr|A0A0H3ADN9|A0A0H3ADN9_VIBC3	GCF_002288545.1_WP_029367608.1	25.641	81	86	96	78	53	2	2	79	10	82	5.83e-24	91.5
tr|A0A0H3ADN9|A0A0H3ADN9_VIBC3	GCF_025133195.1_WP_032910235.1	28.205	81	86	96	78	51	2	2	79	10	82	6.07e-24	91.5
tr|A0A0H3ADN9|A0A0H3ADN9_VIBC3	GCF_019844095.1_WP_062747070.1	24.359	81	88	96	78	54	2	2	79	11	83	6.29e-24	91.5
tr|A0A0H3ADN9|A0A0H3ADN9_VIBC3	GCF_009817885.1_WP_105232289.1	26.923	81	87	96	78	52	2	2	79	10	82	6.48e-24	91.5
tr|A0A0H3ADN9|A0A0H3ADN9_VIBC3	GCF_001642805.2_WP_004931991.1	26.923	81	87	96	78	52	2	2	79	10	82	6.53e-24	91.5
tr|A0A0H3ADN9|A0A0H3ADN9_VIBC3	GCF_011044475.1_WP_033740322.1	26.923	81	86	96	78	52	2	2	79	10	82	6.68e-24	91.5
tr|A0A0H3ADN9|A0A0H3ADN9_VIBC3	GCF_000023565.1_WP_012770818.1	21.795	81	86	96	78	56	2	2	79	10	82	6.73e-24	91.5
tr|A0A0H3ADN9|A0A0H3ADN9_VIBC3	GCF_021462285.1_WP_234585968.1	26.923	81	87	96	78	52	2	2	79	10	82	7.60e-24	91.3
tr|A0A0H3ADN9|A0A0H3ADN9_VIBC3	GCF_014524625.1_WP_009050814.1	21.795	81	92	96	78	61	0	2	79	7	84	7.74e-24	91.5
tr|A0A0H3ADN9|A0A0H3ADN9_VIBC3	GCF_000148645.1_WP_013347076.1	38.462	81	80	96	78	48	0	4	81	3	80	8.20e-24	91.3
tr|A0A0H3ADN9|A0A0H3ADN9_VIBC3	GCF_004768525.1_WP_026822068.1	26.250	81	88	99	80	54	2	2	81	10	84	8.51e-24	91.3
tr|A0A0H3ADN9|A0A0H3ADN9_VIBC3	GCF_007858975.2_WP_042869176.1	24.359	81	86	96	78	54	2	2	79	10	82	9.40e-24	91.0
tr|A0A0H3ADN9|A0A0H3ADN9_VIBC3	GCF_009914055.1_WP_160619715.1	25.641	81	87	96	78	53	2	2	79	10	82	9.72e-24	91.0
tr|A0A0H3ADN9|A0A0H3ADN9_VIBC3	GCF_005484945.1_WP_137712817.1	24.359	81	86	96	78	54	2	2	79	10	82	9.85e-24	91.0
tr|A0A0H3ADN9|A0A0H3ADN9_VIBC3	GCF_020268605.1_WP_180560445.1	25.000	81	88	99	80	55	2	2	81	10	84	9.97e-24	91.0
tr|A0A0H3ADN9|A0A0H3ADN9_VIBC3	GCF_013423785.1_WP_180308358.1	29.114	81	88	98	79	55	1	2	80	10	87	1.01e-23	91.0
tr|A0A0H3ADN9|A0A0H3ADN9_VIBC3	GCF_020683125.1_WP_133842177.1	24.359	81	88	96	78	54	2	2	79	11	83	1.01e-23	91.0
tr|A0A0H3ADN9|A0A0H3ADN9_VIBC3	GCF_017498685.1_WP_038245151.1	25.641	81	86	96	78	53	2	2	79	10	82	1.03e-23	91.0
tr|A0A0H3ADN9|A0A0H3ADN9_VIBC3	GCF_021029445.1_WP_230924827.1	24.675	81	89	95	77	57	1	2	78	7	82	1.04e-23	91.0
tr|A0A0H3ADN9|A0A0H3ADN9_VIBC3	GCF_002887615.1_WP_038869703.1	47.500	81	81	99	80	42	0	1	80	1	80	1.04e-23	91.0
tr|A0A0H3ADN9|A0A0H3ADN9_VIBC3	GCF_021733145.1_WP_012847629.1	22.785	81	86	98	79	56	2	2	80	10	83	1.09e-23	91.0
tr|A0A0H3ADN9|A0A0H3ADN9_VIBC3	GCF_020342335.1_WP_067428135.1	25.641	81	87	96	78	53	2	2	79	10	82	1.13e-23	91.0
tr|A0A0H3ADN9|A0A0H3ADN9_VIBC3	GCF_003515985.1_WP_085653101.1	21.795	81	86	96	78	56	2	2	79	10	82	1.19e-23	91.0
tr|A0A0H3ADN9|A0A0H3ADN9_VIBC3	GCF_009873295.1_WP_039312412.1	25.641	81	86	96	78	53	2	2	79	10	82	1.24e-23	90.7
tr|A0A0H3ADN9|A0A0H3ADN9_VIBC3	GCF_006364355.1_WP_004727652.1	46.914	81	83	100	81	43	0	1	81	1	81	1.41e-23	90.7
tr|A0A0H3ADN9|A0A0H3ADN9_VIBC3	GCF_020181655.1_WP_225087160.1	23.077	81	86	96	78	55	2	2	79	10	82	1.42e-23	90.7
tr|A0A0H3ADN9|A0A0H3ADN9_VIBC3	GCF_015999465.1_WP_085688159.1	20.513	81	86	96	78	57	2	2	79	10	82	1.45e-23	90.7
tr|A0A0H3ADN9|A0A0H3ADN9_VIBC3	GCF_000019525.1_WP_012323084.1	42.500	81	81	99	80	46	0	1	80	1	80	1.47e-23	90.4
tr|A0A0H3ADN9|A0A0H3ADN9_VIBC3	GCF_900187015.1_WP_061796701.1	25.641	81	87	96	78	53	2	2	79	10	82	1.60e-23	90.4
tr|A0A0H3ADN9|A0A0H3ADN9_VIBC3	GCF_902387845.1_WP_004237241.1	25.000	81	88	99	80	55	2	2	81	10	84	1.84e-23	90.4
tr|A0A0H3ADN9|A0A0H3ADN9_VIBC3	GCF_011045835.1_WP_075671674.1	28.750	81	86	99	80	52	2	2	81	10	84	1.85e-23	90.4
tr|A0A0H3ADN9|A0A0H3ADN9_VIBC3	GCF_022647505.1_WP_128179458.1	26.923	81	87	96	78	52	2	2	79	10	82	1.99e-23	90.4
tr|A0A0H3ADN9|A0A0H3ADN9_VIBC3	GCF_004792415.1_WP_013356856.1	25.641	81	86	96	78	53	2	2	79	10	82	2.00e-23	90.1
tr|A0A0H3ADN9|A0A0H3ADN9_VIBC3	GCF_009931295.1_WP_161528353.1	25.641	81	86	96	78	53	2	2	79	10	82	2.06e-23	90.1
tr|A0A0H3ADN9|A0A0H3ADN9_VIBC3	GCF_019797845.1_WP_222158377.1	25.641	81	86	96	78	53	2	2	79	10	82	2.11e-23	90.1
tr|A0A0H3ADN9|A0A0H3ADN9_VIBC3	GCF_008807375.1_WP_151133519.1	24.359	81	90	96	78	59	0	2	79	5	82	2.77e-23	89.9
tr|A0A0H3ADN9|A0A0H3ADN9_VIBC3	GCF_003258315.1_WP_111337788.1	33.750	81	88	99	80	53	0	1	80	5	84	2.94e-23	89.9
tr|A0A0H3ADN9|A0A0H3ADN9_VIBC3	GCF_000196615.1_WP_013200864.1	28.205	81	87	96	78	51	2	2	79	10	82	3.05e-23	89.9
tr|A0A0H3ADN9|A0A0H3ADN9_VIBC3	GCF_000023545.1_WP_015854637.1	23.077	81	86	96	78	55	2	2	79	10	82	3.14e-23	89.9
tr|A0A0H3ADN9|A0A0H3ADN9_VIBC3	GCF_000740965.1_WP_011092648.1	25.641	81	86	96	78	53	2	2	79	10	82	3.43e-23	89.6
tr|A0A0H3ADN9|A0A0H3ADN9_VIBC3	GCF_017569925.1_WP_208228065.1	23.077	81	86	96	78	55	2	2	79	10	82	3.46e-23	89.6
tr|A0A0H3ADN9|A0A0H3ADN9_VIBC3	GCF_022369495.1_WP_072064250.1	28.750	81	86	99	80	52	2	2	81	10	84	3.71e-23	89.6
tr|A0A0H3ADN9|A0A0H3ADN9_VIBC3	GCF_002812485.1_WP_038661467.1	23.077	81	86	96	78	55	2	2	79	10	82	3.71e-23	89.6
tr|A0A0H3ADN9|A0A0H3ADN9_VIBC3	GCF_000069965.1_WP_004245453.1	30.000	81	86	99	80	51	2	2	81	10	84	3.93e-23	89.6
tr|A0A0H3ADN9|A0A0H3ADN9_VIBC3	GCF_002157895.1_WP_227874980.1	45.000	81	82	99	80	44	0	1	80	2	81	4.09e-23	89.3
tr|A0A0H3ADN9|A0A0H3ADN9_VIBC3	GCF_000262305.1_WP_002441069.1	24.359	81	86	96	78	54	2	2	79	10	82	4.29e-23	89.3
tr|A0A0H3ADN9|A0A0H3ADN9_VIBC3	GCF_001431725.1_WP_021820278.1	37.037	81	81	100	81	51	0	1	81	1	81	5.70e-23	89.0
tr|A0A0H3ADN9|A0A0H3ADN9_VIBC3	GCF_001742185.1_WP_005975933.1	25.641	81	86	96	78	53	2	2	79	10	82	7.18e-23	88.7
tr|A0A0H3ADN9|A0A0H3ADN9_VIBC3	GCF_001010285.1_WP_046974061.1	23.750	81	88	99	80	56	2	2	81	10	84	7.21e-23	89.0
tr|A0A0H3ADN9|A0A0H3ADN9_VIBC3	GCF_000196475.1_WP_012776850.1	25.000	81	88	99	80	55	2	2	81	10	84	7.74e-23	88.7
tr|A0A0H3ADN9|A0A0H3ADN9_VIBC3	GCF_002291445.1_WP_048635886.1	24.359	81	86	96	78	54	2	2	79	10	82	7.84e-23	88.7
tr|A0A0H3ADN9|A0A0H3ADN9_VIBC3	GCF_024346675.1_WP_048897676.1	23.377	81	86	95	77	59	0	2	78	8	84	8.42e-23	88.7
tr|A0A0H3ADN9|A0A0H3ADN9_VIBC3	GCF_002504285.1_WP_005282992.1	25.316	81	86	98	79	54	2	2	80	10	83	8.97e-23	88.7
tr|A0A0H3ADN9|A0A0H3ADN9_VIBC3	GCF_000147055.1_WP_022632468.1	23.077	81	86	96	78	55	2	2	79	10	82	9.04e-23	88.7
tr|A0A0H3ADN9|A0A0H3ADN9_VIBC3	GCF_003403135.1_WP_024104894.1	23.077	81	86	96	78	55	2	2	79	10	82	9.11e-23	88.7
tr|A0A0H3ADN9|A0A0H3ADN9_VIBC3	GCF_019048385.1_WP_062759648.1	25.641	81	86	96	78	53	2	2	79	10	82	9.95e-23	88.5
tr|A0A0H3ADN9|A0A0H3ADN9_VIBC3	GCF_000517405.1_WP_038469034.1	21.795	81	83	96	78	56	2	2	79	7	79	1.01e-22	88.5
tr|A0A0H3ADN9|A0A0H3ADN9_VIBC3	GCF_000968535.2_WP_014147785.1	28.750	81	84	99	80	56	1	2	81	6	84	1.21e-22	88.2
tr|A0A0H3ADN9|A0A0H3ADN9_VIBC3	GCF_019090985.1_WP_036781226.1	25.000	81	88	99	80	55	2	2	81	10	84	1.28e-22	88.2
tr|A0A0H3ADN9|A0A0H3ADN9_VIBC3	GCF_005931095.1_WP_017839868.1	28.750	81	84	99	80	56	1	2	81	6	84	1.44e-22	88.2
tr|A0A0H3ADN9|A0A0H3ADN9_VIBC3	GCF_001455205.1_WP_062560013.1	32.500	81	84	99	80	53	1	2	81	6	84	1.47e-22	87.9
tr|A0A0H3ADN9|A0A0H3ADN9_VIBC3	GCF_008931805.1_WP_019441510.1	39.506	81	81	100	81	49	0	1	81	1	81	1.50e-22	87.9
tr|A0A0H3ADN9|A0A0H3ADN9_VIBC3	GCF_000214235.1_WP_004952197.1	21.795	81	85	96	78	56	2	2	79	8	80	1.65e-22	87.9
tr|A0A0H3ADN9|A0A0H3ADN9_VIBC3	GCF_002005305.1_WP_077753428.1	27.160	81	86	100	81	59	0	1	81	6	86	1.65e-22	87.9
tr|A0A0H3ADN9|A0A0H3ADN9_VIBC3	GCF_003992745.1_WP_014700896.1	26.923	81	86	96	78	52	2	2	79	10	82	1.75e-22	87.9
tr|A0A0H3ADN9|A0A0H3ADN9_VIBC3	GCF_012295615.1_WP_007018284.1	43.210	81	81	100	81	46	0	1	81	1	81	1.91e-22	87.6
tr|A0A0H3ADN9|A0A0H3ADN9_VIBC3	GCF_000968195.1_WP_045972480.1	27.500	81	87	99	80	53	2	2	81	11	85	2.07e-22	87.6
tr|A0A0H3ADN9|A0A0H3ADN9_VIBC3	GCF_009646115.1_WP_008925644.1	25.641	81	86	96	78	53	2	2	79	10	82	2.08e-22	87.6
tr|A0A0H3ADN9|A0A0H3ADN9_VIBC3	GCF_008033135.1_WP_148717358.1	20.000	81	87	99	80	63	1	2	81	7	85	2.09e-22	87.6
tr|A0A0H3ADN9|A0A0H3ADN9_VIBC3	GCF_000968175.1_WP_045959360.1	26.250	81	88	99	80	54	2	2	81	11	85	2.78e-22	87.3
tr|A0A0H3ADN9|A0A0H3ADN9_VIBC3	GCF_001006005.1_WP_223499701.1	21.795	81	85	96	78	56	2	2	79	8	80	2.86e-22	87.3
tr|A0A0H3ADN9|A0A0H3ADN9_VIBC3	GCF_000196155.1_WP_011145066.1	25.000	81	88	99	80	55	2	2	81	10	84	3.16e-22	87.3
tr|A0A0H3ADN9|A0A0H3ADN9_VIBC3	GCF_000091565.1_WP_004159420.1	23.077	81	87	96	78	55	2	2	79	10	82	3.20e-22	87.3
tr|A0A0H3ADN9|A0A0H3ADN9_VIBC3	GCF_000014765.1_WP_011633385.1	27.848	81	89	98	79	57	0	2	80	5	83	3.57e-22	87.0
tr|A0A0H3ADN9|A0A0H3ADN9_VIBC3	GCF_000261045.2_WP_006318653.1	21.795	81	87	96	78	56	2	2	79	10	82	3.85e-22	87.0
tr|A0A0H3ADN9|A0A0H3ADN9_VIBC3	GCF_022592395.1_WP_047255099.1	21.250	81	87	99	80	58	2	2	81	10	84	4.44e-22	86.8
tr|A0A0H3ADN9|A0A0H3ADN9_VIBC3	GCF_008364325.2_WP_230090436.1	20.513	81	85	96	78	57	2	2	79	8	80	4.64e-22	86.8
tr|A0A0H3ADN9|A0A0H3ADN9_VIBC3	GCF_016026395.1_WP_024524235.1	22.785	81	86	98	79	56	2	2	80	10	83	4.83e-22	86.8
tr|A0A0H3ADN9|A0A0H3ADN9_VIBC3	GCF_900638135.1_WP_012146468.1	21.795	81	87	96	78	56	2	2	79	10	82	5.04e-22	86.8
tr|A0A0H3ADN9|A0A0H3ADN9_VIBC3	GCF_002291425.1_WP_095847471.1	25.641	81	87	96	78	53	2	2	79	10	82	5.04e-22	86.8
tr|A0A0H3ADN9|A0A0H3ADN9_VIBC3	GCF_004116975.1_WP_064720954.1	25.000	81	86	99	80	55	2	2	81	10	84	6.38e-22	86.5
tr|A0A0H3ADN9|A0A0H3ADN9_VIBC3	GCF_005484965.1_WP_009114129.1	21.795	81	86	96	78	56	2	2	79	10	82	6.69e-22	86.5
tr|A0A0H3ADN9|A0A0H3ADN9_VIBC3	GCF_029457395.1_WP_024766443.1	21.250	81	92	94	80	59	2	4	79	9	88	6.94e-22	86.5
tr|A0A0H3ADN9|A0A0H3ADN9_VIBC3	GCF_009831665.3_WP_006709226.1	21.795	81	87	96	78	56	2	2	79	10	82	7.15e-22	86.2
tr|A0A0H3ADN9|A0A0H3ADN9_VIBC3	GCF_029277985.1_WP_154623766.1	25.000	81	87	99	80	55	2	2	81	10	84	7.50e-22	86.2
tr|A0A0H3ADN9|A0A0H3ADN9_VIBC3	GCF_000014885.1_WP_020912292.1	21.519	81	87	98	79	62	0	2	80	7	85	7.99e-22	86.2
tr|A0A0H3ADN9|A0A0H3ADN9_VIBC3	GCF_022647325.1_WP_111140597.1	24.359	81	86	96	78	54	2	2	79	10	82	8.98e-22	86.2
tr|A0A0H3ADN9|A0A0H3ADN9_VIBC3	GCF_017743015.1_WP_209027287.1	27.500	81	88	99	80	53	2	2	81	10	84	9.09e-22	86.2
tr|A0A0H3ADN9|A0A0H3ADN9_VIBC3	GCF_002849875.1_WP_232379112.1	30.488	81	113	98	82	54	1	2	80	32	113	1.07e-21	86.5
tr|A0A0H3ADN9|A0A0H3ADN9_VIBC3	GCF_019797925.1_WP_193521737.1	39.506	81	80	100	81	48	1	1	81	1	80	1.12e-21	85.6
tr|A0A0H3ADN9|A0A0H3ADN9_VIBC3	GCF_003074995.2_WP_015870269.1	21.519	81	86	98	79	57	2	2	80	10	83	1.12e-21	85.9
tr|A0A0H3ADN9|A0A0H3ADN9_VIBC3	GCF_024746855.1_WP_260492542.1	36.250	81	79	99	80	50	1	1	80	1	79	1.16e-21	85.6
tr|A0A0H3ADN9|A0A0H3ADN9_VIBC3	GCF_014295015.1_WP_013185414.1	26.250	81	87	99	80	54	2	2	81	11	85	1.23e-21	85.6
tr|A0A0H3ADN9|A0A0H3ADN9_VIBC3	GCF_020541225.1_WP_226811316.1	23.077	81	86	96	78	55	2	2	79	10	82	1.25e-21	85.6
tr|A0A0H3ADN9|A0A0H3ADN9_VIBC3	GCF_000016065.1_WP_011864074.1	20.000	81	93	99	80	63	1	1	80	6	84	1.26e-21	85.9
tr|A0A0H3ADN9|A0A0H3ADN9_VIBC3	GCF_002843235.3_WP_102139922.1	25.000	81	87	99	80	55	2	2	81	10	84	1.43e-21	85.6
tr|A0A0H3ADN9|A0A0H3ADN9_VIBC3	GCF_003204135.1_WP_004908806.1	23.750	81	87	99	80	56	2	2	81	10	84	1.47e-21	85.6
tr|A0A0H3ADN9|A0A0H3ADN9_VIBC3	GCF_012971725.1_WP_169940133.1	21.519	81	92	93	79	58	2	4	78	9	87	1.77e-21	85.4
tr|A0A0H3ADN9|A0A0H3ADN9_VIBC3	GCF_000146165.2_WP_164925808.1	23.457	81	89	99	81	61	1	1	80	6	86	1.82e-21	85.4
tr|A0A0H3ADN9|A0A0H3ADN9_VIBC3	GCF_025946765.1_WP_264497926.1	21.795	81	86	96	78	56	2	2	79	10	82	2.52e-21	84.8
tr|A0A0H3ADN9|A0A0H3ADN9_VIBC3	GCF_004295645.1_WP_228350951.1	25.316	81	88	98	79	54	2	2	80	11	84	2.61e-21	84.8
tr|A0A0H3ADN9|A0A0H3ADN9_VIBC3	GCF_900475855.1_WP_068441311.1	25.000	81	87	99	80	55	2	2	81	10	84	3.13e-21	84.8
tr|A0A0H3ADN9|A0A0H3ADN9_VIBC3	GCF_002393505.1_WP_006658392.1	28.750	81	87	99	80	52	2	2	81	10	84	4.20e-21	84.5
tr|A0A0H3ADN9|A0A0H3ADN9_VIBC3	GCF_017348915.1_WP_040077077.1	29.487	81	86	96	78	50	2	2	79	10	82	4.33e-21	84.2
tr|A0A0H3ADN9|A0A0H3ADN9_VIBC3	GCF_003025345.2_WP_003155955.1	25.882	81	91	99	85	58	1	2	81	7	91	4.37e-21	84.5
tr|A0A0H3ADN9|A0A0H3ADN9_VIBC3	GCF_000019185.1_WP_012277931.1	37.000	81	100	100	100	44	1	1	81	1	100	4.46e-21	84.5
tr|A0A0H3ADN9|A0A0H3ADN9_VIBC3	GCF_002952315.1_WP_012667243.1	20.513	81	87	96	78	57	2	2	79	10	82	4.93e-21	84.2
tr|A0A0H3ADN9|A0A0H3ADN9_VIBC3	GCF_003096015.2_WP_230514010.1	24.051	81	88	98	79	55	2	2	80	11	84	6.31e-21	84.0
tr|A0A0H3ADN9|A0A0H3ADN9_VIBC3	GCF_001721185.1_WP_069317984.1	25.000	81	87	99	80	55	2	2	81	10	84	7.87e-21	83.7
tr|A0A0H3ADN9|A0A0H3ADN9_VIBC3	GCF_900478135.1_WP_111739359.1	24.051	81	88	98	79	55	2	2	80	11	84	8.60e-21	83.7
tr|A0A0H3ADN9|A0A0H3ADN9_VIBC3	GCF_019047765.1_WP_040230035.1	30.769	81	86	96	78	49	2	2	79	10	82	1.24e-20	83.1
tr|A0A0H3ADN9|A0A0H3ADN9_VIBC3	GCF_008632455.1_WP_150048082.1	28.205	81	84	96	78	55	1	2	79	6	82	1.76e-20	82.8
tr|A0A0H3ADN9|A0A0H3ADN9_VIBC3	GCF_021365465.1_WP_016190321.1	24.359	81	87	96	78	54	2	2	79	10	82	2.39e-20	82.5
tr|A0A0H3ADN9|A0A0H3ADN9_VIBC3	GCF_900638655.1_WP_047781753.1	25.316	81	88	98	79	54	2	2	80	11	84	3.32e-20	82.0
tr|A0A0H3ADN9|A0A0H3ADN9_VIBC3	GCF_019703835.1_WP_087020305.1	38.961	81	79	95	77	43	1	4	80	3	75	3.78e-20	81.7
tr|A0A0H3ADN9|A0A0H3ADN9_VIBC3	GCF_003568825.1_WP_040644076.1	27.711	81	83	99	83	57	1	1	80	1	83	6.22e-20	81.4
tr|A0A0H3ADN9|A0A0H3ADN9_VIBC3	GCF_000785705.2_WP_036272019.1	27.848	81	82	98	79	55	2	2	80	6	82	7.94e-20	81.1
tr|A0A0H3ADN9|A0A0H3ADN9_VIBC3	GCF_005671395.1_WP_138095872.1	24.242	81	86	81	66	49	1	2	67	10	74	7.99e-20	81.1
tr|A0A0H3ADN9|A0A0H3ADN9_VIBC3	GCF_016026875.1_WP_045525981.1	31.646	81	89	98	79	49	3	2	80	7	80	2.60e-19	79.7
tr|A0A0H3ADN9|A0A0H3ADN9_VIBC3	GCF_008364325.2_WP_020826409.1	24.675	81	84	95	77	55	1	2	78	7	80	3.22e-19	79.5
tr|A0A0H3ADN9|A0A0H3ADN9_VIBC3	GCF_026427595.1_WP_251812951.1	27.381	81	88	99	84	57	3	1	80	4	87	3.83e-19	79.5
tr|A0A0H3ADN9|A0A0H3ADN9_VIBC3	GCF_017638925.1_WP_208844867.1	32.051	81	81	96	78	52	1	1	78	1	77	6.21e-19	78.6
tr|A0A0H3ADN9|A0A0H3ADN9_VIBC3	GCF_020405345.1_WP_017780573.1	31.646	81	89	98	79	49	3	2	80	7	80	6.43e-19	78.9
tr|A0A0H3ADN9|A0A0H3ADN9_VIBC3	GCF_001677435.1_WP_068615618.1	26.087	81	90	85	69	50	1	2	70	9	76	2.09e-18	77.5
tr|A0A0H3ADN9|A0A0H3ADN9_VIBC3	GCF_004358345.1_WP_121852852.1	29.412	81	76	84	68	48	0	2	69	8	75	3.81e-18	76.6
tr|A0A0H3ADN9|A0A0H3ADN9_VIBC3	GCF_003990335.1_WP_127025819.1	24.359	81	91	96	78	58	1	1	78	5	81	5.21e-18	76.6
tr|A0A0H3ADN9|A0A0H3ADN9_VIBC3	GCF_020149575.1_WP_224431657.1	28.750	81	85	99	80	52	3	2	81	7	81	6.40e-18	76.4
tr|A0A0H3ADN9|A0A0H3ADN9_VIBC3	GCF_020423125.1_WP_226170850.1	27.848	81	84	98	79	52	3	2	80	7	80	1.67e-17	75.2
tr|A0A0H3ADN9|A0A0H3ADN9_VIBC3	GCF_003515105.1_WP_036973086.1	28.358	81	73	83	67	48	0	2	68	6	72	2.24e-17	74.7
tr|A0A0H3ADN9|A0A0H3ADN9_VIBC3	GCF_007197555.1_WP_144048375.1	18.391	81	94	100	87	65	1	1	81	6	92	2.41e-17	75.0
tr|A0A0H3ADN9|A0A0H3ADN9_VIBC3	GCF_900637545.1_WP_042651794.1	25.316	81	84	98	79	54	3	2	80	7	80	3.01e-17	74.4
tr|A0A0H3ADN9|A0A0H3ADN9_VIBC3	GCF_028355655.1_WP_087756847.1	30.380	81	84	98	79	50	3	2	80	7	80	3.91e-17	74.1
tr|A0A0H3ADN9|A0A0H3ADN9_VIBC3	GCF_000018285.1_WP_012155987.1	40.000	81	102	98	100	39	1	1	79	1	100	6.09e-17	74.1
tr|A0A0H3ADN9|A0A0H3ADN9_VIBC3	GCF_000147355.1_WP_013326989.1	40.000	81	67	80	65	39	0	15	79	1	65	1.21e-16	72.7
tr|A0A0H3ADN9|A0A0H3ADN9_VIBC3	GCF_003015165.1_WP_106887831.1	27.848	81	84	98	79	52	3	2	80	7	80	2.14e-16	72.4
tr|A0A0H3ADN9|A0A0H3ADN9_VIBC3	GCF_014169735.1_WP_134997272.1	30.380	81	86	98	79	50	3	2	80	7	80	2.30e-16	72.4
tr|A0A0H3ADN9|A0A0H3ADN9_VIBC3	GCF_008693705.1_WP_127008315.1	29.114	81	84	98	79	51	3	2	80	7	80	3.53e-16	71.9
tr|A0A0H3ADN9|A0A0H3ADN9_VIBC3	GCF_020991025.1_WP_152109250.1	37.313	81	83	81	67	40	2	2	67	8	73	9.65e-16	70.7
tr|A0A0H3ADN9|A0A0H3ADN9_VIBC3	GCF_016127195.1_WP_042032742.1	25.316	81	89	98	79	54	3	2	80	7	80	1.32e-15	70.4
tr|A0A0H3ADN9|A0A0H3ADN9_VIBC3	GCF_002215215.1_WP_088918776.1	33.333	81	101	99	81	51	3	2	81	20	98	1.57e-15	70.4
tr|A0A0H3ADN9|A0A0H3ADN9_VIBC3	GCF_001596155.1_WP_068342236.1	22.078	81	90	91	77	53	4	2	75	8	80	2.01e-15	69.9
tr|A0A0H3ADN9|A0A0H3ADN9_VIBC3	GCF_016026615.1_WP_197928313.1	29.114	81	89	98	79	51	3	2	80	7	80	2.10e-15	69.9
tr|A0A0H3ADN9|A0A0H3ADN9_VIBC3	GCF_010093065.1_WP_238430213.1	15.942	81	83	81	69	52	2	2	67	11	76	2.26e-15	69.6
tr|A0A0H3ADN9|A0A0H3ADN9_VIBC3	GCF_003855395.1_WP_124730567.1	31.707	81	88	96	82	52	2	2	79	4	85	3.20e-15	69.3
tr|A0A0H3ADN9|A0A0H3ADN9_VIBC3	GCF_001020955.1_WP_047250467.1	25.352	81	82	84	71	50	2	2	69	10	80	8.04e-15	68.2
tr|A0A0H3ADN9|A0A0H3ADN9_VIBC3	GCF_003966655.1_WP_113527441.1	20.000	81	77	86	70	55	1	2	71	8	76	8.20e-15	68.2
tr|A0A0H3ADN9|A0A0H3ADN9_VIBC3	GCF_002157225.2_WP_086934278.1	20.833	81	80	89	72	56	1	1	72	4	74	8.55e-15	68.2
tr|A0A0H3ADN9|A0A0H3ADN9_VIBC3	GCF_003063625.1_WP_108601906.1	20.833	81	85	89	72	56	1	1	72	4	74	1.12e-14	67.9
tr|A0A0H3ADN9|A0A0H3ADN9_VIBC3	GCF_020511155.1_WP_226415657.1	26.190	81	87	99	84	58	2	1	80	4	87	1.14e-14	67.9
tr|A0A0H3ADN9|A0A0H3ADN9_VIBC3	GCF_001507645.1_WP_068195976.1	19.737	81	90	90	76	55	2	2	74	8	80	1.48e-14	67.6
tr|A0A0H3ADN9|A0A0H3ADN9_VIBC3	GCF_015209785.1_WP_193988300.1	23.438	81	73	79	64	49	0	2	65	6	69	1.53e-14	67.4
tr|A0A0H3ADN9|A0A0H3ADN9_VIBC3	GCF_000788395.1_WP_038641921.1	21.918	81	85	89	73	55	2	2	73	5	76	1.95e-14	67.4
tr|A0A0H3ADN9|A0A0H3ADN9_VIBC3	GCF_002762215.1_WP_085750011.1	17.143	81	87	83	70	52	3	2	68	9	75	3.02e-14	66.8
tr|A0A0H3ADN9|A0A0H3ADN9_VIBC3	GCF_004001245.1_WP_127478562.1	15.278	81	85	84	72	57	2	2	69	10	81	3.50e-14	66.8
tr|A0A0H3ADN9|A0A0H3ADN9_VIBC3	GCF_000014705.1_WP_011637758.1	31.707	81	88	96	82	52	2	2	79	4	85	4.05e-14	66.5
tr|A0A0H3ADN9|A0A0H3ADN9_VIBC3	GCF_013462805.1_WP_009566961.1	20.000	81	77	86	70	55	1	2	71	8	76	5.43e-14	65.9
tr|A0A0H3ADN9|A0A0H3ADN9_VIBC3	GCF_003584645.1_WP_197716612.1	14.667	81	80	89	75	58	2	2	73	8	79	5.57e-14	66.2
tr|A0A0H3ADN9|A0A0H3ADN9_VIBC3	GCF_000940995.1_WP_082060442.1	17.143	81	93	86	70	58	0	10	79	16	85	6.57e-14	66.2
tr|A0A0H3ADN9|A0A0H3ADN9_VIBC3	GCF_002218045.2_WP_089137819.1	20.290	81	79	81	69	52	1	2	67	9	77	1.09e-13	65.4
tr|A0A0H3ADN9|A0A0H3ADN9_VIBC3	GCF_020844025.1_WP_215848879.1	18.310	81	77	88	71	57	1	2	72	8	77	1.14e-13	65.4
tr|A0A0H3ADN9|A0A0H3ADN9_VIBC3	GCF_003149515.1_WP_109656005.1	17.333	81	90	89	75	56	2	2	73	8	79	1.20e-13	65.4
tr|A0A0H3ADN9|A0A0H3ADN9_VIBC3	GCF_004028275.1_WP_128384077.1	21.622	81	77	86	74	53	3	2	71	3	75	1.76e-13	64.8
tr|A0A0H3ADN9|A0A0H3ADN9_VIBC3	GCF_000801295.1_WP_171816254.1	14.925	81	99	80	67	55	1	2	66	10	76	2.03e-13	65.1
tr|A0A0H3ADN9|A0A0H3ADN9_VIBC3	GCF_024347195.1_WP_271272618.1	20.896	81	77	79	67	50	2	2	65	7	73	2.44e-13	64.5
tr|A0A0H3ADN9|A0A0H3ADN9_VIBC3	GCF_010093065.1_WP_162331416.1	15.789	81	84	90	76	58	3	2	74	11	83	2.94e-13	64.3
tr|A0A0H3ADN9|A0A0H3ADN9_VIBC3	GCF_008728635.1_WP_151087836.1	20.253	81	90	94	79	56	4	2	77	8	82	4.54e-13	64.0
tr|A0A0H3ADN9|A0A0H3ADN9_VIBC3	GCF_013283835.1_WP_071626507.1	20.000	81	83	84	70	51	2	2	69	8	74	4.84e-13	63.7
tr|A0A0H3ADN9|A0A0H3ADN9_VIBC3	GCF_023650495.1_WP_250655372.1	35.294	81	88	100	85	51	2	1	81	4	88	4.86e-13	64.0
tr|A0A0H3ADN9|A0A0H3ADN9_VIBC3	GCF_006337165.1_WP_139515111.1	22.535	81	82	81	71	46	3	2	67	8	74	6.86e-13	63.4
tr|A0A0H3ADN9|A0A0H3ADN9_VIBC3	GCF_004355185.1_WP_133271280.1	25.352	81	81	81	71	44	3	2	67	7	73	7.30e-13	63.1
tr|A0A0H3ADN9|A0A0H3ADN9_VIBC3	GCF_003955735.1_WP_126127786.1	17.073	81	91	98	82	60	4	2	80	12	88	8.64e-13	63.1
tr|A0A0H3ADN9|A0A0H3ADN9_VIBC3	GCF_022811645.1_WP_243511723.1	20.290	81	90	81	69	49	2	2	67	8	73	9.19e-13	63.1
tr|A0A0H3ADN9|A0A0H3ADN9_VIBC3	GCF_027625995.1_WP_270126807.1	23.944	81	82	81	71	45	3	2	67	8	74	9.72e-13	62.9
tr|A0A0H3ADN9|A0A0H3ADN9_VIBC3	GCF_000013765.1_WP_011496543.1	26.190	81	106	99	84	58	2	2	81	23	106	1.06e-12	63.4
tr|A0A0H3ADN9|A0A0H3ADN9_VIBC3	GCF_000576555.1_WP_044000633.1	23.944	81	83	81	71	45	3	2	67	9	75	1.14e-12	62.9
tr|A0A0H3ADN9|A0A0H3ADN9_VIBC3	GCF_003353065.1_WP_114983154.1	21.212	81	84	79	66	47	2	2	65	11	73	1.24e-12	62.9
tr|A0A0H3ADN9|A0A0H3ADN9_VIBC3	GCF_000024005.1_WP_012793320.1	14.474	81	84	90	76	59	2	2	74	11	83	1.29e-12	62.6
tr|A0A0H3ADN9|A0A0H3ADN9_VIBC3	GCF_001444405.1_WP_058032142.1	21.127	81	87	88	71	56	0	1	71	1	71	1.29e-12	62.9
tr|A0A0H3ADN9|A0A0H3ADN9_VIBC3	GCF_000021985.1_WP_012639500.1	19.403	81	82	78	67	50	2	2	64	8	74	1.29e-12	62.6
tr|A0A0H3ADN9|A0A0H3ADN9_VIBC3	GCF_013177675.1_WP_172128285.1	16.438	81	81	88	73	56	2	2	72	8	77	1.30e-12	62.6
tr|A0A0H3ADN9|A0A0H3ADN9_VIBC3	GCF_013137895.1_WP_135435790.1	23.944	81	83	81	71	45	3	2	67	9	75	1.47e-12	62.6
tr|A0A0H3ADN9|A0A0H3ADN9_VIBC3	GCF_002355735.1_WP_096359192.1	21.429	81	83	83	70	52	2	2	68	13	82	1.67e-12	62.3
tr|A0A0H3ADN9|A0A0H3ADN9_VIBC3	GCF_000212735.1_WP_013764159.1	18.421	81	83	90	76	56	2	2	74	10	82	1.75e-12	62.3
tr|A0A0H3ADN9|A0A0H3ADN9_VIBC3	GCF_902810445.1_WP_197744199.1	16.667	81	78	85	72	54	3	2	70	7	75	1.80e-12	62.3
tr|A0A0H3ADN9|A0A0H3ADN9_VIBC3	GCF_009662475.1_WP_031573754.1	23.288	81	79	90	73	55	1	2	74	8	79	2.11e-12	62.0
tr|A0A0H3ADN9|A0A0H3ADN9_VIBC3	GCF_009755585.1_WP_157030071.1	15.942	81	85	81	69	52	2	2	67	8	73	2.26e-12	62.0
tr|A0A0H3ADN9|A0A0H3ADN9_VIBC3	GCF_000321415.2_WP_015260329.1	19.178	81	93	86	73	56	2	2	71	10	82	2.53e-12	62.0
tr|A0A0H3ADN9|A0A0H3ADN9_VIBC3	GCF_001651805.1_WP_067384150.1	19.118	81	78	79	68	51	3	2	65	7	74	2.90e-12	61.7
tr|A0A0H3ADN9|A0A0H3ADN9_VIBC3	GCF_016613475.2_WP_200606805.1	15.714	81	90	83	70	53	2	2	68	11	77	3.09e-12	61.7
tr|A0A0H3ADN9|A0A0H3ADN9_VIBC3	GCF_018736065.1_WP_144074266.1	19.118	81	76	84	68	50	3	2	69	13	75	3.40e-12	61.4
tr|A0A0H3ADN9|A0A0H3ADN9_VIBC3	GCF_013343005.1_WP_078482823.1	14.865	81	84	86	74	59	2	2	71	8	81	3.52e-12	61.4
tr|A0A0H3ADN9|A0A0H3ADN9_VIBC3	GCF_003970675.1_WP_126615366.1	19.697	81	76	81	66	48	3	2	67	13	73	3.59e-12	61.4
tr|A0A0H3ADN9|A0A0H3ADN9_VIBC3	GCF_003967195.1_WP_172597571.1	22.667	81	83	88	75	54	3	2	72	9	83	3.63e-12	61.4
tr|A0A0H3ADN9|A0A0H3ADN9_VIBC3	GCF_002355415.1_WP_148665551.1	21.739	81	87	81	69	51	2	2	67	17	85	3.82e-12	61.4
tr|A0A0H3ADN9|A0A0H3ADN9_VIBC3	GCF_017742995.1_WP_247749573.1	53.488	81	48	53	43	20	0	1	43	1	43	4.48e-12	60.6
tr|A0A0H3ADN9|A0A0H3ADN9_VIBC3	GCF_000012325.1_WP_011045621.1	29.412	81	84	84	68	47	1	2	69	5	71	5.58e-12	61.2
tr|A0A0H3ADN9|A0A0H3ADN9_VIBC3	GCF_013201665.1_WP_128359868.1	18.056	81	81	86	72	54	2	2	71	8	76	5.80e-12	60.9
tr|A0A0H3ADN9|A0A0H3ADN9_VIBC3	GCF_021654855.1_WP_237262080.1	22.059	81	70	80	68	50	1	2	66	3	70	6.12e-12	60.6
tr|A0A0H3ADN9|A0A0H3ADN9_VIBC3	GCF_001955715.1_WP_029708890.1	20.588	81	80	80	68	48	3	2	66	7	71	6.37e-12	60.9
tr|A0A0H3ADN9|A0A0H3ADN9_VIBC3	GCF_002142475.1_WP_026148861.1	19.718	81	86	84	71	51	2	2	69	7	74	7.62e-12	60.9
tr|A0A0H3ADN9|A0A0H3ADN9_VIBC3	GCF_013201725.1_WP_014475480.1	17.143	81	74	84	70	53	2	2	69	8	74	8.34e-12	60.3
tr|A0A0H3ADN9|A0A0H3ADN9_VIBC3	GCF_000026085.1_WP_041454550.1	20.896	81	73	81	67	51	2	2	67	6	71	1.01e-11	60.3
tr|A0A0H3ADN9|A0A0H3ADN9_VIBC3	GCF_019931735.1_WP_223417223.1	23.529	81	87	100	85	61	2	1	81	3	87	1.12e-11	60.3
tr|A0A0H3ADN9|A0A0H3ADN9_VIBC3	GCF_000014785.1_WP_011630183.1	18.310	81	83	84	71	55	2	2	69	13	83	1.26e-11	60.0
tr|A0A0H3ADN9|A0A0H3ADN9_VIBC3	GCF_003346775.1_WP_114843067.1	18.571	81	84	84	70	52	2	2	69	8	74	1.53e-11	60.0
tr|A0A0H3ADN9|A0A0H3ADN9_VIBC3	GCF_010119975.1_WP_162445115.1	12.987	81	365	90	77	59	3	2	74	14	86	1.54e-11	64.0
tr|A0A0H3ADN9|A0A0H3ADN9_VIBC3	GCF_009938015.1_WP_223264517.1	22.857	81	90	81	70	50	3	2	67	10	79	1.56e-11	60.0
tr|A0A0H3ADN9|A0A0H3ADN9_VIBC3	GCF_004798725.1_WP_010811758.1	17.143	81	83	83	70	52	2	2	68	11	77	1.69e-11	59.8
tr|A0A0H3ADN9|A0A0H3ADN9_VIBC3	GCF_008807855.1_WP_063240334.1	15.714	81	83	83	70	53	2	2	68	11	77	1.75e-11	59.8
tr|A0A0H3ADN9|A0A0H3ADN9_VIBC3	GCF_024347675.1_WP_261833361.1	54.762	81	54	52	42	19	0	1	42	1	42	1.93e-11	59.2
tr|A0A0H3ADN9|A0A0H3ADN9_VIBC3	GCF_000012805.1_WP_011330264.1	13.889	81	85	85	72	56	3	2	70	7	75	2.39e-11	59.5
tr|A0A0H3ADN9|A0A0H3ADN9_VIBC3	GCF_003574965.1_WP_119445661.1	21.127	81	82	81	71	47	3	2	67	8	74	2.44e-11	59.5
tr|A0A0H3ADN9|A0A0H3ADN9_VIBC3	GCF_024347275.1_WP_019620968.1	18.421	81	82	89	76	58	3	2	73	7	82	2.60e-11	59.2
tr|A0A0H3ADN9|A0A0H3ADN9_VIBC3	GCF_000092245.1_WP_013136435.1	14.493	81	76	83	69	54	2	2	68	5	70	2.79e-11	59.2
tr|A0A0H3ADN9|A0A0H3ADN9_VIBC3	GCF_006385555.1_WP_140234395.1	30.488	81	87	96	82	53	2	2	79	4	85	3.06e-11	59.2
tr|A0A0H3ADN9|A0A0H3ADN9_VIBC3	GCF_020091585.1_WP_224339804.1	14.286	81	82	83	70	54	3	2	68	7	73	3.10e-11	59.2
tr|A0A0H3ADN9|A0A0H3ADN9_VIBC3	GCF_022827545.1_WP_243798205.1	22.535	81	82	81	71	46	3	2	67	8	74	3.17e-11	59.2
tr|A0A0H3ADN9|A0A0H3ADN9_VIBC3	GCF_024347255.1_WP_091360415.1	17.647	81	79	79	68	52	2	2	65	7	74	3.62e-11	58.9
tr|A0A0H3ADN9|A0A0H3ADN9_VIBC3	GCF_004421105.1_WP_134356453.1	15.278	81	80	85	72	55	3	2	70	7	75	3.80e-11	58.9
tr|A0A0H3ADN9|A0A0H3ADN9_VIBC3	GCF_003346815.1_WP_114840342.1	20.548	81	82	88	73	53	2	2	72	8	77	4.32e-11	58.6
tr|A0A0H3ADN9|A0A0H3ADN9_VIBC3	GCF_000143085.1_WP_013221711.1	16.667	81	82	85	72	54	3	2	70	7	75	4.46e-11	58.6
tr|A0A0H3ADN9|A0A0H3ADN9_VIBC3	GCF_013282625.1_WP_173286717.1	20.290	81	67	85	69	51	2	2	70	3	67	5.41e-11	58.4
tr|A0A0H3ADN9|A0A0H3ADN9_VIBC3	GCF_018389385.1_WP_218082190.1	17.647	81	91	80	68	50	2	2	66	21	85	6.83e-11	58.4
tr|A0A0H3ADN9|A0A0H3ADN9_VIBC3	GCF_003544915.1_WP_118918525.1	19.118	81	73	81	68	50	2	2	67	8	72	8.40e-11	57.8
tr|A0A0H3ADN9|A0A0H3ADN9_VIBC3	GCF_000238255.3_WP_010559905.1	21.127	81	86	86	71	54	2	2	71	5	74	8.84e-11	58.1
tr|A0A0H3ADN9|A0A0H3ADN9_VIBC3	GCF_019891175.1_WP_225938383.1	15.714	81	93	83	70	53	3	1	67	14	80	1.39e-10	57.8
tr|A0A0H3ADN9|A0A0H3ADN9_VIBC3	GCF_000227685.2_WP_006746304.1	18.310	81	83	84	71	55	2	2	69	10	80	1.39e-10	57.5
tr|A0A0H3ADN9|A0A0H3ADN9_VIBC3	GCF_013177635.1_WP_129095542.1	17.910	81	72	80	67	50	2	2	66	8	71	1.43e-10	57.2
tr|A0A0H3ADN9|A0A0H3ADN9_VIBC3	GCF_002356115.1_WP_096526481.1	19.718	81	78	84	71	51	2	2	69	7	74	1.56e-10	57.2
tr|A0A0H3ADN9|A0A0H3ADN9_VIBC3	GCF_024347215.1_WP_261843265.1	17.910	81	77	79	67	52	2	2	65	7	73	2.03e-10	56.9
tr|A0A0H3ADN9|A0A0H3ADN9_VIBC3	GCF_000317125.1_WP_015155280.1	12.857	81	81	83	70	55	3	1	67	6	72	2.18e-10	56.9
tr|A0A0H3ADN9|A0A0H3ADN9_VIBC3	GCF_001956695.1_WP_076086034.1	18.571	81	77	83	70	51	3	2	68	5	71	2.27e-10	56.9
tr|A0A0H3ADN9|A0A0H3ADN9_VIBC3	GCF_000828615.1_WP_041064380.1	16.901	81	80	83	71	55	3	2	68	10	80	2.81e-10	56.7
tr|A0A0H3ADN9|A0A0H3ADN9_VIBC3	GCF_004214795.1_WP_130234502.1	14.493	81	78	83	69	54	2	2	68	8	73	3.71e-10	56.4
tr|A0A0H3ADN9|A0A0H3ADN9_VIBC3	GCF_013201935.1_WP_129014602.1	17.910	81	72	80	67	50	2	2	66	8	71	3.77e-10	56.1
tr|A0A0H3ADN9|A0A0H3ADN9_VIBC3	GCF_001442805.1_WP_057942092.1	15.714	81	88	83	70	53	2	2	68	11	77	5.15e-10	56.1
tr|A0A0H3ADN9|A0A0H3ADN9_VIBC3	GCF_011398355.1_WP_173270160.1	21.538	81	65	80	65	47	2	2	66	3	63	5.29e-10	55.8
tr|A0A0H3ADN9|A0A0H3ADN9_VIBC3	GCF_013283835.1_WP_071625892.1	15.278	81	79	83	72	53	2	2	68	5	73	5.88e-10	55.8
tr|A0A0H3ADN9|A0A0H3ADN9_VIBC3	GCF_011398155.1_WP_173291533.1	18.571	81	71	86	70	54	1	2	71	3	69	8.34e-10	55.3
tr|A0A0H3ADN9|A0A0H3ADN9_VIBC3	GCF_000006765.1_NP_249630.1	28.235	81	108	99	85	56	1	2	81	7	91	8.50e-10	55.8
tr|A0A0H3ADN9|A0A0H3ADN9_VIBC3	GCF_002557795.1_WP_098194977.1	18.919	81	89	84	74	50	3	2	69	11	80	1.01e-09	55.3
tr|A0A0H3ADN9|A0A0H3ADN9_VIBC3	GCF_000018105.1_WP_012162738.1	14.286	81	86	83	70	54	2	1	67	6	72	1.27e-09	55.0
tr|A0A0H3ADN9|A0A0H3ADN9_VIBC3	GCF_001956695.1_WP_076086043.1	18.056	81	77	86	72	54	2	2	71	7	75	1.40e-09	54.7
tr|A0A0H3ADN9|A0A0H3ADN9_VIBC3	GCF_009937995.1_WP_179954406.1	19.178	81	79	85	73	55	2	2	70	7	79	2.19e-09	54.4
tr|A0A0H3ADN9|A0A0H3ADN9_VIBC3	GCF_000317575.1_WP_015193670.1	20.290	81	74	81	69	49	2	2	67	7	72	2.36e-09	54.1
tr|A0A0H3ADN9|A0A0H3ADN9_VIBC3	GCF_013201665.1_WP_128358834.1	11.594	81	76	83	69	56	2	2	68	5	70	3.62e-09	53.9
tr|A0A0H3ADN9|A0A0H3ADN9_VIBC3	GCF_001723605.1_WP_069479051.1	15.942	81	76	83	69	53	2	2	68	5	70	4.11e-09	53.6
tr|A0A0H3ADN9|A0A0H3ADN9_VIBC3	GCF_000024725.1_WP_013031543.1	13.889	81	81	85	72	56	3	2	70	7	75	4.27e-09	53.6
tr|A0A0H3ADN9|A0A0H3ADN9_VIBC3	GCF_013201935.1_WP_128987185.1	14.493	81	76	83	69	54	2	2	68	5	70	5.09e-09	53.3
tr|A0A0H3ADN9|A0A0H3ADN9_VIBC3	GCF_023733635.1_WP_039959400.1	18.841	81	89	79	69	50	3	2	65	7	74	5.88e-09	53.6
tr|A0A0H3ADN9|A0A0H3ADN9_VIBC3	GCF_000222485.1_WP_014022977.1	19.444	81	85	85	72	52	3	2	70	10	78	6.94e-09	53.3
tr|A0A0H3ADN9|A0A0H3ADN9_VIBC3	GCF_003544815.1_WP_118886031.1	13.043	81	76	83	69	55	2	2	68	5	70	1.12e-08	52.4
tr|A0A0H3ADN9|A0A0H3ADN9_VIBC3	GCF_000265505.1_WP_014796533.1	11.538	81	97	84	78	59	2	2	69	9	86	1.13e-08	52.7
tr|A0A0H3ADN9|A0A0H3ADN9_VIBC3	GCF_001050135.1_WP_048644179.1	20.000	81	88	83	70	50	3	2	68	10	76	1.14e-08	52.7
tr|A0A0H3ADN9|A0A0H3ADN9_VIBC3	GCF_004293625.1_WP_130538367.1	23.729	81	71	73	59	41	2	2	60	3	57	1.19e-08	52.4
tr|A0A0H3ADN9|A0A0H3ADN9_VIBC3	GCF_013177635.1_WP_129095951.1	13.043	81	76	83	69	55	2	2	68	5	70	1.40e-08	52.2
tr|A0A0H3ADN9|A0A0H3ADN9_VIBC3	GCF_002309535.1_WP_096047558.1	15.942	81	88	83	69	53	2	2	68	5	70	1.57e-08	52.4
tr|A0A0H3ADN9|A0A0H3ADN9_VIBC3	GCF_003722295.1_WP_010573895.1	21.127	81	75	81	71	48	3	2	67	7	74	1.81e-08	51.9
tr|A0A0H3ADN9|A0A0H3ADN9_VIBC3	GCF_005166025.1_WP_137090244.1	25.000	81	84	84	72	46	3	2	69	8	75	2.55e-08	51.6
tr|A0A0H3ADN9|A0A0H3ADN9_VIBC3	GCF_011398355.1_WP_173270199.1	19.697	81	66	81	66	49	2	2	67	3	64	3.39e-08	51.0
tr|A0A0H3ADN9|A0A0H3ADN9_VIBC3	GCF_003143555.1_WP_109340539.1	19.178	81	84	88	73	57	1	4	74	5	77	3.41e-08	51.3
tr|A0A0H3ADN9|A0A0H3ADN9_VIBC3	GCF_008122265.1_WP_148863603.1	15.714	81	84	83	70	53	3	2	68	7	73	7.91e-08	50.5
tr|A0A0H3ADN9|A0A0H3ADN9_VIBC3	GCF_000265295.1_WP_014770430.1	14.493	81	76	83	69	54	2	2	68	5	70	9.58e-08	50.2
tr|A0A0H3ADN9|A0A0H3ADN9_VIBC3	GCF_000568815.1_WP_025346049.1	14.493	81	76	83	69	54	2	2	68	5	70	1.18e-07	49.9
tr|A0A0H3ADN9|A0A0H3ADN9_VIBC3	GCF_000242635.2_WP_014682426.1	13.235	81	83	80	68	53	2	6	70	11	75	2.03e-07	49.3
tr|A0A0H3ADN9|A0A0H3ADN9_VIBC3	GCF_013177675.1_WP_172126669.1	15.942	81	77	83	69	53	3	2	68	5	70	1.17e-06	47.4
tr|A0A0H3ADN9|A0A0H3ADN9_VIBC3	GCF_011764585.1_WP_188200227.1	15.789	81	63	65	57	44	2	14	66	1	57	1.41e-04	41.8
tr|A0A0H3ADN9|A0A0H3ADN9_VIBC3	GCF_000484535.1_WP_023173213.1	16.176	81	91	84	68	57	0	4	71	24	91	2.41e-04	41.8
tr|A0A0H3ADN9|A0A0H3ADN9_VIBC3	GCF_003967275.1_WP_197721837.1	17.910	81	78	79	67	52	2	2	65	8	74	2.92e-04	41.2
tr|A0A0H3ADN9|A0A0H3ADN9_VIBC3	GCF_003346815.1_WP_114840344.1	18.841	81	84	83	69	51	3	2	68	7	72	3.02e-04	41.2
tr|A0A0H3ADN9|A0A0H3ADN9_VIBC3	GCF_021018745.1_WP_230843504.1	15.385	81	92	80	65	55	0	4	68	24	88	6.46e-04	40.6
tr|A0A0H3ADN9|A0A0H3ADN9_VIBC3	GCF_000011385.1_WP_011141833.1	15.385	81	92	80	65	55	0	4	68	24	88	6.46e-04	40.6
tr|A0A0H3ADN9|A0A0H3ADN9_VIBC3	GCF_005281475.1_WP_137401239.1	13.514	81	81	88	74	57	4	2	72	6	75	7.58e-04	40.3
tr|A0A0H3ADN9|A0A0H3ADN9_VIBC3	GCF_018388465.1_WP_208290210.1	16.176	81	316	81	68	55	1	8	73	139	206	0.001	41.8
tr|A0A0H3ADN9|A0A0H3ADN9_VIBC3	GCF_001705075.2_WP_065970077.1	16.923	81	78	77	65	51	2	2	63	8	72	0.002	39.2
tr|A0A0H3ADN9|A0A0H3ADN9_VIBC3	GCF_003945325.1_WP_125566010.1	15.873	81	327	70	63	47	2	16	72	165	227	0.003	40.9
tr|A0A0H3ADN9|A0A0H3ADN9_VIBC3	GCF_006575665.1_WP_141613356.1	14.085	81	81	84	71	54	4	2	69	6	72	0.003	38.7
tr|A0A0H3ADN9|A0A0H3ADN9_VIBC3	GCF_026278345.1_WP_266369249.1	15.584	81	90	91	77	58	3	2	75	7	79	0.007	38.1
