tr|A0A0E1NSG3|A0A0E1NSG3_YERPA	GCF_001518835.1_WP_059308693.1	75.581	86	86	100	86	21	0	1	86	1	86	3.44e-39	130
tr|A0A0E1NSG3|A0A0E1NSG3_YERPA	GCF_001461805.1_WP_013367515.1	75.581	86	86	100	86	21	0	1	86	1	86	4.65e-39	130
tr|A0A0E1NSG3|A0A0E1NSG3_YERPA	GCF_009036245.1_WP_025756830.1	75.581	86	86	100	86	21	0	1	86	1	86	4.69e-39	130
tr|A0A0E1NSG3|A0A0E1NSG3_YERPA	GCF_021172065.1_WP_015965827.1	73.256	86	86	100	86	23	0	1	86	1	86	6.60e-39	129
tr|A0A0E1NSG3|A0A0E1NSG3_YERPA	GCF_009176645.1_WP_152083529.1	76.744	86	86	100	86	20	0	1	86	1	86	7.09e-39	129
tr|A0A0E1NSG3|A0A0E1NSG3_YERPA	GCF_020097475.1_WP_000062318.1	75.581	86	86	100	86	21	0	1	86	1	86	1.40e-38	128
tr|A0A0E1NSG3|A0A0E1NSG3_YERPA	GCF_001683395.1_WP_017458015.1	70.930	86	86	100	86	25	0	1	86	1	86	1.56e-38	128
tr|A0A0E1NSG3|A0A0E1NSG3_YERPA	GCF_007632255.1_WP_015368146.1	73.256	86	86	100	86	23	0	1	86	1	86	1.95e-38	128
tr|A0A0E1NSG3|A0A0E1NSG3_YERPA	GCF_003594935.2_WP_006173581.1	77.907	86	86	100	86	19	0	1	86	1	86	2.35e-38	128
tr|A0A0E1NSG3|A0A0E1NSG3_YERPA	GCF_001658025.2_WP_007373243.1	70.930	86	86	100	86	25	0	1	86	1	86	2.39e-38	128
tr|A0A0E1NSG3|A0A0E1NSG3_YERPA	GCF_001022135.1_WP_039078449.1	76.744	86	86	100	86	20	0	1	86	1	86	2.55e-38	128
tr|A0A0E1NSG3|A0A0E1NSG3_YERPA	GCF_001729805.1_WP_008501890.1	75.581	86	86	100	86	21	0	1	86	1	86	3.06e-38	128
tr|A0A0E1NSG3|A0A0E1NSG3_YERPA	GCF_027886705.1_WP_061497537.1	73.256	86	86	100	86	23	0	1	86	1	86	3.16e-38	128
tr|A0A0E1NSG3|A0A0E1NSG3_YERPA	GCF_015137655.1_WP_028015593.1	76.744	86	86	100	86	20	0	1	86	1	86	3.16e-38	128
tr|A0A0E1NSG3|A0A0E1NSG3_YERPA	GCF_000224675.1_WP_010426685.1	77.907	86	86	100	86	19	0	1	86	1	86	3.34e-38	128
tr|A0A0E1NSG3|A0A0E1NSG3_YERPA	GCF_025914095.1_WP_031518416.1	76.744	86	86	100	86	20	0	1	86	1	86	4.45e-38	127
tr|A0A0E1NSG3|A0A0E1NSG3_YERPA	GCF_000006925.2_NP_706134.1	74.419	86	86	100	86	22	0	1	86	1	86	4.85e-38	127
tr|A0A0E1NSG3|A0A0E1NSG3_YERPA	GCF_001750725.1_WP_014168720.1	77.907	86	86	100	86	19	0	1	86	1	86	6.36e-38	127
tr|A0A0E1NSG3|A0A0E1NSG3_YERPA	GCF_009363135.1_WP_090122691.1	70.930	86	86	100	86	25	0	1	86	1	86	6.41e-38	127
tr|A0A0E1NSG3|A0A0E1NSG3_YERPA	GCF_023195735.1_WP_035891978.1	72.093	86	86	100	86	24	0	1	86	1	86	8.01e-38	126
tr|A0A0E1NSG3|A0A0E1NSG3_YERPA	GCF_009649915.1_WP_062772223.1	70.930	86	86	100	86	25	0	1	86	1	86	8.53e-38	126
tr|A0A0E1NSG3|A0A0E1NSG3_YERPA	GCF_001277255.1_WP_007666633.1	70.930	86	86	100	86	25	0	1	86	1	86	8.60e-38	126
tr|A0A0E1NSG3|A0A0E1NSG3_YERPA	GCF_003812345.1_WP_003018503.1	72.093	86	86	100	86	24	0	1	86	1	86	1.08e-37	126
tr|A0A0E1NSG3|A0A0E1NSG3_YERPA	GCF_019048625.1_WP_023305471.1	76.744	86	86	100	86	20	0	1	86	1	86	1.14e-37	126
tr|A0A0E1NSG3|A0A0E1NSG3_YERPA	GCF_004684345.1_WP_135323069.1	73.256	86	86	100	86	23	0	1	86	1	86	1.25e-37	126
tr|A0A0E1NSG3|A0A0E1NSG3_YERPA	GCF_004353845.1_WP_103768334.1	70.930	86	86	100	86	25	0	1	86	1	86	1.25e-37	126
tr|A0A0E1NSG3|A0A0E1NSG3_YERPA	GCF_001277175.1_WP_007760020.1	70.930	86	86	100	86	25	0	1	86	1	86	1.30e-37	126
tr|A0A0E1NSG3|A0A0E1NSG3_YERPA	GCF_900638065.1_WP_048212636.1	72.093	86	86	100	86	24	0	1	86	1	86	1.55e-37	126
tr|A0A0E1NSG3|A0A0E1NSG3_YERPA	GCF_022637515.1_WP_064539750.1	72.093	86	86	100	86	24	0	1	86	1	86	1.59e-37	126
tr|A0A0E1NSG3|A0A0E1NSG3_YERPA	GCF_001558935.2_WP_042323659.1	73.256	86	86	100	86	23	0	1	86	1	86	1.60e-37	126
tr|A0A0E1NSG3|A0A0E1NSG3_YERPA	GCF_021278985.1_WP_012904575.1	74.419	86	86	100	86	22	0	1	86	1	86	1.70e-37	126
tr|A0A0E1NSG3|A0A0E1NSG3_YERPA	GCF_001277195.1_WP_032966924.1	70.930	86	86	100	86	25	0	1	86	1	86	1.95e-37	126
tr|A0A0E1NSG3|A0A0E1NSG3_YERPA	GCF_001277215.2_WP_007776988.1	70.930	86	86	100	86	25	0	1	86	1	86	1.98e-37	126
tr|A0A0E1NSG3|A0A0E1NSG3_YERPA	GCF_016904755.1_WP_059234959.1	75.294	86	86	99	85	21	0	1	85	1	85	2.01e-37	126
tr|A0A0E1NSG3|A0A0E1NSG3_YERPA	GCF_002393445.1_WP_061273728.1	72.941	86	86	99	85	23	0	1	85	1	85	2.68e-37	125
tr|A0A0E1NSG3|A0A0E1NSG3_YERPA	GCF_018128425.1_WP_042289833.1	75.581	86	86	100	86	21	0	1	86	1	86	2.81e-37	125
tr|A0A0E1NSG3|A0A0E1NSG3_YERPA	GCF_003261575.2_WP_110272453.1	73.256	86	86	100	86	23	0	1	86	1	86	2.86e-37	125
tr|A0A0E1NSG3|A0A0E1NSG3_YERPA	GCF_000240185.1_YP_005225236.1	74.419	86	86	100	86	22	0	1	86	1	86	2.90e-37	125
tr|A0A0E1NSG3|A0A0E1NSG3_YERPA	GCF_003812925.1_WP_004107903.1	70.930	86	86	100	86	25	0	1	86	1	86	2.92e-37	125
tr|A0A0E1NSG3|A0A0E1NSG3_YERPA	GCF_018139045.1_WP_004129134.1	70.930	86	86	100	86	25	0	1	86	1	86	3.68e-37	125
tr|A0A0E1NSG3|A0A0E1NSG3_YERPA	GCF_009648935.1_WP_047417117.1	70.930	86	86	100	86	25	0	1	86	1	86	3.77e-37	125
tr|A0A0E1NSG3|A0A0E1NSG3_YERPA	GCF_015139575.1_WP_004098776.1	72.093	86	86	100	86	24	0	1	86	1	86	5.98e-37	125
tr|A0A0E1NSG3|A0A0E1NSG3_YERPA	GCF_006711645.1_WP_100682484.1	70.930	86	86	100	86	25	0	1	86	1	86	6.58e-37	124
tr|A0A0E1NSG3|A0A0E1NSG3_YERPA	GCF_012029655.1_WP_041144145.1	72.093	86	86	100	86	24	0	1	86	1	86	6.63e-37	124
tr|A0A0E1NSG3|A0A0E1NSG3_YERPA	GCF_000834395.1_WP_042546713.1	97.674	86	86	100	86	2	0	1	86	1	86	6.68e-37	124
tr|A0A0E1NSG3|A0A0E1NSG3_YERPA	GCF_022637595.1_WP_004858152.1	73.256	86	86	100	86	23	0	1	86	1	86	9.04e-37	124
tr|A0A0E1NSG3|A0A0E1NSG3_YERPA	GCF_900635955.1_WP_126357486.1	74.118	86	86	99	85	22	0	1	85	1	85	9.63e-37	124
tr|A0A0E1NSG3|A0A0E1NSG3_YERPA	GCF_004124235.1_WP_025377303.1	98.837	86	86	100	86	1	0	1	86	1	86	1.18e-36	124
tr|A0A0E1NSG3|A0A0E1NSG3_YERPA	GCF_000018045.1_WP_024130681.1	70.930	86	86	100	86	25	0	1	86	1	86	1.37e-36	123
tr|A0A0E1NSG3|A0A0E1NSG3_YERPA	GCF_000439255.1_WP_000062328.1	76.744	86	86	100	86	20	0	1	86	1	86	1.38e-36	123
tr|A0A0E1NSG3|A0A0E1NSG3_YERPA	GCF_003935895.2_WP_110510858.1	71.765	86	86	99	85	24	0	1	85	1	85	1.40e-36	123
tr|A0A0E1NSG3|A0A0E1NSG3_YERPA	GCF_013234275.1_WP_172895488.1	70.930	86	86	100	86	25	0	1	86	1	86	1.71e-36	123
tr|A0A0E1NSG3|A0A0E1NSG3_YERPA	GCF_000222975.1_WP_002218374.1	100.000	86	86	100	86	0	0	1	86	1	86	1.80e-36	123
tr|A0A0E1NSG3|A0A0E1NSG3_YERPA	GCF_013282725.1_WP_032813813.1	96.512	86	86	100	86	3	0	1	86	1	86	1.91e-36	123
tr|A0A0E1NSG3|A0A0E1NSG3_YERPA	GCF_000834455.1_WP_032817050.1	98.837	86	86	100	86	1	0	1	86	1	86	2.42e-36	123
tr|A0A0E1NSG3|A0A0E1NSG3_YERPA	GCF_024224615.1_WP_125293588.1	72.941	86	86	99	85	23	0	1	85	1	85	2.54e-36	123
tr|A0A0E1NSG3|A0A0E1NSG3_YERPA	GCF_011068345.1_WP_002436992.1	70.588	86	86	99	85	25	0	1	85	1	85	2.60e-36	123
tr|A0A0E1NSG3|A0A0E1NSG3_YERPA	GCF_025133195.1_WP_032910235.1	91.860	86	86	100	86	7	0	1	86	1	86	3.49e-36	123
tr|A0A0E1NSG3|A0A0E1NSG3_YERPA	GCF_002163605.1_WP_157665988.1	74.419	86	86	100	86	22	0	1	86	1	86	3.60e-36	123
tr|A0A0E1NSG3|A0A0E1NSG3_YERPA	GCF_000005845.2_NP_414731.2	73.810	86	84	98	84	22	0	3	86	1	84	3.73e-36	122
tr|A0A0E1NSG3|A0A0E1NSG3_YERPA	GCF_025758125.1_WP_023480196.1	70.930	86	86	100	86	25	0	1	86	1	86	4.16e-36	122
tr|A0A0E1NSG3|A0A0E1NSG3_YERPA	GCF_019797845.1_WP_222158377.1	69.767	86	86	100	86	26	0	1	86	1	86	4.40e-36	122
tr|A0A0E1NSG3|A0A0E1NSG3_YERPA	GCF_021276285.1_WP_095923198.1	82.143	86	86	98	84	15	0	1	84	1	84	5.07e-36	122
tr|A0A0E1NSG3|A0A0E1NSG3_YERPA	GCF_000006945.2_NP_459242.1	73.256	86	86	100	86	23	0	1	86	1	86	5.80e-36	122
tr|A0A0E1NSG3|A0A0E1NSG3_YERPA	GCF_005484945.1_WP_137712817.1	74.419	86	86	100	86	22	0	1	86	1	86	6.39e-36	122
tr|A0A0E1NSG3|A0A0E1NSG3_YERPA	GCF_000010085.1_WP_011411656.1	66.667	86	86	98	84	28	0	1	84	1	84	7.55e-36	122
tr|A0A0E1NSG3|A0A0E1NSG3_YERPA	GCF_000517425.1_WP_025421126.1	67.857	86	86	98	84	27	0	1	84	1	84	8.17e-36	121
tr|A0A0E1NSG3|A0A0E1NSG3_YERPA	GCF_009730055.1_WP_032906500.1	98.837	86	86	100	86	1	0	1	86	1	86	8.71e-36	121
tr|A0A0E1NSG3|A0A0E1NSG3_YERPA	GCF_900095885.1_WP_035340381.1	74.419	86	86	100	86	22	0	1	86	1	86	1.16e-35	121
tr|A0A0E1NSG3|A0A0E1NSG3_YERPA	GCF_022637475.1_WP_013574214.1	80.952	86	86	98	84	16	0	1	84	1	84	1.32e-35	121
tr|A0A0E1NSG3|A0A0E1NSG3_YERPA	GCF_017498685.1_WP_038245151.1	91.860	86	86	100	86	7	0	1	86	1	86	1.40e-35	121
tr|A0A0E1NSG3|A0A0E1NSG3_YERPA	GCF_012427845.1_WP_012773648.1	72.093	86	86	100	86	24	0	1	86	1	86	1.40e-35	121
tr|A0A0E1NSG3|A0A0E1NSG3_YERPA	GCF_002288545.1_WP_029367608.1	73.256	86	86	100	86	23	0	1	86	1	86	2.01e-35	121
tr|A0A0E1NSG3|A0A0E1NSG3_YERPA	GCF_000262305.1_WP_002441069.1	70.930	86	86	100	86	25	0	1	86	1	86	2.30e-35	120
tr|A0A0E1NSG3|A0A0E1NSG3_YERPA	GCF_002953195.1_WP_038628016.1	62.791	86	87	100	86	32	0	1	86	1	86	2.68e-35	120
tr|A0A0E1NSG3|A0A0E1NSG3_YERPA	GCF_000520015.2_WP_024910172.1	73.256	86	87	100	86	23	0	1	86	1	86	3.11e-35	120
tr|A0A0E1NSG3|A0A0E1NSG3_YERPA	GCF_009914055.1_WP_160619715.1	66.279	86	87	100	86	29	0	1	86	1	86	3.83e-35	120
tr|A0A0E1NSG3|A0A0E1NSG3_YERPA	GCF_000233595.1_WP_013024706.1	65.882	86	86	99	85	29	0	1	85	1	85	4.40e-35	120
tr|A0A0E1NSG3|A0A0E1NSG3_YERPA	GCF_009873295.1_WP_039312412.1	73.256	86	86	100	86	23	0	1	86	1	86	4.44e-35	120
tr|A0A0E1NSG3|A0A0E1NSG3_YERPA	GCF_002101395.1_WP_085067900.1	62.791	86	87	100	86	32	0	1	86	1	86	4.59e-35	120
tr|A0A0E1NSG3|A0A0E1NSG3_YERPA	GCF_017569925.1_WP_208228065.1	74.419	86	86	100	86	22	0	1	86	1	86	4.69e-35	119
tr|A0A0E1NSG3|A0A0E1NSG3_YERPA	GCF_003019925.1_WP_162185254.1	77.381	86	86	98	84	19	0	1	84	1	84	5.08e-35	119
tr|A0A0E1NSG3|A0A0E1NSG3_YERPA	GCF_015999465.1_WP_085688159.1	69.412	86	86	99	85	26	0	1	85	1	85	5.20e-35	119
tr|A0A0E1NSG3|A0A0E1NSG3_YERPA	GCF_003515985.1_WP_085653101.1	70.588	86	86	99	85	25	0	1	85	1	85	5.20e-35	119
tr|A0A0E1NSG3|A0A0E1NSG3_YERPA	GCF_001642805.2_WP_004931991.1	74.419	86	87	100	86	22	0	1	86	1	86	8.40e-35	119
tr|A0A0E1NSG3|A0A0E1NSG3_YERPA	GCF_000025065.1_WP_012883679.1	70.588	86	86	99	85	25	0	1	85	1	85	8.66e-35	119
tr|A0A0E1NSG3|A0A0E1NSG3_YERPA	GCF_000740965.1_WP_011092648.1	72.093	86	86	100	86	24	0	1	86	1	86	9.91e-35	119
tr|A0A0E1NSG3|A0A0E1NSG3_YERPA	GCF_000023545.1_WP_015854637.1	70.930	86	86	100	86	25	0	1	86	1	86	1.01e-34	119
tr|A0A0E1NSG3|A0A0E1NSG3_YERPA	GCF_020181655.1_WP_225087160.1	72.093	86	86	100	86	24	0	1	86	1	86	1.02e-34	119
tr|A0A0E1NSG3|A0A0E1NSG3_YERPA	GCF_009931295.1_WP_161528353.1	72.093	86	86	100	86	24	0	1	86	1	86	1.05e-34	119
tr|A0A0E1NSG3|A0A0E1NSG3_YERPA	GCF_002291445.1_WP_048635886.1	74.419	86	86	100	86	22	0	1	86	1	86	1.06e-34	119
tr|A0A0E1NSG3|A0A0E1NSG3_YERPA	GCF_016026735.1_WP_015673540.1	73.256	86	87	100	86	23	0	1	86	1	86	1.14e-34	119
tr|A0A0E1NSG3|A0A0E1NSG3_YERPA	GCF_023517775.1_WP_249893541.1	65.116	86	87	100	86	30	0	1	86	1	86	1.22e-34	119
tr|A0A0E1NSG3|A0A0E1NSG3_YERPA	GCF_021462285.1_WP_234585968.1	74.419	86	87	100	86	22	0	1	86	1	86	1.22e-34	119
tr|A0A0E1NSG3|A0A0E1NSG3_YERPA	GCF_000023565.1_WP_012770818.1	71.765	86	86	99	85	24	0	1	85	1	85	1.60e-34	118
tr|A0A0E1NSG3|A0A0E1NSG3_YERPA	GCF_900187015.1_WP_061796701.1	74.419	86	87	100	86	22	0	1	86	1	86	1.68e-34	118
tr|A0A0E1NSG3|A0A0E1NSG3_YERPA	GCF_000264765.2_WP_034163237.1	69.767	86	86	100	86	26	0	1	86	1	86	1.76e-34	118
tr|A0A0E1NSG3|A0A0E1NSG3_YERPA	GCF_011044475.1_WP_033740322.1	67.059	86	86	99	85	28	0	1	85	1	85	1.78e-34	118
tr|A0A0E1NSG3|A0A0E1NSG3_YERPA	GCF_009817885.1_WP_105232289.1	72.093	86	87	100	86	24	0	1	86	1	86	2.06e-34	118
tr|A0A0E1NSG3|A0A0E1NSG3_YERPA	GCF_007858975.2_WP_042869176.1	70.588	86	86	99	85	25	0	1	85	1	85	2.07e-34	118
tr|A0A0E1NSG3|A0A0E1NSG3_YERPA	GCF_001742185.1_WP_005975933.1	72.093	86	86	100	86	24	0	1	86	1	86	2.26e-34	118
tr|A0A0E1NSG3|A0A0E1NSG3_YERPA	GCF_011617105.1_WP_025800203.1	76.744	86	86	100	86	20	0	1	86	1	86	2.34e-34	118
tr|A0A0E1NSG3|A0A0E1NSG3_YERPA	GCF_020079945.1_WP_039382769.1	63.529	86	87	99	85	31	0	1	85	1	85	2.54e-34	118
tr|A0A0E1NSG3|A0A0E1NSG3_YERPA	GCF_005484965.1_WP_009114129.1	76.744	86	86	100	86	20	0	1	86	1	86	2.90e-34	117
tr|A0A0E1NSG3|A0A0E1NSG3_YERPA	GCF_020150375.1_WP_004094310.1	77.907	86	86	100	86	19	0	1	86	1	86	3.86e-34	117
tr|A0A0E1NSG3|A0A0E1NSG3_YERPA	GCF_003992745.1_WP_014700896.1	69.767	86	86	100	86	26	0	1	86	1	86	4.31e-34	117
tr|A0A0E1NSG3|A0A0E1NSG3_YERPA	GCF_000026185.1_WP_012440659.1	58.824	86	87	99	85	35	0	1	85	1	85	9.64e-34	116
tr|A0A0E1NSG3|A0A0E1NSG3_YERPA	GCF_001010285.1_WP_046974061.1	76.744	86	88	100	86	20	0	1	86	1	86	1.08e-33	116
tr|A0A0E1NSG3|A0A0E1NSG3_YERPA	GCF_022647505.1_WP_128179458.1	61.628	86	87	100	86	33	0	1	86	1	86	1.09e-33	116
tr|A0A0E1NSG3|A0A0E1NSG3_YERPA	GCF_000196615.1_WP_013200864.1	60.465	86	87	100	86	34	0	1	86	1	86	1.38e-33	116
tr|A0A0E1NSG3|A0A0E1NSG3_YERPA	GCF_021733145.1_WP_012847629.1	69.048	86	86	98	84	26	0	1	84	1	84	1.42e-33	116
tr|A0A0E1NSG3|A0A0E1NSG3_YERPA	GCF_002812485.1_WP_038661467.1	71.765	86	86	99	85	24	0	1	85	1	85	1.47e-33	116
tr|A0A0E1NSG3|A0A0E1NSG3_YERPA	GCF_019890955.1_WP_211725887.1	62.353	86	87	99	85	32	0	1	85	1	85	1.53e-33	116
tr|A0A0E1NSG3|A0A0E1NSG3_YERPA	GCF_019090985.1_WP_036781226.1	73.256	86	88	100	86	23	0	1	86	1	86	2.30e-33	115
tr|A0A0E1NSG3|A0A0E1NSG3_YERPA	GCF_017348915.1_WP_040077077.1	75.581	86	86	100	86	21	0	1	86	1	86	2.44e-33	115
tr|A0A0E1NSG3|A0A0E1NSG3_YERPA	GCF_000147055.1_WP_022632468.1	70.588	86	86	99	85	25	0	1	85	1	85	2.54e-33	115
tr|A0A0E1NSG3|A0A0E1NSG3_YERPA	GCF_002291425.1_WP_095847471.1	70.930	86	87	100	86	25	0	1	86	1	86	3.36e-33	115
tr|A0A0E1NSG3|A0A0E1NSG3_YERPA	GCF_004792415.1_WP_013356856.1	61.905	86	86	98	84	32	0	1	84	1	84	4.42e-33	115
tr|A0A0E1NSG3|A0A0E1NSG3_YERPA	GCF_003403135.1_WP_024104894.1	70.588	86	86	99	85	25	0	1	85	1	85	4.87e-33	114
tr|A0A0E1NSG3|A0A0E1NSG3_YERPA	GCF_000196475.1_WP_012776850.1	73.256	86	88	100	86	23	0	1	86	1	86	4.89e-33	114
tr|A0A0E1NSG3|A0A0E1NSG3_YERPA	GCF_022592395.1_WP_047255099.1	60.465	86	87	100	86	34	0	1	86	1	86	5.81e-33	114
tr|A0A0E1NSG3|A0A0E1NSG3_YERPA	GCF_019047765.1_WP_040230035.1	72.093	86	86	100	86	24	0	1	86	1	86	7.65e-33	114
tr|A0A0E1NSG3|A0A0E1NSG3_YERPA	GCF_902387845.1_WP_004237241.1	67.442	86	88	100	86	28	0	1	86	1	86	8.94e-33	114
tr|A0A0E1NSG3|A0A0E1NSG3_YERPA	GCF_003204135.1_WP_004908806.1	65.116	86	87	100	86	30	0	1	86	1	86	1.09e-32	114
tr|A0A0E1NSG3|A0A0E1NSG3_YERPA	GCF_020541225.1_WP_226811316.1	58.333	86	86	98	84	35	0	1	84	1	84	1.12e-32	114
tr|A0A0E1NSG3|A0A0E1NSG3_YERPA	GCF_000196155.1_WP_011145066.1	72.093	86	88	100	86	24	0	1	86	1	86	2.20e-32	113
tr|A0A0E1NSG3|A0A0E1NSG3_YERPA	GCF_025946765.1_WP_264497926.1	67.059	86	86	99	85	28	0	1	85	1	85	2.20e-32	113
tr|A0A0E1NSG3|A0A0E1NSG3_YERPA	GCF_900475855.1_WP_068441311.1	67.442	86	87	100	86	28	0	1	86	1	86	2.39e-32	113
tr|A0A0E1NSG3|A0A0E1NSG3_YERPA	GCF_020683125.1_WP_133842177.1	62.353	86	88	99	85	32	0	2	86	3	87	2.79e-32	112
tr|A0A0E1NSG3|A0A0E1NSG3_YERPA	GCF_002843235.3_WP_102139922.1	66.279	86	87	100	86	29	0	1	86	1	86	2.89e-32	112
tr|A0A0E1NSG3|A0A0E1NSG3_YERPA	GCF_020268605.1_WP_180560445.1	65.116	86	88	100	86	30	0	1	86	1	86	3.04e-32	112
tr|A0A0E1NSG3|A0A0E1NSG3_YERPA	GCF_004768525.1_WP_026822068.1	66.279	86	88	100	86	29	0	1	86	1	86	3.32e-32	112
tr|A0A0E1NSG3|A0A0E1NSG3_YERPA	GCF_019048385.1_WP_062759648.1	60.714	86	86	98	84	33	0	1	84	1	84	3.72e-32	112
tr|A0A0E1NSG3|A0A0E1NSG3_YERPA	GCF_002393505.1_WP_006658392.1	63.953	86	87	100	86	31	0	1	86	1	86	3.85e-32	112
tr|A0A0E1NSG3|A0A0E1NSG3_YERPA	GCF_019844095.1_WP_062747070.1	64.706	86	88	99	85	30	0	2	86	3	87	4.42e-32	112
tr|A0A0E1NSG3|A0A0E1NSG3_YERPA	GCF_029277985.1_WP_154623766.1	69.767	86	87	100	86	26	0	1	86	1	86	5.08e-32	112
tr|A0A0E1NSG3|A0A0E1NSG3_YERPA	GCF_009646115.1_WP_008925644.1	61.905	86	86	98	84	32	0	1	84	1	84	5.45e-32	112
tr|A0A0E1NSG3|A0A0E1NSG3_YERPA	GCF_000091565.1_WP_004159420.1	59.524	86	87	98	84	34	0	1	84	1	84	6.01e-32	112
tr|A0A0E1NSG3|A0A0E1NSG3_YERPA	GCF_002504285.1_WP_005282992.1	67.442	86	86	100	86	28	0	1	86	1	86	1.18e-31	111
tr|A0A0E1NSG3|A0A0E1NSG3_YERPA	GCF_000968195.1_WP_045972480.1	67.470	86	87	97	83	27	0	4	86	5	87	1.19e-31	111
tr|A0A0E1NSG3|A0A0E1NSG3_YERPA	GCF_017743015.1_WP_209027287.1	68.605	86	88	100	86	27	0	1	86	1	86	1.20e-31	111
tr|A0A0E1NSG3|A0A0E1NSG3_YERPA	GCF_000261045.2_WP_006318653.1	67.442	86	87	100	86	28	0	1	86	1	86	1.25e-31	111
tr|A0A0E1NSG3|A0A0E1NSG3_YERPA	GCF_013460135.1_WP_180816665.1	62.791	86	88	100	86	32	0	1	86	1	86	1.26e-31	111
tr|A0A0E1NSG3|A0A0E1NSG3_YERPA	GCF_900638135.1_WP_012146468.1	66.279	86	87	100	86	29	0	1	86	1	86	1.47e-31	111
tr|A0A0E1NSG3|A0A0E1NSG3_YERPA	GCF_011045835.1_WP_075671674.1	59.524	86	86	98	84	34	0	1	84	1	84	1.48e-31	111
tr|A0A0E1NSG3|A0A0E1NSG3_YERPA	GCF_022647325.1_WP_111140597.1	59.524	86	86	98	84	34	0	1	84	1	84	2.05e-31	110
tr|A0A0E1NSG3|A0A0E1NSG3_YERPA	GCF_020342335.1_WP_067428135.1	60.714	86	87	98	84	33	0	1	84	1	84	2.14e-31	110
tr|A0A0E1NSG3|A0A0E1NSG3_YERPA	GCF_000069965.1_WP_004245453.1	58.333	86	86	98	84	35	0	1	84	1	84	2.73e-31	110
tr|A0A0E1NSG3|A0A0E1NSG3_YERPA	GCF_021365465.1_WP_016190321.1	62.791	86	87	100	86	32	0	1	86	1	86	2.78e-31	110
tr|A0A0E1NSG3|A0A0E1NSG3_YERPA	GCF_009831665.3_WP_006709226.1	62.791	86	87	100	86	32	0	1	86	1	86	2.78e-31	110
tr|A0A0E1NSG3|A0A0E1NSG3_YERPA	GCF_022369495.1_WP_072064250.1	58.333	86	86	98	84	35	0	1	84	1	84	3.21e-31	110
tr|A0A0E1NSG3|A0A0E1NSG3_YERPA	GCF_016026395.1_WP_024524235.1	66.279	86	86	100	86	29	0	1	86	1	86	4.55e-31	109
tr|A0A0E1NSG3|A0A0E1NSG3_YERPA	GCF_001721185.1_WP_069317984.1	66.279	86	87	100	86	29	0	1	86	1	86	6.36e-31	109
tr|A0A0E1NSG3|A0A0E1NSG3_YERPA	GCF_000517405.1_WP_038469034.1	66.250	86	83	93	80	27	0	5	84	2	81	7.34e-31	109
tr|A0A0E1NSG3|A0A0E1NSG3_YERPA	GCF_000214235.1_WP_004952197.1	67.857	86	85	98	84	27	0	3	86	1	84	8.10e-31	109
tr|A0A0E1NSG3|A0A0E1NSG3_YERPA	GCF_002952315.1_WP_012667243.1	60.000	86	87	99	85	34	0	1	85	1	85	8.47e-31	109
tr|A0A0E1NSG3|A0A0E1NSG3_YERPA	GCF_001006005.1_WP_223499701.1	67.857	86	85	98	84	27	0	3	86	1	84	1.64e-30	108
tr|A0A0E1NSG3|A0A0E1NSG3_YERPA	GCF_003812345.1_WP_121571778.1	33.333	86	94	100	87	57	1	1	86	1	87	2.54e-30	108
tr|A0A0E1NSG3|A0A0E1NSG3_YERPA	GCF_008364325.2_WP_230090436.1	66.667	86	85	98	84	28	0	3	86	1	84	2.71e-30	107
tr|A0A0E1NSG3|A0A0E1NSG3_YERPA	GCF_000968175.1_WP_045959360.1	63.218	86	88	100	87	31	1	1	86	1	87	4.19e-30	107
tr|A0A0E1NSG3|A0A0E1NSG3_YERPA	GCF_014295015.1_WP_013185414.1	66.667	86	87	100	87	28	1	1	86	1	87	4.94e-30	107
tr|A0A0E1NSG3|A0A0E1NSG3_YERPA	GCF_005671395.1_WP_138095872.1	63.291	86	86	92	79	29	0	1	79	1	79	9.85e-30	106
tr|A0A0E1NSG3|A0A0E1NSG3_YERPA	GCF_004116975.1_WP_064720954.1	60.714	86	86	98	84	33	0	1	84	1	84	1.09e-29	106
tr|A0A0E1NSG3|A0A0E1NSG3_YERPA	GCF_004295645.1_WP_228350951.1	70.588	86	88	98	85	24	1	1	84	1	85	1.16e-29	106
tr|A0A0E1NSG3|A0A0E1NSG3_YERPA	GCF_008693605.1_WP_223849061.1	32.558	86	95	99	86	57	1	1	85	2	87	1.87e-29	105
tr|A0A0E1NSG3|A0A0E1NSG3_YERPA	GCF_004353845.1_WP_103770713.1	32.184	86	93	100	87	58	1	1	86	1	87	2.13e-29	105
tr|A0A0E1NSG3|A0A0E1NSG3_YERPA	GCF_900478135.1_WP_111739359.1	71.765	86	88	98	85	23	1	1	84	1	85	2.37e-29	105
tr|A0A0E1NSG3|A0A0E1NSG3_YERPA	GCF_003074995.2_WP_015870269.1	62.651	86	86	97	83	31	0	1	83	1	83	2.92e-29	105
tr|A0A0E1NSG3|A0A0E1NSG3_YERPA	GCF_003096015.2_WP_230514010.1	70.588	86	88	98	85	24	1	1	84	1	85	4.23e-29	105
tr|A0A0E1NSG3|A0A0E1NSG3_YERPA	GCF_900638655.1_WP_047781753.1	71.765	86	88	98	85	23	1	1	84	1	85	1.01e-28	103
tr|A0A0E1NSG3|A0A0E1NSG3_YERPA	GCF_008693645.1_WP_137347870.1	31.034	86	89	100	87	59	1	1	86	1	87	2.15e-28	103
tr|A0A0E1NSG3|A0A0E1NSG3_YERPA	GCF_002355475.1_WP_004421315.1	39.506	86	91	93	81	48	1	3	82	1	81	2.45e-28	103
tr|A0A0E1NSG3|A0A0E1NSG3_YERPA	GCF_013200955.2_WP_173204463.1	32.099	86	91	93	81	54	1	3	82	1	81	3.29e-28	102
tr|A0A0E1NSG3|A0A0E1NSG3_YERPA	GCF_001597285.1_WP_061903727.1	33.333	86	92	90	78	51	1	6	82	3	80	5.02e-28	102
tr|A0A0E1NSG3|A0A0E1NSG3_YERPA	GCF_024205225.1_WP_195881696.1	31.646	86	90	91	79	53	1	5	82	2	80	2.26e-27	100
tr|A0A0E1NSG3|A0A0E1NSG3_YERPA	GCF_000733715.2_WP_017362912.1	31.646	86	90	91	79	53	1	5	82	2	80	4.62e-27	99.7
tr|A0A0E1NSG3|A0A0E1NSG3_YERPA	GCF_008807375.1_WP_151138908.1	40.741	86	91	93	81	47	1	3	82	1	81	8.88e-27	99.1
tr|A0A0E1NSG3|A0A0E1NSG3_YERPA	GCF_013423785.1_WP_180308358.1	34.146	86	88	95	82	54	0	1	82	1	82	9.70e-27	98.8
tr|A0A0E1NSG3|A0A0E1NSG3_YERPA	GCF_021029445.1_WP_230924827.1	29.487	86	89	91	78	55	0	5	82	2	79	1.04e-26	98.8
tr|A0A0E1NSG3|A0A0E1NSG3_YERPA	GCF_000297075.2_WP_003461742.1	31.646	86	90	91	79	53	1	5	82	2	80	1.08e-26	98.8
tr|A0A0E1NSG3|A0A0E1NSG3_YERPA	GCF_017329545.1_WP_047884589.1	35.294	86	95	98	85	54	1	3	86	1	85	1.16e-26	98.8
tr|A0A0E1NSG3|A0A0E1NSG3_YERPA	GCF_004684345.1_WP_135321947.1	33.333	86	93	93	81	53	1	1	80	1	81	1.17e-26	98.8
tr|A0A0E1NSG3|A0A0E1NSG3_YERPA	GCF_013409125.2_WP_099525265.1	31.646	86	90	91	79	53	1	5	82	2	80	2.01e-26	98.3
tr|A0A0E1NSG3|A0A0E1NSG3_YERPA	GCF_001708425.1_WP_055136127.1	32.911	86	94	91	79	52	1	5	82	2	80	2.14e-26	98.3
tr|A0A0E1NSG3|A0A0E1NSG3_YERPA	GCF_017167985.1_WP_093053415.1	32.911	86	92	91	79	52	1	5	82	2	80	3.07e-26	97.7
tr|A0A0E1NSG3|A0A0E1NSG3_YERPA	GCF_900682675.2_WP_069898892.1	34.615	86	94	90	78	50	1	6	82	3	80	3.16e-26	97.7
tr|A0A0E1NSG3|A0A0E1NSG3_YERPA	GCF_025402875.1_WP_011791024.1	32.051	86	90	90	78	52	1	6	82	3	80	6.01e-26	96.9
tr|A0A0E1NSG3|A0A0E1NSG3_YERPA	GCF_001594225.2_WP_064379396.1	34.177	86	92	91	79	51	1	5	82	2	80	6.24e-26	96.9
tr|A0A0E1NSG3|A0A0E1NSG3_YERPA	GCF_017167985.1_WP_079784061.1	32.911	86	90	91	79	52	1	5	82	2	80	9.68e-26	96.3
tr|A0A0E1NSG3|A0A0E1NSG3_YERPA	GCF_019047765.1_WP_040231149.1	30.233	86	89	99	86	59	1	1	85	1	86	1.01e-25	96.3
tr|A0A0E1NSG3|A0A0E1NSG3_YERPA	GCF_011397855.1_WP_044414183.1	36.709	86	90	91	79	49	1	5	82	2	80	1.45e-25	96.0
tr|A0A0E1NSG3|A0A0E1NSG3_YERPA	GCF_012767755.2_WP_173176508.1	31.646	86	91	91	79	50	2	5	82	2	77	2.27e-25	95.5
tr|A0A0E1NSG3|A0A0E1NSG3_YERPA	GCF_008033135.1_WP_148717358.1	26.923	86	87	91	78	57	0	5	82	2	79	2.60e-25	95.2
tr|A0A0E1NSG3|A0A0E1NSG3_YERPA	GCF_000178875.2_WP_012197738.1	33.333	86	90	90	78	51	1	6	82	3	80	2.88e-25	95.2
tr|A0A0E1NSG3|A0A0E1NSG3_YERPA	GCF_017915135.1_WP_210390879.1	30.380	86	90	91	79	54	1	5	82	2	80	4.01e-25	94.9
tr|A0A0E1NSG3|A0A0E1NSG3_YERPA	GCF_024971755.1_WP_259474826.1	30.769	86	88	90	78	53	1	6	82	3	80	5.90e-25	94.3
tr|A0A0E1NSG3|A0A0E1NSG3_YERPA	GCF_003957745.1_WP_126168493.1	35.443	86	87	91	79	50	1	5	82	2	80	1.41e-24	93.5
tr|A0A0E1NSG3|A0A0E1NSG3_YERPA	GCF_002355475.1_WP_003455993.1	31.169	86	90	88	77	52	1	7	82	2	78	1.77e-24	93.2
tr|A0A0E1NSG3|A0A0E1NSG3_YERPA	GCF_016834455.1_WP_203325205.1	35.443	86	86	91	79	50	1	5	82	2	80	1.87e-24	92.9
tr|A0A0E1NSG3|A0A0E1NSG3_YERPA	GCF_014524625.1_WP_009050814.1	24.051	86	92	91	79	59	1	5	82	2	80	2.94e-24	92.7
tr|A0A0E1NSG3|A0A0E1NSG3_YERPA	GCF_020991025.1_WP_152109250.1	41.026	86	83	90	78	45	1	3	79	1	78	3.36e-24	92.4
tr|A0A0E1NSG3|A0A0E1NSG3_YERPA	GCF_000015245.1_WP_011761423.1	35.443	86	86	91	79	50	1	5	82	2	80	5.39e-24	91.8
tr|A0A0E1NSG3|A0A0E1NSG3_YERPA	GCF_024346675.1_WP_048897676.1	30.952	86	86	97	84	57	1	3	85	1	84	8.21e-24	91.5
tr|A0A0E1NSG3|A0A0E1NSG3_YERPA	GCF_008807375.1_WP_151133519.1	28.571	86	90	88	77	54	1	7	82	2	78	1.16e-23	91.3
tr|A0A0E1NSG3|A0A0E1NSG3_YERPA	GCF_019670705.1_WP_100146025.1	35.443	86	92	91	79	50	1	5	82	2	80	2.11e-23	90.4
tr|A0A0E1NSG3|A0A0E1NSG3_YERPA	GCF_009730655.1_WP_156020461.1	35.443	86	92	91	79	50	1	5	82	2	80	2.41e-23	90.4
tr|A0A0E1NSG3|A0A0E1NSG3_YERPA	GCF_024347355.1_WP_105024956.1	30.120	86	83	91	83	53	2	9	86	1	83	2.44e-23	90.1
tr|A0A0E1NSG3|A0A0E1NSG3_YERPA	GCF_012767755.2_WP_173171843.1	35.065	86	90	88	77	49	1	7	82	4	80	3.12e-23	90.1
tr|A0A0E1NSG3|A0A0E1NSG3_YERPA	GCF_024347475.1_WP_239840920.1	29.268	86	83	90	82	53	2	9	85	1	82	3.36e-23	89.8
tr|A0A0E1NSG3|A0A0E1NSG3_YERPA	GCF_017354925.1_WP_207321174.1	32.911	86	87	91	79	52	1	5	82	2	80	4.50e-23	89.6
tr|A0A0E1NSG3|A0A0E1NSG3_YERPA	GCF_017354965.1_WP_207380278.1	32.911	86	87	91	79	52	1	5	82	2	80	8.11e-23	89.0
tr|A0A0E1NSG3|A0A0E1NSG3_YERPA	GCF_006742785.1_WP_172630283.1	25.316	86	88	91	79	58	1	8	85	3	81	1.09e-22	88.7
tr|A0A0E1NSG3|A0A0E1NSG3_YERPA	GCF_002215585.1_WP_088903590.1	29.487	86	89	91	78	55	0	5	82	2	79	1.21e-22	88.4
tr|A0A0E1NSG3|A0A0E1NSG3_YERPA	GCF_029457395.1_WP_024766443.1	30.488	86	92	90	82	52	1	6	82	3	84	2.34e-22	87.9
tr|A0A0E1NSG3|A0A0E1NSG3_YERPA	GCF_009938225.1_WP_075649723.1	37.500	86	82	87	80	45	2	9	83	1	80	7.20e-22	86.5
tr|A0A0E1NSG3|A0A0E1NSG3_YERPA	GCF_002204915.1_WP_052690899.1	25.926	86	101	88	81	55	2	9	84	20	100	7.20e-22	86.7
tr|A0A0E1NSG3|A0A0E1NSG3_YERPA	GCF_003584645.1_WP_197716612.1	28.049	86	80	91	82	52	2	3	80	1	79	7.24e-22	86.5
tr|A0A0E1NSG3|A0A0E1NSG3_YERPA	GCF_003025345.2_WP_003155955.1	35.632	86	91	94	87	50	1	5	85	2	88	1.10e-21	86.2
tr|A0A0E1NSG3|A0A0E1NSG3_YERPA	GCF_016026875.1_WP_045525981.1	36.765	86	89	79	68	40	1	6	73	3	67	1.82e-21	85.6
tr|A0A0E1NSG3|A0A0E1NSG3_YERPA	GCF_001596155.1_WP_068342236.1	29.870	86	90	85	77	47	2	3	75	1	74	2.05e-21	85.3
tr|A0A0E1NSG3|A0A0E1NSG3_YERPA	GCF_012971725.1_WP_169940133.1	30.488	86	92	90	82	52	1	6	82	3	84	2.39e-21	85.3
tr|A0A0E1NSG3|A0A0E1NSG3_YERPA	GCF_022371215.1_WP_239718047.1	25.301	86	83	91	83	57	2	9	86	1	83	2.53e-21	85.1
tr|A0A0E1NSG3|A0A0E1NSG3_YERPA	GCF_002005305.1_WP_077753428.1	33.333	86	86	90	78	51	1	6	82	3	80	3.13e-21	84.8
tr|A0A0E1NSG3|A0A0E1NSG3_YERPA	GCF_004358345.1_WP_121852852.1	32.857	86	76	80	70	46	1	3	71	1	70	3.42e-21	84.5
tr|A0A0E1NSG3|A0A0E1NSG3_YERPA	GCF_000009145.1_WP_041356315.1	29.870	86	90	88	77	53	1	10	85	6	82	3.81e-21	84.8
tr|A0A0E1NSG3|A0A0E1NSG3_YERPA	GCF_020405345.1_WP_017780573.1	35.294	86	89	79	68	41	1	7	74	4	68	4.08e-21	84.5
tr|A0A0E1NSG3|A0A0E1NSG3_YERPA	GCF_000801295.1_WP_171816254.1	31.646	86	99	88	79	51	2	1	76	1	79	4.89e-21	84.5
tr|A0A0E1NSG3|A0A0E1NSG3_YERPA	GCF_000014885.1_WP_020912292.1	34.177	86	87	91	79	51	1	5	82	2	80	6.00e-21	84.2
tr|A0A0E1NSG3|A0A0E1NSG3_YERPA	GCF_001677435.1_WP_068615618.1	31.169	86	90	87	77	50	3	3	77	1	76	6.33e-21	84.2
tr|A0A0E1NSG3|A0A0E1NSG3_YERPA	GCF_006337165.1_WP_139515111.1	34.568	86	82	88	81	45	2	3	78	1	78	7.27e-21	83.9
tr|A0A0E1NSG3|A0A0E1NSG3_YERPA	GCF_020149575.1_WP_224431657.1	34.783	86	85	80	69	42	1	6	74	3	68	7.78e-21	83.9
tr|A0A0E1NSG3|A0A0E1NSG3_YERPA	GCF_000968535.2_WP_014147785.1	31.579	86	84	87	76	50	2	8	82	4	78	1.00e-20	83.7
tr|A0A0E1NSG3|A0A0E1NSG3_YERPA	GCF_019669905.1_WP_054759186.1	30.380	86	79	91	79	50	2	8	85	3	77	1.14e-20	83.4
tr|A0A0E1NSG3|A0A0E1NSG3_YERPA	GCF_001007935.1_WP_046849946.1	27.848	86	84	91	79	56	1	8	85	4	82	1.15e-20	83.4
tr|A0A0E1NSG3|A0A0E1NSG3_YERPA	GCF_014905115.1_WP_193151849.1	26.250	86	81	87	80	54	2	9	83	1	80	1.28e-20	83.1
tr|A0A0E1NSG3|A0A0E1NSG3_YERPA	GCF_000214665.1_WP_013819542.1	27.273	86	83	88	77	54	2	10	85	6	81	1.31e-20	83.1
tr|A0A0E1NSG3|A0A0E1NSG3_YERPA	GCF_024360925.2_WP_255188929.1	26.923	86	83	90	78	55	2	10	86	6	82	1.51e-20	83.1
tr|A0A0E1NSG3|A0A0E1NSG3_YERPA	GCF_020423125.1_WP_226170850.1	36.232	86	84	80	69	41	1	6	74	3	68	1.56e-20	83.1
tr|A0A0E1NSG3|A0A0E1NSG3_YERPA	GCF_027625995.1_WP_270126807.1	32.099	86	82	88	81	47	2	3	78	1	78	1.67e-20	82.8
tr|A0A0E1NSG3|A0A0E1NSG3_YERPA	GCF_014879975.1_WP_192888672.1	26.506	86	83	91	83	56	2	9	86	1	83	2.01e-20	82.8
tr|A0A0E1NSG3|A0A0E1NSG3_YERPA	GCF_013462805.1_WP_009566961.1	26.761	86	77	83	71	52	0	3	73	1	71	2.66e-20	82.2
tr|A0A0E1NSG3|A0A0E1NSG3_YERPA	GCF_003966655.1_WP_113527441.1	26.761	86	77	83	71	52	0	3	73	1	71	3.51e-20	82.0
tr|A0A0E1NSG3|A0A0E1NSG3_YERPA	GCF_028355655.1_WP_087756847.1	34.783	86	84	80	69	42	1	5	73	2	67	3.77e-20	82.0
tr|A0A0E1NSG3|A0A0E1NSG3_YERPA	GCF_001020955.1_WP_047250467.1	34.177	86	82	87	79	48	2	1	75	1	79	4.31e-20	82.0
tr|A0A0E1NSG3|A0A0E1NSG3_YERPA	GCF_000146165.2_WP_164925808.1	31.646	86	89	90	79	52	2	6	82	3	81	5.40e-20	81.7
tr|A0A0E1NSG3|A0A0E1NSG3_YERPA	GCF_001558255.2_WP_005504861.1	32.927	86	82	88	82	49	3	9	84	1	82	6.20e-20	81.4
tr|A0A0E1NSG3|A0A0E1NSG3_YERPA	GCF_000016065.1_WP_011864074.1	32.911	86	93	91	79	51	2	5	82	2	79	6.74e-20	81.7
tr|A0A0E1NSG3|A0A0E1NSG3_YERPA	GCF_009938185.1_WP_162048373.1	29.630	86	82	88	81	52	2	9	84	1	81	6.88e-20	81.4
tr|A0A0E1NSG3|A0A0E1NSG3_YERPA	GCF_009938205.1_WP_075706454.1	33.333	86	82	88	81	49	2	9	84	1	81	9.16e-20	81.1
tr|A0A0E1NSG3|A0A0E1NSG3_YERPA	GCF_001007875.1_WP_046858354.1	26.250	86	80	87	80	54	2	9	83	1	80	9.43e-20	80.8
tr|A0A0E1NSG3|A0A0E1NSG3_YERPA	GCF_019670125.1_WP_221076876.1	27.848	86	81	91	79	56	1	9	86	1	79	1.05e-19	80.8
tr|A0A0E1NSG3|A0A0E1NSG3_YERPA	GCF_004355185.1_WP_133271280.1	32.911	86	81	86	79	45	2	5	78	2	77	1.09e-19	80.8
tr|A0A0E1NSG3|A0A0E1NSG3_YERPA	GCF_009068765.1_WP_151900329.1	26.250	86	81	87	80	54	2	9	83	1	80	1.20e-19	80.8
tr|A0A0E1NSG3|A0A0E1NSG3_YERPA	GCF_008329985.2_WP_149283950.1	32.000	86	81	86	75	50	1	9	82	1	75	1.34e-19	80.6
tr|A0A0E1NSG3|A0A0E1NSG3_YERPA	GCF_000785705.2_WP_036272019.1	26.316	86	82	88	76	55	1	10	85	6	80	1.51e-19	80.6
tr|A0A0E1NSG3|A0A0E1NSG3_YERPA	GCF_013283835.1_WP_071626507.1	27.273	86	83	86	77	50	2	3	76	1	74	1.65e-19	80.3
tr|A0A0E1NSG3|A0A0E1NSG3_YERPA	GCF_024347035.1_WP_102941394.1	24.691	86	81	88	81	56	2	9	84	1	81	1.78e-19	80.3
tr|A0A0E1NSG3|A0A0E1NSG3_YERPA	GCF_016127195.1_WP_042032742.1	31.884	86	89	80	69	44	1	5	73	2	67	1.86e-19	80.3
tr|A0A0E1NSG3|A0A0E1NSG3_YERPA	GCF_002407485.1_WP_096780111.1	25.926	86	81	88	81	55	2	9	84	1	81	1.96e-19	80.3
tr|A0A0E1NSG3|A0A0E1NSG3_YERPA	GCF_013137895.1_WP_135435790.1	32.927	86	83	90	82	46	3	1	77	1	78	2.01e-19	80.3
tr|A0A0E1NSG3|A0A0E1NSG3_YERPA	GCF_001558415.2_WP_061055374.1	23.750	86	83	87	80	56	2	9	83	1	80	2.01e-19	80.3
tr|A0A0E1NSG3|A0A0E1NSG3_YERPA	GCF_003574965.1_WP_119445661.1	33.333	86	82	88	81	46	2	3	78	1	78	2.03e-19	80.3
tr|A0A0E1NSG3|A0A0E1NSG3_YERPA	GCF_900637545.1_WP_042651794.1	35.714	86	84	81	70	42	1	5	74	2	68	2.05e-19	80.3
tr|A0A0E1NSG3|A0A0E1NSG3_YERPA	GCF_003515105.1_WP_036973086.1	40.845	86	73	81	71	41	1	6	75	2	72	2.06e-19	80.0
tr|A0A0E1NSG3|A0A0E1NSG3_YERPA	GCF_019670105.1_WP_040307707.1	25.641	86	81	90	78	57	1	9	85	1	78	2.21e-19	80.0
tr|A0A0E1NSG3|A0A0E1NSG3_YERPA	GCF_003258315.1_WP_111337788.1	26.582	86	88	91	79	57	1	8	85	4	82	2.30e-19	80.0
tr|A0A0E1NSG3|A0A0E1NSG3_YERPA	GCF_000576555.1_WP_044000633.1	32.500	86	83	87	80	46	2	4	78	3	79	2.40e-19	80.0
tr|A0A0E1NSG3|A0A0E1NSG3_YERPA	GCF_008693705.1_WP_127008315.1	33.333	86	84	80	69	43	1	5	73	2	67	2.40e-19	80.0
tr|A0A0E1NSG3|A0A0E1NSG3_YERPA	GCF_003015165.1_WP_106887831.1	34.286	86	84	81	70	43	1	5	74	2	68	2.75e-19	79.7
tr|A0A0E1NSG3|A0A0E1NSG3_YERPA	GCF_001995825.2_WP_017057338.1	24.096	86	83	91	83	58	2	9	86	1	83	2.79e-19	79.7
tr|A0A0E1NSG3|A0A0E1NSG3_YERPA	GCF_024347635.1_WP_139683960.1	25.301	86	83	91	83	57	2	9	86	1	83	3.12e-19	79.7
tr|A0A0E1NSG3|A0A0E1NSG3_YERPA	GCF_010093065.1_WP_238430213.1	27.848	86	83	87	79	50	2	1	75	2	77	3.80e-19	79.4
tr|A0A0E1NSG3|A0A0E1NSG3_YERPA	GCF_001507645.1_WP_068195976.1	35.065	86	90	85	77	43	2	3	75	1	74	4.69e-19	79.4
tr|A0A0E1NSG3|A0A0E1NSG3_YERPA	GCF_024347455.1_WP_135458404.1	24.096	86	83	91	83	58	2	9	86	1	83	4.98e-19	79.2
tr|A0A0E1NSG3|A0A0E1NSG3_YERPA	GCF_000091465.1_WP_004733849.1	24.096	86	83	91	83	58	2	9	86	1	83	5.48e-19	79.2
tr|A0A0E1NSG3|A0A0E1NSG3_YERPA	GCF_022827545.1_WP_243798205.1	33.333	86	82	88	81	46	2	3	78	1	78	5.56e-19	79.2
tr|A0A0E1NSG3|A0A0E1NSG3_YERPA	GCF_024347655.1_WP_060467732.1	28.916	86	83	91	83	54	2	9	86	1	83	6.27e-19	78.9
tr|A0A0E1NSG3|A0A0E1NSG3_YERPA	GCF_005931095.1_WP_017839868.1	30.380	86	84	91	79	53	2	8	85	4	81	6.90e-19	78.9
tr|A0A0E1NSG3|A0A0E1NSG3_YERPA	GCF_024347595.1_WP_176681244.1	26.506	86	83	91	83	56	2	9	86	1	83	7.46e-19	78.6
tr|A0A0E1NSG3|A0A0E1NSG3_YERPA	GCF_022811645.1_WP_243511723.1	31.646	86	90	87	79	47	2	3	77	1	76	8.37e-19	78.9
tr|A0A0E1NSG3|A0A0E1NSG3_YERPA	GCF_008364325.2_WP_020826409.1	22.785	86	84	91	79	57	2	5	82	2	77	9.26e-19	78.6
tr|A0A0E1NSG3|A0A0E1NSG3_YERPA	GCF_009755585.1_WP_157030071.1	28.571	86	85	85	77	48	2	3	75	1	74	1.14e-18	78.3
tr|A0A0E1NSG3|A0A0E1NSG3_YERPA	GCF_014169735.1_WP_134997272.1	31.884	86	86	80	69	44	1	6	74	3	68	1.33e-18	78.0
tr|A0A0E1NSG3|A0A0E1NSG3_YERPA	GCF_004001245.1_WP_127478562.1	28.395	86	85	88	81	53	2	1	76	1	81	1.36e-18	78.0
tr|A0A0E1NSG3|A0A0E1NSG3_YERPA	GCF_016026615.1_WP_197928313.1	31.884	86	89	80	69	44	1	5	73	2	67	1.39e-18	78.0
tr|A0A0E1NSG3|A0A0E1NSG3_YERPA	GCF_008728635.1_WP_151087836.1	24.675	86	90	85	77	51	2	3	75	1	74	1.47e-18	78.0
tr|A0A0E1NSG3|A0A0E1NSG3_YERPA	GCF_000772105.1_WP_004748349.1	28.571	86	81	88	77	54	1	9	84	1	77	1.83e-18	77.7
tr|A0A0E1NSG3|A0A0E1NSG3_YERPA	GCF_009662475.1_WP_031573754.1	27.941	86	79	79	68	49	0	3	70	1	68	2.01e-18	77.5
tr|A0A0E1NSG3|A0A0E1NSG3_YERPA	GCF_000014765.1_WP_011633385.1	26.582	86	89	91	79	57	1	8	85	3	81	2.06e-18	77.7
tr|A0A0E1NSG3|A0A0E1NSG3_YERPA	GCF_004214795.1_WP_130234502.1	23.457	86	78	91	81	56	2	3	80	1	78	2.48e-18	77.2
tr|A0A0E1NSG3|A0A0E1NSG3_YERPA	GCF_003990335.1_WP_127025819.1	21.429	86	91	81	70	55	0	11	80	7	76	2.71e-18	77.5
tr|A0A0E1NSG3|A0A0E1NSG3_YERPA	GCF_002762215.1_WP_085750011.1	28.947	86	87	84	76	47	3	4	75	3	75	2.76e-18	77.5
tr|A0A0E1NSG3|A0A0E1NSG3_YERPA	GCF_024347675.1_WP_261835500.1	28.395	86	81	88	81	53	2	9	84	1	81	2.87e-18	77.2
tr|A0A0E1NSG3|A0A0E1NSG3_YERPA	GCF_024494545.1_WP_256384876.1	23.457	86	81	88	81	57	2	9	84	1	81	2.99e-18	77.2
tr|A0A0E1NSG3|A0A0E1NSG3_YERPA	GCF_004328865.1_WP_104643907.1	28.049	86	83	90	82	54	2	9	85	1	82	3.04e-18	77.2
tr|A0A0E1NSG3|A0A0E1NSG3_YERPA	GCF_002214395.1_WP_010453422.1	23.457	86	81	88	81	57	2	9	84	1	81	3.13e-18	77.2
tr|A0A0E1NSG3|A0A0E1NSG3_YERPA	GCF_020844025.1_WP_215848879.1	28.169	86	77	83	71	51	0	3	73	1	71	3.20e-18	76.9
tr|A0A0E1NSG3|A0A0E1NSG3_YERPA	GCF_003149515.1_WP_109656005.1	27.273	86	90	85	77	49	2	3	75	1	74	4.19e-18	76.9
tr|A0A0E1NSG3|A0A0E1NSG3_YERPA	GCF_024582835.1_WP_257083279.1	25.301	86	87	91	83	57	2	9	86	1	83	5.21e-18	76.6
tr|A0A0E1NSG3|A0A0E1NSG3_YERPA	GCF_001831495.1_WP_068547707.1	20.988	86	81	88	81	59	2	9	84	1	81	5.82e-18	76.3
tr|A0A0E1NSG3|A0A0E1NSG3_YERPA	GCF_003668795.1_WP_054981706.1	30.488	86	83	90	82	52	2	9	85	1	82	5.84e-18	76.3
tr|A0A0E1NSG3|A0A0E1NSG3_YERPA	GCF_002142475.1_WP_026148861.1	26.582	86	86	87	79	51	2	5	79	2	77	7.09e-18	76.3
tr|A0A0E1NSG3|A0A0E1NSG3_YERPA	GCF_008369605.1_WP_000253074.1	27.632	86	81	87	76	54	1	9	83	1	76	7.63e-18	76.1
tr|A0A0E1NSG3|A0A0E1NSG3_YERPA	GCF_000024005.1_WP_012793320.1	28.205	86	84	86	78	49	2	2	75	3	77	7.78e-18	76.1
tr|A0A0E1NSG3|A0A0E1NSG3_YERPA	GCF_013177675.1_WP_172128285.1	26.316	86	81	85	76	50	2	3	75	1	73	1.02e-17	75.8
tr|A0A0E1NSG3|A0A0E1NSG3_YERPA	GCF_024347495.1_WP_137371745.1	24.000	86	80	86	75	56	1	9	82	1	75	1.52e-17	75.2
tr|A0A0E1NSG3|A0A0E1NSG3_YERPA	GCF_002221525.1_WP_089349457.1	30.488	86	83	90	82	52	2	9	85	1	82	1.53e-17	75.5
tr|A0A0E1NSG3|A0A0E1NSG3_YERPA	GCF_000019525.1_WP_012323084.1	28.571	86	81	88	77	54	1	9	84	1	77	1.84e-17	75.2
tr|A0A0E1NSG3|A0A0E1NSG3_YERPA	GCF_024362845.1_WP_255230807.1	23.750	86	82	87	80	56	2	9	83	1	80	1.92e-17	75.2
tr|A0A0E1NSG3|A0A0E1NSG3_YERPA	GCF_001455205.1_WP_062560013.1	24.675	86	84	88	77	56	2	10	85	6	81	1.95e-17	75.2
tr|A0A0E1NSG3|A0A0E1NSG3_YERPA	GCF_000940995.1_WP_082060442.1	24.706	86	93	98	85	63	1	3	86	1	85	1.97e-17	75.2
tr|A0A0E1NSG3|A0A0E1NSG3_YERPA	GCF_900233005.1_WP_102521318.1	25.000	86	81	87	80	55	2	9	83	1	80	1.98e-17	74.9
tr|A0A0E1NSG3|A0A0E1NSG3_YERPA	GCF_000148645.1_WP_013347076.1	29.870	86	80	84	77	49	2	12	83	3	79	1.99e-17	74.9
tr|A0A0E1NSG3|A0A0E1NSG3_YERPA	GCF_000238395.3_WP_010553578.1	26.829	86	83	90	82	55	2	9	85	1	82	2.10e-17	74.9
tr|A0A0E1NSG3|A0A0E1NSG3_YERPA	GCF_005877035.1_WP_039486662.1	28.049	86	83	90	82	54	2	9	85	1	82	2.22e-17	74.9
tr|A0A0E1NSG3|A0A0E1NSG3_YERPA	GCF_000212735.1_WP_013764159.1	29.114	86	83	87	79	49	2	1	75	1	76	2.32e-17	74.9
tr|A0A0E1NSG3|A0A0E1NSG3_YERPA	GCF_003346815.1_WP_114840342.1	28.750	86	82	90	80	51	2	3	79	1	77	2.66e-17	74.7
tr|A0A0E1NSG3|A0A0E1NSG3_YERPA	GCF_010093065.1_WP_162331416.1	25.000	86	84	84	76	50	2	4	75	5	77	3.05e-17	74.7
tr|A0A0E1NSG3|A0A0E1NSG3_YERPA	GCF_013343005.1_WP_078482823.1	37.179	86	84	85	78	44	2	3	75	1	78	4.09e-17	74.4
tr|A0A0E1NSG3|A0A0E1NSG3_YERPA	GCF_024746855.1_WP_260492542.1	29.114	86	79	87	79	52	1	9	83	1	79	4.34e-17	74.1
tr|A0A0E1NSG3|A0A0E1NSG3_YERPA	GCF_001999225.1_WP_077537996.1	24.390	86	82	90	82	57	2	9	85	1	82	4.45e-17	74.1
tr|A0A0E1NSG3|A0A0E1NSG3_YERPA	GCF_003967195.1_WP_172597571.1	29.333	86	83	81	75	48	2	3	72	2	76	5.06e-17	74.1
tr|A0A0E1NSG3|A0A0E1NSG3_YERPA	GCF_002906475.1_WP_012130247.1	22.500	86	81	87	80	57	2	9	83	1	80	5.56e-17	73.8
tr|A0A0E1NSG3|A0A0E1NSG3_YERPA	GCF_001456255.1_WP_020335096.1	22.222	86	81	88	81	58	2	9	84	1	81	6.01e-17	73.8
tr|A0A0E1NSG3|A0A0E1NSG3_YERPA	GCF_902810445.1_WP_197744199.1	23.171	86	78	91	82	55	3	3	80	1	78	6.44e-17	73.8
tr|A0A0E1NSG3|A0A0E1NSG3_YERPA	GCF_002021755.1_WP_005434844.1	22.500	86	81	87	80	57	2	9	83	1	80	8.74e-17	73.5
tr|A0A0E1NSG3|A0A0E1NSG3_YERPA	GCF_003353065.1_WP_114983154.1	28.947	86	84	84	76	47	3	1	72	1	73	8.84e-17	73.5
tr|A0A0E1NSG3|A0A0E1NSG3_YERPA	GCF_013177635.1_WP_129095542.1	25.676	86	72	83	74	49	2	3	73	1	71	9.04e-17	73.2
tr|A0A0E1NSG3|A0A0E1NSG3_YERPA	GCF_000021985.1_WP_012639500.1	29.730	86	82	80	74	47	2	3	71	1	74	9.54e-17	73.2
tr|A0A0E1NSG3|A0A0E1NSG3_YERPA	GCF_003063625.1_WP_108601906.1	24.675	86	85	86	77	55	1	10	83	5	81	9.65e-17	73.2
tr|A0A0E1NSG3|A0A0E1NSG3_YERPA	GCF_019670485.1_WP_221071211.1	21.519	86	81	91	79	61	1	9	86	1	79	1.05e-16	73.2
tr|A0A0E1NSG3|A0A0E1NSG3_YERPA	GCF_000770115.1_WP_069687890.1	22.500	86	81	87	80	57	2	9	83	1	80	1.21e-16	73.0
tr|A0A0E1NSG3|A0A0E1NSG3_YERPA	GCF_003346775.1_WP_114843067.1	25.974	86	84	86	77	51	2	3	76	1	74	1.21e-16	73.2
tr|A0A0E1NSG3|A0A0E1NSG3_YERPA	GCF_018736065.1_WP_144074266.1	27.941	86	76	79	68	45	2	7	74	10	73	1.24e-16	73.0
tr|A0A0E1NSG3|A0A0E1NSG3_YERPA	GCF_002849875.1_WP_232379112.1	27.059	86	113	94	85	58	1	6	86	28	112	1.30e-16	73.5
tr|A0A0E1NSG3|A0A0E1NSG3_YERPA	GCF_013201725.1_WP_014475480.1	29.730	86	74	83	74	46	2	3	73	1	71	1.35e-16	72.7
tr|A0A0E1NSG3|A0A0E1NSG3_YERPA	GCF_003544915.1_WP_118918525.1	27.632	86	73	85	76	49	2	3	75	1	73	1.42e-16	72.7
tr|A0A0E1NSG3|A0A0E1NSG3_YERPA	GCF_008931805.1_WP_019441510.1	23.457	86	81	88	81	57	2	9	84	1	81	1.43e-16	73.0
tr|A0A0E1NSG3|A0A0E1NSG3_YERPA	GCF_009938015.1_WP_223264517.1	31.646	86	90	86	79	49	3	1	74	1	79	1.45e-16	73.0
tr|A0A0E1NSG3|A0A0E1NSG3_YERPA	GCF_003970675.1_WP_126615366.1	27.941	86	76	79	68	45	2	7	74	10	73	1.57e-16	72.7
tr|A0A0E1NSG3|A0A0E1NSG3_YERPA	GCF_002355735.1_WP_096359192.1	27.632	86	83	84	76	51	2	4	75	7	82	2.00e-16	72.4
tr|A0A0E1NSG3|A0A0E1NSG3_YERPA	GCF_016613475.2_WP_200606805.1	21.053	86	90	84	76	53	2	4	75	5	77	2.13e-16	72.7
tr|A0A0E1NSG3|A0A0E1NSG3_YERPA	GCF_001651805.1_WP_067384150.1	36.620	86	78	77	71	40	3	7	72	4	74	2.41e-16	72.1
tr|A0A0E1NSG3|A0A0E1NSG3_YERPA	GCF_001955715.1_WP_029708890.1	26.027	86	80	80	73	47	2	5	73	2	71	2.53e-16	72.1
tr|A0A0E1NSG3|A0A0E1NSG3_YERPA	GCF_010119975.1_WP_162445115.1	24.706	86	365	94	85	56	2	4	84	8	88	2.91e-16	76.9
tr|A0A0E1NSG3|A0A0E1NSG3_YERPA	GCF_008632455.1_WP_150048082.1	22.078	86	84	88	77	58	2	9	84	5	80	2.98e-16	72.1
tr|A0A0E1NSG3|A0A0E1NSG3_YERPA	GCF_000828615.1_WP_041064380.1	31.646	86	80	86	79	49	3	1	74	1	79	2.99e-16	72.1
tr|A0A0E1NSG3|A0A0E1NSG3_YERPA	GCF_003568825.1_WP_040644076.1	25.316	86	83	87	79	55	1	9	83	1	79	3.40e-16	71.8
tr|A0A0E1NSG3|A0A0E1NSG3_YERPA	GCF_019797925.1_WP_193521737.1	29.333	86	80	87	75	53	0	9	83	1	75	3.53e-16	71.8
tr|A0A0E1NSG3|A0A0E1NSG3_YERPA	GCF_000024825.1_WP_005460845.1	22.222	86	81	88	81	58	2	9	84	1	81	3.59e-16	71.8
tr|A0A0E1NSG3|A0A0E1NSG3_YERPA	GCF_002355415.1_WP_148665551.1	32.877	86	87	80	73	45	2	6	74	13	85	3.64e-16	71.8
tr|A0A0E1NSG3|A0A0E1NSG3_YERPA	GCF_007197555.1_WP_144048375.1	27.381	86	94	90	84	54	2	6	82	3	86	3.80e-16	72.1
tr|A0A0E1NSG3|A0A0E1NSG3_YERPA	GCF_000321415.2_WP_015260329.1	32.941	86	93	94	85	53	3	1	81	1	85	4.35e-16	71.8
tr|A0A0E1NSG3|A0A0E1NSG3_YERPA	GCF_013201935.1_WP_129014602.1	25.676	86	72	83	74	49	2	3	73	1	71	4.50e-16	71.6
tr|A0A0E1NSG3|A0A0E1NSG3_YERPA	GCF_002557795.1_WP_098194977.1	21.951	86	89	85	82	52	3	3	75	1	79	5.06e-16	71.6
tr|A0A0E1NSG3|A0A0E1NSG3_YERPA	GCF_026427595.1_WP_251812951.1	27.500	86	88	87	80	53	2	12	86	7	86	5.74e-16	71.6
tr|A0A0E1NSG3|A0A0E1NSG3_YERPA	GCF_001431725.1_WP_021820278.1	23.457	86	81	88	81	57	2	9	84	1	81	6.16e-16	71.3
tr|A0A0E1NSG3|A0A0E1NSG3_YERPA	GCF_013201665.1_WP_128359868.1	23.171	86	81	92	82	57	2	3	81	1	79	6.51e-16	71.3
tr|A0A0E1NSG3|A0A0E1NSG3_YERPA	GCF_004028275.1_WP_128384077.1	25.714	86	77	77	70	48	2	9	74	2	71	7.32e-16	71.0
tr|A0A0E1NSG3|A0A0E1NSG3_YERPA	GCF_019703835.1_WP_087020305.1	32.911	86	79	87	79	46	2	12	86	3	78	8.52e-16	71.0
tr|A0A0E1NSG3|A0A0E1NSG3_YERPA	GCF_008807855.1_WP_063240334.1	23.077	86	83	86	78	53	2	2	75	3	77	8.55e-16	71.0
tr|A0A0E1NSG3|A0A0E1NSG3_YERPA	GCF_015209785.1_WP_193988300.1	38.235	86	73	78	68	41	1	6	72	2	69	1.03e-15	70.4
tr|A0A0E1NSG3|A0A0E1NSG3_YERPA	GCF_006364355.1_WP_004727652.1	22.500	86	83	87	80	57	2	9	83	1	80	1.22e-15	70.4
tr|A0A0E1NSG3|A0A0E1NSG3_YERPA	GCF_002215215.1_WP_088918776.1	35.802	86	101	93	81	50	2	5	84	15	94	1.24e-15	71.0
tr|A0A0E1NSG3|A0A0E1NSG3_YERPA	GCF_002218045.2_WP_089137819.1	40.278	86	79	79	72	39	2	6	73	5	76	1.35e-15	70.4
tr|A0A0E1NSG3|A0A0E1NSG3_YERPA	GCF_002157225.2_WP_086934278.1	27.397	86	80	85	73	53	0	10	82	5	77	1.36e-15	70.4
tr|A0A0E1NSG3|A0A0E1NSG3_YERPA	GCF_004421105.1_WP_134356453.1	21.795	86	80	86	78	54	3	5	78	2	76	1.84e-15	70.2
tr|A0A0E1NSG3|A0A0E1NSG3_YERPA	GCF_002887615.1_WP_038869703.1	21.250	86	81	87	80	58	2	9	83	1	80	2.04e-15	69.9
tr|A0A0E1NSG3|A0A0E1NSG3_YERPA	GCF_000227685.2_WP_006746304.1	32.099	86	83	90	81	51	3	1	77	1	81	2.13e-15	69.9
tr|A0A0E1NSG3|A0A0E1NSG3_YERPA	GCF_020091585.1_WP_224339804.1	25.000	86	82	84	76	50	2	5	76	2	74	2.38e-15	69.9
tr|A0A0E1NSG3|A0A0E1NSG3_YERPA	GCF_019977755.1_WP_126608378.1	31.765	86	103	91	85	51	2	8	85	14	98	2.50e-15	70.2
tr|A0A0E1NSG3|A0A0E1NSG3_YERPA	GCF_000026085.1_WP_041454550.1	32.394	86	73	80	71	45	3	6	74	2	71	2.60e-15	69.6
tr|A0A0E1NSG3|A0A0E1NSG3_YERPA	GCF_005166025.1_WP_137090244.1	25.000	86	84	84	76	50	2	3	74	1	73	3.25e-15	69.6
tr|A0A0E1NSG3|A0A0E1NSG3_YERPA	GCF_008122265.1_WP_148863603.1	22.368	86	84	84	76	52	2	5	76	2	74	3.72e-15	69.3
tr|A0A0E1NSG3|A0A0E1NSG3_YERPA	GCF_000014785.1_WP_011630183.1	29.870	86	83	85	77	50	3	4	76	7	83	5.02e-15	69.0
tr|A0A0E1NSG3|A0A0E1NSG3_YERPA	GCF_002157895.1_WP_227874980.1	23.457	86	82	88	81	57	2	9	84	2	82	5.52e-15	68.7
tr|A0A0E1NSG3|A0A0E1NSG3_YERPA	GCF_009363415.1_WP_152430616.1	18.987	86	84	91	79	63	1	9	86	1	79	6.43e-15	68.7
tr|A0A0E1NSG3|A0A0E1NSG3_YERPA	GCF_001442805.1_WP_057942092.1	24.658	86	88	80	73	48	2	6	74	7	76	6.99e-15	68.7
tr|A0A0E1NSG3|A0A0E1NSG3_YERPA	GCF_000143085.1_WP_013221711.1	20.779	86	82	85	77	54	3	5	77	2	75	8.54e-15	68.5
tr|A0A0E1NSG3|A0A0E1NSG3_YERPA	GCF_000788395.1_WP_038641921.1	25.000	86	85	78	68	50	1	8	74	3	70	9.35e-15	68.2
tr|A0A0E1NSG3|A0A0E1NSG3_YERPA	GCF_001956695.1_WP_076086034.1	24.051	86	77	87	79	53	2	7	81	2	77	9.36e-15	68.2
tr|A0A0E1NSG3|A0A0E1NSG3_YERPA	GCF_000317125.1_WP_015155280.1	22.785	86	81	87	79	54	3	5	79	2	77	1.20e-14	67.9
tr|A0A0E1NSG3|A0A0E1NSG3_YERPA	GCF_024347275.1_WP_019620968.1	30.000	86	82	87	80	51	3	6	80	3	82	1.21e-14	67.9
tr|A0A0E1NSG3|A0A0E1NSG3_YERPA	GCF_012295615.1_WP_007018284.1	20.000	86	81	87	80	59	2	9	83	1	80	1.22e-14	67.9
tr|A0A0E1NSG3|A0A0E1NSG3_YERPA	GCF_024347195.1_WP_271272618.1	34.722	86	77	79	72	43	3	5	72	2	73	1.30e-14	67.9
tr|A0A0E1NSG3|A0A0E1NSG3_YERPA	GCF_000012805.1_WP_011330264.1	20.779	86	85	85	77	54	3	5	77	2	75	1.34e-14	67.9
tr|A0A0E1NSG3|A0A0E1NSG3_YERPA	GCF_002356115.1_WP_096526481.1	20.000	86	78	83	75	53	2	5	75	2	73	1.54e-14	67.6
tr|A0A0E1NSG3|A0A0E1NSG3_YERPA	GCF_018389385.1_WP_218082190.1	26.316	86	91	84	76	49	3	2	73	13	85	1.89e-14	67.6
tr|A0A0E1NSG3|A0A0E1NSG3_YERPA	GCF_017638925.1_WP_208844867.1	24.675	86	81	85	77	54	1	9	81	1	77	2.01e-14	67.3
tr|A0A0E1NSG3|A0A0E1NSG3_YERPA	GCF_001050135.1_WP_048644179.1	24.051	86	88	87	79	53	3	1	75	1	76	2.41e-14	67.3
tr|A0A0E1NSG3|A0A0E1NSG3_YERPA	GCF_023733635.1_WP_039959400.1	27.397	86	89	79	73	48	2	5	72	2	74	3.02e-14	67.1
tr|A0A0E1NSG3|A0A0E1NSG3_YERPA	GCF_004798725.1_WP_010811758.1	23.077	86	83	86	78	53	2	2	75	3	77	3.57e-14	66.8
tr|A0A0E1NSG3|A0A0E1NSG3_YERPA	GCF_003955735.1_WP_126127786.1	21.795	86	91	86	78	54	3	2	75	4	78	4.32e-14	66.8
tr|A0A0E1NSG3|A0A0E1NSG3_YERPA	GCF_000092245.1_WP_013136435.1	30.137	86	76	81	73	45	2	7	76	2	71	6.09e-14	66.2
tr|A0A0E1NSG3|A0A0E1NSG3_YERPA	GCF_024347255.1_WP_091360415.1	32.877	86	79	79	73	44	2	5	72	2	74	7.44e-14	65.9
tr|A0A0E1NSG3|A0A0E1NSG3_YERPA	GCF_000018105.1_WP_012162738.1	15.909	86	86	95	88	65	3	5	86	2	86	8.37e-14	65.9
tr|A0A0E1NSG3|A0A0E1NSG3_YERPA	GCF_001956695.1_WP_076086043.1	25.676	86	77	83	74	49	2	5	75	2	72	1.37e-13	65.1
tr|A0A0E1NSG3|A0A0E1NSG3_YERPA	GCF_019891175.1_WP_225938383.1	23.750	86	93	88	80	53	3	1	76	7	82	1.64e-13	65.4
tr|A0A0E1NSG3|A0A0E1NSG3_YERPA	GCF_000014705.1_WP_011637758.1	22.892	86	88	91	83	59	2	9	86	3	85	2.12e-13	64.8
tr|A0A0E1NSG3|A0A0E1NSG3_YERPA	GCF_000019185.1_WP_012277931.1	24.000	86	100	88	100	52	3	9	84	1	100	2.89e-13	64.8
tr|A0A0E1NSG3|A0A0E1NSG3_YERPA	GCF_013283835.1_WP_071625892.1	26.667	86	79	80	75	46	2	7	75	2	73	3.03e-13	64.2
tr|A0A0E1NSG3|A0A0E1NSG3_YERPA	GCF_000024725.1_WP_013031543.1	22.785	86	81	87	79	54	3	5	79	2	77	3.42e-13	64.2
tr|A0A0E1NSG3|A0A0E1NSG3_YERPA	GCF_003722295.1_WP_010573895.1	23.684	86	75	81	76	49	2	5	74	2	74	4.03e-13	64.0
tr|A0A0E1NSG3|A0A0E1NSG3_YERPA	GCF_000222485.1_WP_014022977.1	21.795	86	85	86	78	54	3	1	74	1	75	5.44e-13	63.7
tr|A0A0E1NSG3|A0A0E1NSG3_YERPA	GCF_002309535.1_WP_096047558.1	22.500	86	88	90	80	56	2	9	85	4	80	8.44e-13	63.4
tr|A0A0E1NSG3|A0A0E1NSG3_YERPA	GCF_024347215.1_WP_261843265.1	36.111	86	77	79	72	42	3	5	72	2	73	8.99e-13	63.1
tr|A0A0E1NSG3|A0A0E1NSG3_YERPA	GCF_000012325.1_WP_011045621.1	25.373	86	84	78	67	50	0	10	76	5	71	1.15e-12	62.8
tr|A0A0E1NSG3|A0A0E1NSG3_YERPA	GCF_000973725.1_WP_046311560.1	25.641	86	91	86	78	51	2	3	76	1	75	1.60e-12	62.8
tr|A0A0E1NSG3|A0A0E1NSG3_YERPA	GCF_000265505.1_WP_014796533.1	22.353	86	97	86	85	55	2	4	77	3	87	1.81e-12	62.8
tr|A0A0E1NSG3|A0A0E1NSG3_YERPA	GCF_000317575.1_WP_015193670.1	25.000	86	74	84	76	49	4	3	74	1	72	2.02e-12	62.3
tr|A0A0E1NSG3|A0A0E1NSG3_YERPA	GCF_013201665.1_WP_128358834.1	23.377	86	76	86	77	53	2	7	80	2	75	2.67e-12	62.0
tr|A0A0E1NSG3|A0A0E1NSG3_YERPA	GCF_013201935.1_WP_128987185.1	23.611	86	76	80	72	49	2	7	75	2	70	3.66e-12	61.4
tr|A0A0E1NSG3|A0A0E1NSG3_YERPA	GCF_013177635.1_WP_129095951.1	23.611	86	76	80	72	49	2	7	75	2	70	4.54e-12	61.4
tr|A0A0E1NSG3|A0A0E1NSG3_YERPA	GCF_013282625.1_WP_173286717.1	27.941	86	67	79	68	46	1	9	76	2	66	5.34e-12	60.9
tr|A0A0E1NSG3|A0A0E1NSG3_YERPA	GCF_003544815.1_WP_118886031.1	23.611	86	76	80	72	49	2	7	75	2	70	5.99e-12	60.9
tr|A0A0E1NSG3|A0A0E1NSG3_YERPA	GCF_000238255.3_WP_010559905.1	23.171	86	86	92	82	60	2	8	86	3	84	6.42e-12	61.1
tr|A0A0E1NSG3|A0A0E1NSG3_YERPA	GCF_001705075.2_WP_065970077.1	26.923	86	78	86	78	53	2	3	76	1	78	7.79e-12	60.9
tr|A0A0E1NSG3|A0A0E1NSG3_YERPA	GCF_003855395.1_WP_124730567.1	22.892	86	88	91	83	59	3	9	86	3	85	1.24e-11	60.3
tr|A0A0E1NSG3|A0A0E1NSG3_YERPA	GCF_009937995.1_WP_179954406.1	23.077	86	79	85	78	55	2	5	77	2	79	2.09e-11	59.7
tr|A0A0E1NSG3|A0A0E1NSG3_YERPA	GCF_000568815.1_WP_025346049.1	23.377	86	76	86	77	53	2	8	81	3	76	2.71e-11	59.5
tr|A0A0E1NSG3|A0A0E1NSG3_YERPA	GCF_006385555.1_WP_140234395.1	23.750	86	87	87	80	56	2	8	82	2	81	4.21e-11	58.9
tr|A0A0E1NSG3|A0A0E1NSG3_YERPA	GCF_013177675.1_WP_172126669.1	22.078	86	77	86	77	54	2	7	80	2	75	6.43e-11	58.3
tr|A0A0E1NSG3|A0A0E1NSG3_YERPA	GCF_011398355.1_WP_173270160.1	27.692	86	65	76	65	44	1	9	73	2	63	1.20e-10	57.5
tr|A0A0E1NSG3|A0A0E1NSG3_YERPA	GCF_001723605.1_WP_069479051.1	24.324	86	76	83	74	50	2	10	80	5	75	1.25e-10	57.5
tr|A0A0E1NSG3|A0A0E1NSG3_YERPA	GCF_024347675.1_WP_261833361.1	34.091	86	54	51	44	29	0	9	52	1	44	1.31e-10	57.2
tr|A0A0E1NSG3|A0A0E1NSG3_YERPA	GCF_003967275.1_WP_197721837.1	31.081	86	78	81	74	47	3	3	72	1	74	1.31e-10	57.5
tr|A0A0E1NSG3|A0A0E1NSG3_YERPA	GCF_021654855.1_WP_237262080.1	23.529	86	70	74	68	45	2	10	73	3	67	1.32e-10	57.5
tr|A0A0E1NSG3|A0A0E1NSG3_YERPA	GCF_004293625.1_WP_130538367.1	28.814	86	71	69	59	39	1	9	67	2	57	1.75e-10	57.2
tr|A0A0E1NSG3|A0A0E1NSG3_YERPA	GCF_000147355.1_WP_013326989.1	24.615	86	67	70	65	44	2	23	82	1	65	1.76e-10	57.2
tr|A0A0E1NSG3|A0A0E1NSG3_YERPA	GCF_000265295.1_WP_014770430.1	22.078	86	76	86	77	54	2	8	81	3	76	2.18e-10	56.9
tr|A0A0E1NSG3|A0A0E1NSG3_YERPA	GCF_003346815.1_WP_114840344.1	22.078	86	84	86	77	53	3	3	76	1	73	2.50e-10	56.9
tr|A0A0E1NSG3|A0A0E1NSG3_YERPA	GCF_009931655.1_WP_161888514.1	18.987	86	89	87	79	57	2	3	77	1	76	3.24e-10	56.9
tr|A0A0E1NSG3|A0A0E1NSG3_YERPA	GCF_000006765.1_NP_249630.1	33.333	86	108	91	84	50	1	5	82	2	85	4.02e-10	56.9
tr|A0A0E1NSG3|A0A0E1NSG3_YERPA	GCF_020511155.1_WP_226415657.1	17.500	86	87	87	80	61	2	8	82	3	82	5.33e-10	56.1
tr|A0A0E1NSG3|A0A0E1NSG3_YERPA	GCF_000018285.1_WP_012155987.1	20.202	86	102	85	99	53	3	9	81	1	99	5.79e-10	56.4
tr|A0A0E1NSG3|A0A0E1NSG3_YERPA	GCF_017742995.1_WP_247749573.1	48.649	86	48	43	37	19	0	9	45	1	37	6.53e-10	55.2
tr|A0A0E1NSG3|A0A0E1NSG3_YERPA	GCF_001444405.1_WP_058032142.1	28.358	86	87	77	67	47	1	9	74	1	67	9.14e-10	55.5
tr|A0A0E1NSG3|A0A0E1NSG3_YERPA	GCF_014217805.1_WP_185274331.1	18.421	86	91	84	76	55	2	5	76	6	78	1.57e-09	55.0
tr|A0A0E1NSG3|A0A0E1NSG3_YERPA	GCF_011398355.1_WP_173270199.1	24.242	86	66	77	66	47	1	9	74	2	64	2.78e-09	54.1
tr|A0A0E1NSG3|A0A0E1NSG3_YERPA	GCF_023650495.1_WP_250655372.1	28.302	86	88	57	53	34	1	8	56	3	55	2.91e-09	54.4
tr|A0A0E1NSG3|A0A0E1NSG3_YERPA	GCF_026278345.1_WP_266369249.1	24.658	86	90	80	73	48	3	5	73	2	71	3.41e-09	54.1
tr|A0A0E1NSG3|A0A0E1NSG3_YERPA	GCF_013283835.1_WP_071628250.1	21.918	86	81	81	73	51	2	6	75	3	72	8.94e-09	53.0
tr|A0A0E1NSG3|A0A0E1NSG3_YERPA	GCF_000013765.1_WP_011496543.1	21.519	86	106	86	79	57	2	10	83	23	101	1.15e-08	53.3
tr|A0A0E1NSG3|A0A0E1NSG3_YERPA	GCF_002116735.1_WP_041332374.1	19.481	86	86	85	77	55	2	4	76	7	80	2.87e-08	51.9
tr|A0A0E1NSG3|A0A0E1NSG3_YERPA	GCF_014075995.1_WP_182414414.1	19.231	86	91	86	78	56	2	3	76	4	78	4.93e-08	51.3
tr|A0A0E1NSG3|A0A0E1NSG3_YERPA	GCF_011398155.1_WP_173291533.1	19.697	86	71	76	66	49	2	10	74	3	65	5.22e-08	50.7
tr|A0A0E1NSG3|A0A0E1NSG3_YERPA	GCF_005281475.1_WP_137401239.1	23.288	86	81	81	73	50	3	6	75	2	71	5.58e-08	51.0
tr|A0A0E1NSG3|A0A0E1NSG3_YERPA	GCF_006575665.1_WP_141613356.1	23.288	86	81	81	73	50	3	6	75	2	71	8.43e-08	50.5
tr|A0A0E1NSG3|A0A0E1NSG3_YERPA	GCF_003260975.1_WP_112783789.1	23.288	86	81	81	73	50	3	6	75	2	71	9.73e-08	50.5
tr|A0A0E1NSG3|A0A0E1NSG3_YERPA	GCF_000242635.2_WP_014682426.1	20.588	86	83	74	68	47	2	14	77	11	75	3.54e-07	49.1
tr|A0A0E1NSG3|A0A0E1NSG3_YERPA	GCF_019931735.1_WP_223417223.1	19.231	86	87	85	78	58	3	10	82	4	81	5.83e-07	48.5
tr|A0A0E1NSG3|A0A0E1NSG3_YERPA	GCF_000484535.1_WP_023173213.1	26.154	86	91	74	65	47	1	12	75	24	88	6.67e-07	48.5
tr|A0A0E1NSG3|A0A0E1NSG3_YERPA	GCF_011764585.1_WP_188200227.1	26.786	86	63	59	56	36	2	23	73	2	57	8.73e-07	47.6
tr|A0A0E1NSG3|A0A0E1NSG3_YERPA	GCF_021018745.1_WP_230843504.1	26.154	86	92	74	65	47	1	12	75	24	88	1.16e-06	47.6
tr|A0A0E1NSG3|A0A0E1NSG3_YERPA	GCF_001027285.1_WP_047859305.1	24.490	86	80	57	49	37	0	12	60	12	60	1.44e-06	47.4
tr|A0A0E1NSG3|A0A0E1NSG3_YERPA	GCF_000011385.1_WP_011141833.1	26.154	86	92	74	65	47	1	12	75	24	88	3.46e-06	46.5
tr|A0A0E1NSG3|A0A0E1NSG3_YERPA	GCF_000325705.1_WP_015264554.1	21.622	86	77	83	74	52	3	10	80	6	76	2.91e-04	41.5
tr|A0A0E1NSG3|A0A0E1NSG3_YERPA	GCF_009937995.1_WP_162085741.1	23.750	86	82	86	80	55	2	3	76	1	80	0.001	40.0
tr|A0A0E1NSG3|A0A0E1NSG3_YERPA	GCF_010119975.1_WP_162441452.1	14.286	86	89	85	77	59	2	3	75	1	74	0.001	39.8
tr|A0A0E1NSG3|A0A0E1NSG3_YERPA	GCF_003143555.1_WP_109340539.1	17.333	86	84	84	75	59	2	12	83	5	79	0.002	39.2
tr|A0A0E1NSG3|A0A0E1NSG3_YERPA	GCF_009938015.1_WP_147074368.1	20.988	86	82	86	81	56	5	3	76	1	80	0.004	38.4
tr|A0A0E1NSG3|A0A0E1NSG3_YERPA	GCF_010119975.1_WP_162443195.1	15.190	86	91	87	79	60	2	3	77	1	76	0.006	38.1
tr|A0A0E1NSG3|A0A0E1NSG3_YERPA	GCF_001263175.1_WP_050726405.1	28.889	86	81	52	45	32	0	12	56	12	56	0.009	37.5
