tr|A0A063KWA5|Release	GCF_008693605.1_WP_223849061.1	32.500	83	95	96	80	54	0	2	81	11	90	6.20e-30	107
tr|A0A063KWA5|Release	GCF_004353845.1_WP_103770713.1	31.646	83	93	95	79	54	0	2	80	10	88	1.05e-29	106
tr|A0A063KWA5|Release	GCF_025402875.1_WP_011791024.1	27.711	83	90	100	83	60	0	1	83	6	88	1.33e-29	106
tr|A0A063KWA5|Release	GCF_003812345.1_WP_121571778.1	31.250	83	94	96	80	55	0	2	81	10	89	2.05e-29	105
tr|A0A063KWA5|Release	GCF_024971755.1_WP_259474826.1	26.506	83	88	100	83	61	0	1	83	6	88	2.45e-29	105
tr|A0A063KWA5|Release	GCF_002204915.1_WP_052690899.1	37.037	83	101	98	81	51	0	1	81	20	100	3.17e-29	105
tr|A0A063KWA5|Release	GCF_001597285.1_WP_061903727.1	28.049	83	92	99	82	59	0	2	83	7	88	6.56e-29	104
tr|A0A063KWA5|Release	GCF_024347355.1_WP_105024956.1	48.780	83	83	99	82	42	0	1	82	1	82	1.09e-28	103
tr|A0A063KWA5|Release	GCF_000733715.2_WP_017362912.1	26.829	83	90	99	82	60	0	2	83	7	88	1.59e-28	103
tr|A0A063KWA5|Release	GCF_000178875.2_WP_012197738.1	26.506	83	90	100	83	61	0	1	83	6	88	2.52e-28	102
tr|A0A063KWA5|Release	GCF_009938225.1_WP_075649723.1	44.444	83	82	98	81	45	0	1	81	1	81	2.71e-28	102
tr|A0A063KWA5|Release	GCF_024347475.1_WP_239840920.1	48.780	83	83	99	82	42	0	1	82	1	82	3.88e-28	102
tr|A0A063KWA5|Release	GCF_002355475.1_WP_004421315.1	28.049	83	91	99	82	59	0	2	83	8	89	6.40e-28	101
tr|A0A063KWA5|Release	GCF_009938185.1_WP_162048373.1	41.975	83	82	98	81	47	0	1	81	1	81	6.59e-28	101
tr|A0A063KWA5|Release	GCF_013409125.2_WP_099525265.1	25.926	83	90	98	81	60	0	2	82	7	87	7.67e-28	101
tr|A0A063KWA5|Release	GCF_024205225.1_WP_195881696.1	24.691	83	90	98	81	61	0	2	82	7	87	8.50e-28	101
tr|A0A063KWA5|Release	GCF_000297075.2_WP_003461742.1	25.926	83	90	98	81	60	0	2	82	7	87	8.71e-28	101
tr|A0A063KWA5|Release	GCF_014905115.1_WP_193151849.1	50.000	83	81	96	80	40	0	1	80	1	80	1.23e-27	100
tr|A0A063KWA5|Release	GCF_022371215.1_WP_239718047.1	54.321	83	83	98	81	37	0	1	81	1	81	2.72e-27	100
tr|A0A063KWA5|Release	GCF_008807375.1_WP_151138908.1	25.610	83	91	99	82	61	0	2	83	8	89	2.76e-27	100
tr|A0A063KWA5|Release	GCF_008693645.1_WP_137347870.1	26.582	83	89	95	79	58	0	2	80	10	88	3.25e-27	100
tr|A0A063KWA5|Release	GCF_001708425.1_WP_055136127.1	23.750	83	94	96	80	61	0	2	81	7	86	3.68e-27	100
tr|A0A063KWA5|Release	GCF_011397855.1_WP_044414183.1	28.049	83	90	99	82	59	0	2	83	7	88	3.70e-27	100
tr|A0A063KWA5|Release	GCF_020097475.1_WP_000062318.1	32.500	83	86	96	80	49	2	2	81	10	84	6.00e-27	99.4
tr|A0A063KWA5|Release	GCF_004684345.1_WP_135321947.1	25.926	83	93	98	81	60	0	2	82	10	90	6.09e-27	99.4
tr|A0A063KWA5|Release	GCF_002215585.1_WP_088903590.1	27.711	83	89	100	83	59	1	1	83	6	87	6.91e-27	99.2
tr|A0A063KWA5|Release	GCF_001558415.2_WP_061055374.1	45.783	83	83	100	83	45	0	1	83	1	83	6.99e-27	99.2
tr|A0A063KWA5|Release	GCF_001594225.2_WP_064379396.1	26.250	83	92	96	80	59	0	2	81	7	86	7.59e-27	99.2
tr|A0A063KWA5|Release	GCF_021172065.1_WP_015965827.1	30.000	83	86	96	80	51	2	2	81	10	84	7.98e-27	98.9
tr|A0A063KWA5|Release	GCF_001461805.1_WP_013367515.1	31.250	83	86	96	80	50	2	2	81	10	84	8.11e-27	98.9
tr|A0A063KWA5|Release	GCF_001518835.1_WP_059308693.1	30.000	83	86	96	80	51	2	2	81	10	84	8.71e-27	98.9
tr|A0A063KWA5|Release	GCF_013200955.2_WP_173204463.1	29.114	83	91	95	79	56	0	2	80	8	86	8.81e-27	98.9
tr|A0A063KWA5|Release	GCF_008329985.2_WP_149283950.1	35.802	83	81	98	81	52	0	1	81	1	81	1.08e-26	98.6
tr|A0A063KWA5|Release	GCF_009036245.1_WP_025756830.1	30.000	83	86	96	80	51	2	2	81	10	84	1.16e-26	98.6
tr|A0A063KWA5|Release	GCF_017167985.1_WP_079784061.1	27.160	83	90	98	81	59	0	2	82	7	87	1.20e-26	98.6
tr|A0A063KWA5|Release	GCF_002214395.1_WP_010453422.1	39.506	83	81	98	81	49	0	1	81	1	81	1.25e-26	98.3
tr|A0A063KWA5|Release	GCF_900682675.2_WP_069898892.1	24.390	83	94	99	82	62	0	2	83	7	88	1.45e-26	98.6
tr|A0A063KWA5|Release	GCF_016904755.1_WP_059234959.1	30.000	83	86	96	80	51	2	2	81	10	84	1.54e-26	98.3
tr|A0A063KWA5|Release	GCF_017167985.1_WP_093053415.1	23.750	83	92	96	80	61	0	2	81	7	86	1.72e-26	98.3
tr|A0A063KWA5|Release	GCF_000006925.2_NP_706134.1	31.250	83	86	96	80	50	2	2	81	10	84	1.84e-26	98.0
tr|A0A063KWA5|Release	GCF_009176645.1_WP_152083529.1	28.750	83	86	96	80	52	2	2	81	10	84	2.02e-26	98.0
tr|A0A063KWA5|Release	GCF_003594935.2_WP_006173581.1	30.000	83	86	96	80	51	2	2	81	10	84	2.49e-26	97.8
tr|A0A063KWA5|Release	GCF_009068765.1_WP_151900329.1	51.250	83	81	96	80	39	0	1	80	1	80	2.89e-26	97.5
tr|A0A063KWA5|Release	GCF_001022135.1_WP_039078449.1	30.000	83	86	96	80	51	2	2	81	10	84	3.21e-26	97.5
tr|A0A063KWA5|Release	GCF_000005845.2_NP_414731.2	31.250	83	84	96	80	50	2	2	81	8	82	3.46e-26	97.5
tr|A0A063KWA5|Release	GCF_001683395.1_WP_017458015.1	30.000	83	86	96	80	51	2	2	81	10	84	3.82e-26	97.2
tr|A0A063KWA5|Release	GCF_015137655.1_WP_028015593.1	30.000	83	86	96	80	51	2	2	81	10	84	3.97e-26	97.2
tr|A0A063KWA5|Release	GCF_019670125.1_WP_221076876.1	43.750	83	81	96	80	45	0	1	80	1	80	4.47e-26	96.9
tr|A0A063KWA5|Release	GCF_002407485.1_WP_096780111.1	38.272	83	81	98	81	50	0	1	81	1	81	4.73e-26	96.9
tr|A0A063KWA5|Release	GCF_003957745.1_WP_126168493.1	25.926	83	87	98	81	60	0	2	82	7	87	4.74e-26	97.2
tr|A0A063KWA5|Release	GCF_008369605.1_WP_000253074.1	39.506	83	81	98	81	49	0	1	81	1	81	4.96e-26	96.9
tr|A0A063KWA5|Release	GCF_019048625.1_WP_023305471.1	30.000	83	86	96	80	51	2	2	81	10	84	5.42e-26	96.9
tr|A0A063KWA5|Release	GCF_009938205.1_WP_075706454.1	40.741	83	82	98	81	48	0	1	81	1	81	5.87e-26	96.6
tr|A0A063KWA5|Release	GCF_000224675.1_WP_010426685.1	28.750	83	86	96	80	52	2	2	81	10	84	6.15e-26	96.6
tr|A0A063KWA5|Release	GCF_002393445.1_WP_061273728.1	28.049	83	86	99	82	54	2	2	83	10	86	6.25e-26	96.6
tr|A0A063KWA5|Release	GCF_001729805.1_WP_008501890.1	28.750	83	86	96	80	52	2	2	81	10	84	6.71e-26	96.6
tr|A0A063KWA5|Release	GCF_019670105.1_WP_040307707.1	43.210	83	81	98	81	46	0	1	81	1	81	7.50e-26	96.3
tr|A0A063KWA5|Release	GCF_007632255.1_WP_015368146.1	30.000	83	86	96	80	51	2	2	81	10	84	7.50e-26	96.6
tr|A0A063KWA5|Release	GCF_001750725.1_WP_014168720.1	28.750	83	86	96	80	52	2	2	81	10	84	8.25e-26	96.3
tr|A0A063KWA5|Release	GCF_023195735.1_WP_035891978.1	32.500	83	86	96	80	49	2	2	81	10	84	8.87e-26	96.3
tr|A0A063KWA5|Release	GCF_000214665.1_WP_013819542.1	35.443	83	83	95	79	50	1	2	80	6	83	9.03e-26	96.3
tr|A0A063KWA5|Release	GCF_006742785.1_WP_172630283.1	33.750	83	88	96	80	53	0	2	81	5	84	9.26e-26	96.3
tr|A0A063KWA5|Release	GCF_027886705.1_WP_061497537.1	31.250	83	86	96	80	50	2	2	81	10	84	9.37e-26	96.3
tr|A0A063KWA5|Release	GCF_001558255.2_WP_005504861.1	46.341	83	82	98	82	43	1	1	81	1	82	9.61e-26	96.1
tr|A0A063KWA5|Release	GCF_001658025.2_WP_007373243.1	31.250	83	86	96	80	50	2	2	81	10	84	9.99e-26	96.3
tr|A0A063KWA5|Release	GCF_024347035.1_WP_102941394.1	41.975	83	81	98	81	47	0	1	81	1	81	1.03e-25	96.1
tr|A0A063KWA5|Release	GCF_024347595.1_WP_176681244.1	51.852	83	83	98	81	39	0	1	81	1	81	1.08e-25	96.1
tr|A0A063KWA5|Release	GCF_001007875.1_WP_046858354.1	43.750	83	80	96	80	45	0	1	80	1	80	1.16e-25	96.1
tr|A0A063KWA5|Release	GCF_004684345.1_WP_135323069.1	31.250	83	86	96	80	50	2	2	81	10	84	1.18e-25	96.1
tr|A0A063KWA5|Release	GCF_003812345.1_WP_003018503.1	31.250	83	86	96	80	50	2	2	81	10	84	1.19e-25	96.1
tr|A0A063KWA5|Release	GCF_019047765.1_WP_040231149.1	26.582	83	89	95	79	58	0	2	80	10	88	1.22e-25	96.1
tr|A0A063KWA5|Release	GCF_025914095.1_WP_031518416.1	28.750	83	86	96	80	52	2	2	81	10	84	1.23e-25	96.1
tr|A0A063KWA5|Release	GCF_024347635.1_WP_139683960.1	50.000	83	83	99	82	41	0	1	82	1	82	1.26e-25	95.8
tr|A0A063KWA5|Release	GCF_009649915.1_WP_062772223.1	32.500	83	86	96	80	49	2	2	81	10	84	1.32e-25	95.8
tr|A0A063KWA5|Release	GCF_001995825.2_WP_017057338.1	48.780	83	83	99	82	42	0	1	82	1	82	1.42e-25	95.8
tr|A0A063KWA5|Release	GCF_024582835.1_WP_257083279.1	43.902	83	87	99	82	46	0	1	82	1	82	1.47e-25	95.8
tr|A0A063KWA5|Release	GCF_004353845.1_WP_103768334.1	30.000	83	86	96	80	51	2	2	81	10	84	1.47e-25	95.8
tr|A0A063KWA5|Release	GCF_900638065.1_WP_048212636.1	31.250	83	86	96	80	50	2	2	81	10	84	1.56e-25	95.8
tr|A0A063KWA5|Release	GCF_000009145.1_WP_041356315.1	33.333	83	90	98	81	54	0	1	81	5	85	1.60e-25	95.8
tr|A0A063KWA5|Release	GCF_024347455.1_WP_135458404.1	48.780	83	83	99	82	42	0	1	82	1	82	1.86e-25	95.5
tr|A0A063KWA5|Release	GCF_003935895.2_WP_110510858.1	29.268	83	86	99	82	53	2	2	83	10	86	1.93e-25	95.5
tr|A0A063KWA5|Release	GCF_024494545.1_WP_256384876.1	49.383	83	81	98	81	41	0	1	81	1	81	2.04e-25	95.2
tr|A0A063KWA5|Release	GCF_000091465.1_WP_004733849.1	48.780	83	83	99	82	42	0	1	82	1	82	2.20e-25	95.2
tr|A0A063KWA5|Release	GCF_018128425.1_WP_042289833.1	30.000	83	86	96	80	51	2	2	81	10	84	2.25e-25	95.2
tr|A0A063KWA5|Release	GCF_900635955.1_WP_126357486.1	28.049	83	86	99	82	54	2	2	83	10	86	2.34e-25	95.2
tr|A0A063KWA5|Release	GCF_021278985.1_WP_012904575.1	30.000	83	86	96	80	51	2	2	81	10	84	2.49e-25	95.2
tr|A0A063KWA5|Release	GCF_009363135.1_WP_090122691.1	30.000	83	86	96	80	51	2	2	81	10	84	2.51e-25	95.2
tr|A0A063KWA5|Release	GCF_004328865.1_WP_104643907.1	90.361	83	83	100	83	8	0	1	83	1	83	2.72e-25	94.9
tr|A0A063KWA5|Release	GCF_024362845.1_WP_255230807.1	45.000	83	82	96	80	44	0	1	80	1	80	2.81e-25	94.9
tr|A0A063KWA5|Release	GCF_012767755.2_WP_173171843.1	25.610	83	90	99	82	61	0	2	83	7	88	2.92e-25	95.2
tr|A0A063KWA5|Release	GCF_000240185.1_YP_005225236.1	30.000	83	86	96	80	51	2	2	81	10	84	3.40e-25	94.9
tr|A0A063KWA5|Release	GCF_014879975.1_WP_192888672.1	51.220	83	83	99	82	40	0	1	82	1	82	3.57e-25	94.7
tr|A0A063KWA5|Release	GCF_001558935.2_WP_042323659.1	30.000	83	86	96	80	51	2	2	81	10	84	3.71e-25	94.7
tr|A0A063KWA5|Release	GCF_017329545.1_WP_047884589.1	32.051	83	95	94	78	53	0	2	79	8	85	4.13e-25	94.9
tr|A0A063KWA5|Release	GCF_024347655.1_WP_060467732.1	50.000	83	83	96	80	40	0	1	80	1	80	4.15e-25	94.7
tr|A0A063KWA5|Release	GCF_009648935.1_WP_047417117.1	30.000	83	86	96	80	51	2	2	81	10	84	5.13e-25	94.4
tr|A0A063KWA5|Release	GCF_000439255.1_WP_000062328.1	31.250	83	86	96	80	50	2	2	81	10	84	5.13e-25	94.4
tr|A0A063KWA5|Release	GCF_001277255.1_WP_007666633.1	30.000	83	86	96	80	51	2	2	81	10	84	5.51e-25	94.4
tr|A0A063KWA5|Release	GCF_003019925.1_WP_162185254.1	29.268	83	86	99	82	53	2	2	83	10	86	5.74e-25	94.4
tr|A0A063KWA5|Release	GCF_002953195.1_WP_038628016.1	27.500	83	87	96	80	53	2	2	81	10	84	5.98e-25	94.4
tr|A0A063KWA5|Release	GCF_000233595.1_WP_013024706.1	24.390	83	86	99	82	57	2	2	83	10	86	6.26e-25	94.1
tr|A0A063KWA5|Release	GCF_022637515.1_WP_064539750.1	28.750	83	86	96	80	52	2	2	81	10	84	6.41e-25	94.1
tr|A0A063KWA5|Release	GCF_020079945.1_WP_039382769.1	30.000	83	87	96	80	51	2	2	81	10	84	7.07e-25	94.1
tr|A0A063KWA5|Release	GCF_003261575.2_WP_110272453.1	31.250	83	86	96	80	50	2	2	81	10	84	7.28e-25	94.1
tr|A0A063KWA5|Release	GCF_001456255.1_WP_020335096.1	40.741	83	81	98	81	48	0	1	81	1	81	7.39e-25	93.8
tr|A0A063KWA5|Release	GCF_000010085.1_WP_011411656.1	29.268	83	86	99	82	53	2	2	83	10	86	7.46e-25	94.1
tr|A0A063KWA5|Release	GCF_013234275.1_WP_172895488.1	27.500	83	86	96	80	53	2	2	81	10	84	7.57e-25	94.1
tr|A0A063KWA5|Release	GCF_021276285.1_WP_095923198.1	30.488	83	86	99	82	52	2	2	83	10	86	7.82e-25	93.8
tr|A0A063KWA5|Release	GCF_003812925.1_WP_004107903.1	30.000	83	86	96	80	51	2	2	81	10	84	8.07e-25	93.8
tr|A0A063KWA5|Release	GCF_025758125.1_WP_023480196.1	28.750	83	86	96	80	52	2	2	81	10	84	8.20e-25	93.8
tr|A0A063KWA5|Release	GCF_000517425.1_WP_025421126.1	29.268	83	86	99	82	53	2	2	83	10	86	8.33e-25	93.8
tr|A0A063KWA5|Release	GCF_012029655.1_WP_041144145.1	31.250	83	86	96	80	50	2	2	81	10	84	8.47e-25	93.8
tr|A0A063KWA5|Release	GCF_024224615.1_WP_125293588.1	27.500	83	86	96	80	53	2	2	81	10	84	8.88e-25	93.8
tr|A0A063KWA5|Release	GCF_022637475.1_WP_013574214.1	29.268	83	86	99	82	53	2	2	83	10	86	9.31e-25	93.8
tr|A0A063KWA5|Release	GCF_018139045.1_WP_004129134.1	30.000	83	86	96	80	51	2	2	81	10	84	9.77e-25	93.8
tr|A0A063KWA5|Release	GCF_019670705.1_WP_100146025.1	22.222	83	92	98	81	63	0	2	82	7	87	1.08e-24	93.8
tr|A0A063KWA5|Release	GCF_022637595.1_WP_004858152.1	30.000	83	86	96	80	51	2	2	81	10	84	1.14e-24	93.5
tr|A0A063KWA5|Release	GCF_900233005.1_WP_102521318.1	46.914	83	81	98	81	43	0	1	81	1	81	1.14e-24	93.5
tr|A0A063KWA5|Release	GCF_006711645.1_WP_100682484.1	30.000	83	86	96	80	51	2	2	81	10	84	1.18e-24	93.5
tr|A0A063KWA5|Release	GCF_000238395.3_WP_010553578.1	97.590	83	83	100	83	2	0	1	83	1	83	1.18e-24	93.5
tr|A0A063KWA5|Release	GCF_019890955.1_WP_211725887.1	30.000	83	87	96	80	51	2	2	81	10	84	1.23e-24	93.5
tr|A0A063KWA5|Release	GCF_014524625.1_WP_009050814.1	20.732	83	92	99	82	65	0	2	83	7	88	1.24e-24	93.5
tr|A0A063KWA5|Release	GCF_017354925.1_WP_207321174.1	28.395	83	87	98	81	58	0	2	82	7	87	1.26e-24	93.5
tr|A0A063KWA5|Release	GCF_000018045.1_WP_024130681.1	30.000	83	86	96	80	51	2	2	81	10	84	1.29e-24	93.3
tr|A0A063KWA5|Release	GCF_015139575.1_WP_004098776.1	30.000	83	86	96	80	51	2	2	81	10	84	1.41e-24	93.3
tr|A0A063KWA5|Release	GCF_009730655.1_WP_156020461.1	22.222	83	92	98	81	63	0	2	82	7	87	1.46e-24	93.3
tr|A0A063KWA5|Release	GCF_017915135.1_WP_210390879.1	24.390	83	90	99	82	62	0	2	83	7	88	1.50e-24	93.3
tr|A0A063KWA5|Release	GCF_005877035.1_WP_039486662.1	97.590	83	83	100	83	2	0	1	83	1	83	1.53e-24	93.3
tr|A0A063KWA5|Release	GCF_000770115.1_WP_069687890.1	41.250	83	81	96	80	47	0	1	80	1	80	1.55e-24	93.0
tr|A0A063KWA5|Release	GCF_002163605.1_WP_157665988.1	30.000	83	86	96	80	51	2	2	81	10	84	1.56e-24	93.3
tr|A0A063KWA5|Release	GCF_001277195.1_WP_032966924.1	28.750	83	86	96	80	52	2	2	81	10	84	1.59e-24	93.3
tr|A0A063KWA5|Release	GCF_001831495.1_WP_068547707.1	51.852	83	81	98	81	39	0	1	81	1	81	1.61e-24	93.0
tr|A0A063KWA5|Release	GCF_001277175.1_WP_007760020.1	27.500	83	86	96	80	53	2	2	81	10	84	1.61e-24	93.3
tr|A0A063KWA5|Release	GCF_004124235.1_WP_025377303.1	28.395	83	86	98	81	53	2	2	82	10	85	1.64e-24	93.3
tr|A0A063KWA5|Release	GCF_002101395.1_WP_085067900.1	30.000	83	87	96	80	51	2	2	81	10	84	1.69e-24	93.0
tr|A0A063KWA5|Release	GCF_000834395.1_WP_042546713.1	28.395	83	86	98	81	53	2	2	82	10	85	1.79e-24	93.0
tr|A0A063KWA5|Release	GCF_000006945.2_NP_459242.1	31.250	83	86	96	80	50	2	2	81	10	84	1.83e-24	93.0
tr|A0A063KWA5|Release	GCF_012767755.2_WP_173176508.1	22.785	83	91	95	79	58	1	4	82	9	84	1.85e-24	93.0
tr|A0A063KWA5|Release	GCF_000015245.1_WP_011761423.1	25.316	83	86	95	79	59	0	2	80	7	85	1.86e-24	93.0
tr|A0A063KWA5|Release	GCF_000222975.1_WP_002218374.1	28.395	83	86	98	81	53	2	2	82	10	85	1.95e-24	93.0
tr|A0A063KWA5|Release	GCF_002906475.1_WP_012130247.1	37.500	83	81	96	80	50	0	1	80	1	80	2.01e-24	92.7
tr|A0A063KWA5|Release	GCF_002355475.1_WP_003455993.1	23.171	83	90	99	82	63	0	2	83	5	86	2.03e-24	93.0
tr|A0A063KWA5|Release	GCF_023517775.1_WP_249893541.1	30.000	83	87	96	80	51	2	2	81	10	84	2.08e-24	93.0
tr|A0A063KWA5|Release	GCF_003668795.1_WP_054981706.1	80.723	83	83	100	83	16	0	1	83	1	83	2.17e-24	92.7
tr|A0A063KWA5|Release	GCF_013282725.1_WP_032813813.1	27.160	83	86	98	81	54	2	2	82	10	85	2.21e-24	92.7
tr|A0A063KWA5|Release	GCF_011617105.1_WP_025800203.1	30.000	83	86	96	80	51	2	2	81	10	84	2.21e-24	92.7
tr|A0A063KWA5|Release	GCF_000026185.1_WP_012440659.1	27.500	83	87	96	80	53	2	2	81	10	84	2.22e-24	92.7
tr|A0A063KWA5|Release	GCF_001277215.2_WP_007776988.1	27.500	83	86	96	80	53	2	2	81	10	84	2.25e-24	92.7
tr|A0A063KWA5|Release	GCF_001007935.1_WP_046849946.1	28.750	83	84	96	80	57	0	1	80	5	84	2.39e-24	92.7
tr|A0A063KWA5|Release	GCF_017354965.1_WP_207380278.1	28.395	83	87	98	81	58	0	2	82	7	87	2.62e-24	92.7
tr|A0A063KWA5|Release	GCF_000024825.1_WP_005460845.1	41.975	83	81	98	81	47	0	1	81	1	81	2.68e-24	92.4
tr|A0A063KWA5|Release	GCF_011068345.1_WP_002436992.1	27.500	83	86	96	80	53	2	2	81	10	84	2.74e-24	92.4
tr|A0A063KWA5|Release	GCF_002221525.1_WP_089349457.1	83.133	83	83	100	83	14	0	1	83	1	83	2.86e-24	92.4
tr|A0A063KWA5|Release	GCF_016834455.1_WP_203325205.1	25.316	83	86	95	79	59	0	2	80	7	85	3.02e-24	92.4
tr|A0A063KWA5|Release	GCF_900095885.1_WP_035340381.1	23.750	83	86	96	80	56	2	2	81	10	84	3.29e-24	92.4
tr|A0A063KWA5|Release	GCF_000834455.1_WP_032817050.1	28.395	83	86	98	81	53	2	2	82	10	85	3.43e-24	92.4
tr|A0A063KWA5|Release	GCF_000025065.1_WP_012883679.1	27.500	83	86	96	80	53	2	2	81	10	84	3.43e-24	92.4
tr|A0A063KWA5|Release	GCF_002021755.1_WP_005434844.1	38.750	83	81	96	80	49	0	1	80	1	80	3.45e-24	92.1
tr|A0A063KWA5|Release	GCF_000772105.1_WP_004748349.1	45.000	83	81	96	80	44	0	1	80	1	80	3.51e-24	92.1
tr|A0A063KWA5|Release	GCF_011044475.1_WP_033740322.1	24.390	83	86	99	82	57	2	2	83	10	86	3.74e-24	92.1
tr|A0A063KWA5|Release	GCF_019669905.1_WP_054759186.1	27.848	83	79	95	79	53	1	2	80	5	79	4.07e-24	91.8
tr|A0A063KWA5|Release	GCF_024347495.1_WP_137371745.1	47.500	83	80	96	80	42	0	1	80	1	80	5.25e-24	91.8
tr|A0A063KWA5|Release	GCF_009730055.1_WP_032906500.1	28.395	83	86	98	81	53	2	2	82	10	85	5.98e-24	91.6
tr|A0A063KWA5|Release	GCF_000023565.1_WP_012770818.1	27.500	83	86	96	80	53	2	2	81	10	84	6.22e-24	91.6
tr|A0A063KWA5|Release	GCF_019844095.1_WP_062747070.1	25.000	83	88	96	80	55	2	2	81	11	85	6.34e-24	91.6
tr|A0A063KWA5|Release	GCF_004792415.1_WP_013356856.1	21.951	83	86	99	82	59	2	2	83	10	86	6.79e-24	91.6
tr|A0A063KWA5|Release	GCF_020683125.1_WP_133842177.1	25.000	83	88	96	80	55	2	2	81	11	85	6.92e-24	91.6
tr|A0A063KWA5|Release	GCF_025133195.1_WP_032910235.1	28.395	83	86	98	81	53	2	2	82	10	85	7.41e-24	91.6
tr|A0A063KWA5|Release	GCF_000520015.2_WP_024910172.1	27.500	83	87	96	80	53	2	2	81	10	84	8.10e-24	91.3
tr|A0A063KWA5|Release	GCF_009914055.1_WP_160619715.1	27.500	83	87	96	80	53	2	2	81	10	84	8.49e-24	91.3
tr|A0A063KWA5|Release	GCF_008807375.1_WP_151133519.1	23.171	83	90	99	82	63	0	2	83	5	86	8.75e-24	91.3
tr|A0A063KWA5|Release	GCF_024360925.2_WP_255188929.1	31.646	83	83	95	79	53	1	2	80	6	83	1.01e-23	91.0
tr|A0A063KWA5|Release	GCF_012427845.1_WP_012773648.1	26.250	83	86	96	80	54	2	2	81	10	84	1.02e-23	91.0
tr|A0A063KWA5|Release	GCF_021029445.1_WP_230924827.1	25.926	83	89	98	81	59	1	2	82	7	86	1.14e-23	91.0
tr|A0A063KWA5|Release	GCF_002288545.1_WP_029367608.1	26.250	83	86	96	80	54	2	2	81	10	84	1.21e-23	91.0
tr|A0A063KWA5|Release	GCF_020150375.1_WP_004094310.1	28.750	83	86	96	80	52	2	2	81	10	84	1.23e-23	91.0
tr|A0A063KWA5|Release	GCF_007858975.2_WP_042869176.1	27.500	83	86	96	80	53	2	2	81	10	84	1.44e-23	90.7
tr|A0A063KWA5|Release	GCF_001642805.2_WP_004931991.1	27.500	83	87	96	80	53	2	2	81	10	84	1.46e-23	90.7
tr|A0A063KWA5|Release	GCF_021462285.1_WP_234585968.1	27.500	83	87	96	80	53	2	2	81	10	84	1.67e-23	90.4
tr|A0A063KWA5|Release	GCF_022647505.1_WP_128179458.1	27.500	83	87	96	80	53	2	2	81	10	84	1.76e-23	90.4
tr|A0A063KWA5|Release	GCF_016026735.1_WP_015673540.1	27.500	83	87	96	80	53	2	2	81	10	84	1.89e-23	90.4
tr|A0A063KWA5|Release	GCF_019670485.1_WP_221071211.1	42.500	83	81	96	80	46	0	1	80	1	80	1.94e-23	90.2
tr|A0A063KWA5|Release	GCF_013423785.1_WP_180308358.1	28.750	83	88	96	80	56	1	2	81	10	88	2.11e-23	90.4
tr|A0A063KWA5|Release	GCF_009817885.1_WP_105232289.1	27.500	83	87	96	80	53	2	2	81	10	84	2.17e-23	90.2
tr|A0A063KWA5|Release	GCF_017498685.1_WP_038245151.1	27.160	83	86	98	81	54	2	2	82	10	85	2.27e-23	90.2
tr|A0A063KWA5|Release	GCF_020342335.1_WP_067428135.1	25.000	83	87	96	80	55	2	2	81	10	84	2.39e-23	90.2
tr|A0A063KWA5|Release	GCF_020181655.1_WP_225087160.1	25.000	83	86	96	80	55	2	2	81	10	84	2.42e-23	90.2
tr|A0A063KWA5|Release	GCF_024347675.1_WP_261835500.1	45.679	83	81	98	81	44	0	1	81	1	81	2.48e-23	89.9
tr|A0A063KWA5|Release	GCF_009873295.1_WP_039312412.1	26.250	83	86	96	80	54	2	2	81	10	84	2.52e-23	90.2
tr|A0A063KWA5|Release	GCF_005484945.1_WP_137712817.1	26.250	83	86	96	80	54	2	2	81	10	84	2.75e-23	89.9
tr|A0A063KWA5|Release	GCF_019797845.1_WP_222158377.1	30.000	83	86	96	80	51	2	2	81	10	84	2.88e-23	89.9
tr|A0A063KWA5|Release	GCF_000262305.1_WP_002441069.1	27.500	83	86	96	80	53	2	2	81	10	84	3.05e-23	89.9
tr|A0A063KWA5|Release	GCF_000264765.2_WP_034163237.1	26.250	83	86	96	80	54	2	2	81	10	84	3.14e-23	89.9
tr|A0A063KWA5|Release	GCF_900187015.1_WP_061796701.1	26.250	83	87	96	80	54	2	2	81	10	84	3.18e-23	89.9
tr|A0A063KWA5|Release	GCF_000196615.1_WP_013200864.1	26.250	83	87	96	80	54	2	2	81	10	84	3.18e-23	89.9
tr|A0A063KWA5|Release	GCF_001999225.1_WP_077537996.1	71.951	83	82	99	82	23	0	1	82	1	82	3.36e-23	89.6
tr|A0A063KWA5|Release	GCF_015999465.1_WP_085688159.1	23.750	83	86	96	80	56	2	2	81	10	84	3.49e-23	89.6
tr|A0A063KWA5|Release	GCF_019048385.1_WP_062759648.1	23.171	83	86	99	82	58	2	2	83	10	86	3.54e-23	89.6
tr|A0A063KWA5|Release	GCF_003515985.1_WP_085653101.1	25.000	83	86	96	80	55	2	2	81	10	84	3.63e-23	89.6
tr|A0A063KWA5|Release	GCF_009931295.1_WP_161528353.1	26.250	83	86	96	80	54	2	2	81	10	84	4.05e-23	89.6
tr|A0A063KWA5|Release	GCF_009363415.1_WP_152430616.1	37.037	83	84	98	81	51	0	1	81	1	81	4.24e-23	89.6
tr|A0A063KWA5|Release	GCF_021733145.1_WP_012847629.1	25.000	83	86	96	80	55	2	2	81	10	84	4.50e-23	89.3
tr|A0A063KWA5|Release	GCF_013460135.1_WP_180816665.1	31.250	83	88	96	80	50	2	2	81	10	84	4.66e-23	89.3
tr|A0A063KWA5|Release	GCF_019977755.1_WP_126608378.1	30.233	83	103	96	86	54	1	1	80	15	100	5.36e-23	89.6
tr|A0A063KWA5|Release	GCF_002812485.1_WP_038661467.1	26.250	83	86	96	80	54	2	2	81	10	84	5.71e-23	89.3
tr|A0A063KWA5|Release	GCF_003258315.1_WP_111337788.1	30.488	83	88	99	82	57	0	1	82	5	86	5.77e-23	89.3
tr|A0A063KWA5|Release	GCF_000740965.1_WP_011092648.1	26.250	83	86	96	80	54	2	2	81	10	84	6.13e-23	89.0
tr|A0A063KWA5|Release	GCF_000023545.1_WP_015854637.1	23.750	83	86	96	80	56	2	2	81	10	84	6.13e-23	89.0
tr|A0A063KWA5|Release	GCF_000517405.1_WP_038469034.1	28.049	83	83	99	82	54	2	2	83	7	83	6.34e-23	89.0
tr|A0A063KWA5|Release	GCF_006364355.1_WP_004727652.1	36.145	83	83	100	83	53	0	1	83	1	83	6.71e-23	89.0
tr|A0A063KWA5|Release	GCF_009646115.1_WP_008925644.1	21.951	83	86	99	82	59	2	2	83	10	86	6.80e-23	89.0
tr|A0A063KWA5|Release	GCF_017569925.1_WP_208228065.1	26.250	83	86	96	80	54	2	2	81	10	84	6.85e-23	89.0
tr|A0A063KWA5|Release	GCF_002887615.1_WP_038869703.1	36.250	83	81	96	80	51	0	1	80	1	80	7.42e-23	88.8
tr|A0A063KWA5|Release	GCF_002157895.1_WP_227874980.1	41.975	83	82	98	81	47	0	1	81	2	82	7.61e-23	88.8
tr|A0A063KWA5|Release	GCF_004768525.1_WP_026822068.1	28.750	83	88	96	80	52	2	2	81	10	84	9.68e-23	88.8
tr|A0A063KWA5|Release	GCF_024346675.1_WP_048897676.1	26.582	83	86	95	79	58	0	2	80	8	86	9.95e-23	88.5
tr|A0A063KWA5|Release	GCF_000147055.1_WP_022632468.1	26.250	83	86	96	80	54	2	2	81	10	84	1.17e-22	88.5
tr|A0A063KWA5|Release	GCF_000019525.1_WP_012323084.1	36.250	83	81	96	80	51	0	1	80	1	80	1.22e-22	88.2
tr|A0A063KWA5|Release	GCF_001742185.1_WP_005975933.1	26.250	83	86	96	80	54	2	2	81	10	84	1.26e-22	88.2
tr|A0A063KWA5|Release	GCF_003403135.1_WP_024104894.1	27.500	83	86	96	80	53	2	2	81	10	84	1.38e-22	88.2
tr|A0A063KWA5|Release	GCF_000214235.1_WP_004952197.1	23.750	83	85	96	80	56	2	2	81	8	82	1.69e-22	87.9
tr|A0A063KWA5|Release	GCF_000148645.1_WP_013347076.1	38.462	83	80	94	78	48	0	4	81	3	80	1.85e-22	87.9
tr|A0A063KWA5|Release	GCF_002291445.1_WP_048635886.1	25.000	83	86	96	80	55	2	2	81	10	84	1.92e-22	87.9
tr|A0A063KWA5|Release	GCF_011045835.1_WP_075671674.1	24.390	83	86	99	82	57	2	2	83	10	86	2.13e-22	87.6
tr|A0A063KWA5|Release	GCF_020268605.1_WP_180560445.1	28.750	83	88	96	80	52	2	2	81	10	84	2.43e-22	87.6
tr|A0A063KWA5|Release	GCF_003992745.1_WP_014700896.1	25.000	83	86	96	80	55	2	2	81	10	84	3.00e-22	87.3
tr|A0A063KWA5|Release	GCF_022647325.1_WP_111140597.1	23.171	83	86	99	82	58	2	2	83	10	86	3.03e-22	87.3
tr|A0A063KWA5|Release	GCF_000091565.1_WP_004159420.1	27.500	83	87	96	80	53	2	2	81	10	84	3.15e-22	87.3
tr|A0A063KWA5|Release	GCF_000014765.1_WP_011633385.1	29.630	83	89	98	81	57	0	2	82	5	85	3.32e-22	87.3
tr|A0A063KWA5|Release	GCF_001431725.1_WP_021820278.1	34.568	83	81	98	81	53	0	1	81	1	81	3.44e-22	87.1
tr|A0A063KWA5|Release	GCF_001006005.1_WP_223499701.1	26.250	83	85	96	80	54	2	2	81	8	82	3.51e-22	87.1
tr|A0A063KWA5|Release	GCF_000261045.2_WP_006318653.1	23.750	83	87	96	80	56	2	2	81	10	84	4.10e-22	87.1
tr|A0A063KWA5|Release	GCF_000069965.1_WP_004245453.1	23.171	83	86	99	82	58	2	2	83	10	86	4.19e-22	87.1
tr|A0A063KWA5|Release	GCF_022369495.1_WP_072064250.1	24.390	83	86	99	82	57	2	2	83	10	86	4.22e-22	87.1
tr|A0A063KWA5|Release	GCF_008931805.1_WP_019441510.1	54.321	83	81	98	81	37	0	1	81	1	81	4.47e-22	86.8
tr|A0A063KWA5|Release	GCF_001010285.1_WP_046974061.1	25.000	83	88	96	80	55	2	2	81	10	84	4.48e-22	87.1
tr|A0A063KWA5|Release	GCF_008364325.2_WP_230090436.1	25.000	83	85	96	80	55	2	2	81	8	82	4.90e-22	86.8
tr|A0A063KWA5|Release	GCF_002005305.1_WP_077753428.1	20.988	83	86	98	81	64	0	1	81	6	86	5.07e-22	86.8
tr|A0A063KWA5|Release	GCF_002504285.1_WP_005282992.1	23.750	83	86	96	80	56	2	2	81	10	84	5.19e-22	86.8
tr|A0A063KWA5|Release	GCF_029457395.1_WP_024766443.1	20.482	83	92	95	83	62	2	4	82	9	91	5.26e-22	86.8
tr|A0A063KWA5|Release	GCF_000016065.1_WP_011864074.1	21.951	83	93	99	82	63	1	1	82	6	86	5.27e-22	86.8
tr|A0A063KWA5|Release	GCF_009831665.3_WP_006709226.1	22.500	83	87	96	80	57	2	2	81	10	84	6.15e-22	86.5
tr|A0A063KWA5|Release	GCF_000196475.1_WP_012776850.1	25.000	83	88	96	80	55	2	2	81	10	84	6.99e-22	86.5
tr|A0A063KWA5|Release	GCF_900638135.1_WP_012146468.1	23.750	83	87	96	80	56	2	2	81	10	84	7.04e-22	86.5
tr|A0A063KWA5|Release	GCF_020541225.1_WP_226811316.1	28.049	83	86	99	82	54	2	2	83	10	86	8.77e-22	86.2
tr|A0A063KWA5|Release	GCF_000146165.2_WP_164925808.1	25.000	83	89	100	84	62	1	1	83	6	89	9.03e-22	86.2
tr|A0A063KWA5|Release	GCF_000196155.1_WP_011145066.1	22.222	83	88	98	81	58	2	2	82	10	85	9.09e-22	86.2
tr|A0A063KWA5|Release	GCF_000968535.2_WP_014147785.1	31.250	83	84	96	80	54	1	2	81	6	84	9.77e-22	85.9
tr|A0A063KWA5|Release	GCF_005931095.1_WP_017839868.1	31.250	83	84	96	80	54	1	2	81	6	84	1.04e-21	85.9
tr|A0A063KWA5|Release	GCF_012295615.1_WP_007018284.1	37.037	83	81	98	81	51	0	1	81	1	81	1.10e-21	85.9
tr|A0A063KWA5|Release	GCF_002291425.1_WP_095847471.1	27.500	83	87	96	80	53	2	2	81	10	84	1.12e-21	85.9
tr|A0A063KWA5|Release	GCF_012971725.1_WP_169940133.1	20.482	83	92	95	83	62	2	4	82	9	91	1.17e-21	85.9
tr|A0A063KWA5|Release	GCF_008033135.1_WP_148717358.1	21.795	83	87	94	78	60	1	2	79	7	83	1.18e-21	85.9
tr|A0A063KWA5|Release	GCF_001455205.1_WP_062560013.1	36.250	83	84	96	80	50	1	2	81	6	84	1.19e-21	85.7
tr|A0A063KWA5|Release	GCF_000014885.1_WP_020912292.1	25.000	83	87	96	80	60	0	2	81	7	86	1.45e-21	85.7
tr|A0A063KWA5|Release	GCF_902387845.1_WP_004237241.1	32.500	83	88	96	80	49	2	2	81	10	84	1.52e-21	85.7
tr|A0A063KWA5|Release	GCF_019090985.1_WP_036781226.1	22.500	83	88	96	80	57	2	2	81	10	84	1.62e-21	85.7
tr|A0A063KWA5|Release	GCF_017348915.1_WP_040077077.1	30.000	83	86	96	80	51	2	2	81	10	84	1.78e-21	85.4
tr|A0A063KWA5|Release	GCF_016026395.1_WP_024524235.1	23.750	83	86	96	80	56	2	2	81	10	84	1.97e-21	85.4
tr|A0A063KWA5|Release	GCF_029277985.1_WP_154623766.1	23.457	83	87	98	81	57	2	2	82	10	85	2.01e-21	85.4
tr|A0A063KWA5|Release	GCF_000968195.1_WP_045972480.1	26.250	83	87	96	80	54	2	2	81	11	85	2.09e-21	85.1
tr|A0A063KWA5|Release	GCF_005484965.1_WP_009114129.1	25.000	83	86	96	80	55	2	2	81	10	84	2.54e-21	85.1
tr|A0A063KWA5|Release	GCF_002849875.1_WP_232379112.1	40.244	83	113	95	82	46	1	2	80	32	113	2.81e-21	85.4
tr|A0A063KWA5|Release	GCF_000968175.1_WP_045959360.1	26.250	83	88	96	80	54	2	2	81	11	85	4.52e-21	84.3
tr|A0A063KWA5|Release	GCF_025946765.1_WP_264497926.1	23.750	83	86	96	80	56	2	2	81	10	84	4.69e-21	84.3
tr|A0A063KWA5|Release	GCF_002843235.3_WP_102139922.1	23.750	83	87	96	80	56	2	2	81	10	84	5.13e-21	84.3
tr|A0A063KWA5|Release	GCF_004295645.1_WP_228350951.1	27.500	83	88	96	80	53	2	2	81	11	85	5.65e-21	84.3
tr|A0A063KWA5|Release	GCF_002952315.1_WP_012667243.1	23.750	83	87	96	80	56	2	2	81	10	84	6.20e-21	84.0
tr|A0A063KWA5|Release	GCF_019047765.1_WP_040230035.1	31.250	83	86	96	80	50	2	2	81	10	84	6.24e-21	84.0
tr|A0A063KWA5|Release	GCF_003204135.1_WP_004908806.1	23.750	83	87	96	80	56	2	2	81	10	84	7.56e-21	83.7
tr|A0A063KWA5|Release	GCF_004116975.1_WP_064720954.1	23.171	83	86	99	82	58	2	2	83	10	86	8.92e-21	83.7
tr|A0A063KWA5|Release	GCF_022592395.1_WP_047255099.1	21.250	83	87	96	80	58	2	2	81	10	84	9.01e-21	83.7
tr|A0A063KWA5|Release	GCF_003096015.2_WP_230514010.1	26.250	83	88	96	80	54	2	2	81	11	85	9.77e-21	83.4
tr|A0A063KWA5|Release	GCF_002393505.1_WP_006658392.1	25.000	83	87	96	80	55	2	2	81	10	84	1.36e-20	83.1
tr|A0A063KWA5|Release	GCF_900475855.1_WP_068441311.1	23.750	83	87	96	80	56	2	2	81	10	84	1.49e-20	83.1
tr|A0A063KWA5|Release	GCF_021365465.1_WP_016190321.1	28.750	83	87	96	80	52	2	2	81	10	84	1.55e-20	83.1
tr|A0A063KWA5|Release	GCF_024746855.1_WP_260492542.1	40.000	83	79	96	80	47	1	1	80	1	79	1.66e-20	82.8
tr|A0A063KWA5|Release	GCF_017743015.1_WP_209027287.1	27.500	83	88	96	80	53	2	2	81	10	84	2.00e-20	82.8
tr|A0A063KWA5|Release	GCF_003025345.2_WP_003155955.1	26.190	83	91	95	84	57	1	2	80	7	90	2.61e-20	82.6
tr|A0A063KWA5|Release	GCF_003074995.2_WP_015870269.1	24.051	83	86	95	79	55	2	2	80	10	83	2.65e-20	82.3
tr|A0A063KWA5|Release	GCF_019797925.1_WP_193521737.1	37.037	83	80	98	81	50	1	1	81	1	80	2.73e-20	82.3
tr|A0A063KWA5|Release	GCF_014295015.1_WP_013185414.1	26.250	83	87	96	80	54	2	2	81	11	85	2.90e-20	82.3
tr|A0A063KWA5|Release	GCF_008632455.1_WP_150048082.1	33.750	83	84	96	80	52	1	2	81	6	84	2.95e-20	82.3
tr|A0A063KWA5|Release	GCF_900638655.1_WP_047781753.1	27.500	83	88	96	80	53	2	2	81	11	85	3.22e-20	82.3
tr|A0A063KWA5|Release	GCF_016026875.1_WP_045525981.1	19.753	83	89	98	81	60	3	2	82	7	82	6.85e-20	81.4
tr|A0A063KWA5|Release	GCF_900478135.1_WP_111739359.1	25.000	83	88	96	80	55	2	2	81	11	85	7.35e-20	81.4
tr|A0A063KWA5|Release	GCF_019703835.1_WP_087020305.1	29.114	83	79	95	79	52	1	4	82	3	77	8.37e-20	80.9
tr|A0A063KWA5|Release	GCF_000019185.1_WP_012277931.1	37.000	83	100	98	100	44	1	1	81	1	100	9.41e-20	81.2
tr|A0A063KWA5|Release	GCF_001677435.1_WP_068615618.1	24.390	83	90	99	82	61	1	2	83	9	89	1.16e-19	80.9
tr|A0A063KWA5|Release	GCF_001721185.1_WP_069317984.1	23.750	83	87	96	80	56	2	2	81	10	84	1.37e-19	80.6
tr|A0A063KWA5|Release	GCF_020405345.1_WP_017780573.1	19.753	83	89	98	81	60	3	2	82	7	82	2.00e-19	80.3
tr|A0A063KWA5|Release	GCF_000785705.2_WP_036272019.1	31.646	83	82	95	79	52	2	2	80	6	82	2.51e-19	79.7
tr|A0A063KWA5|Release	GCF_003568825.1_WP_040644076.1	27.711	83	83	96	83	57	1	1	80	1	83	2.52e-19	79.7
tr|A0A063KWA5|Release	GCF_005671395.1_WP_138095872.1	28.788	83	86	80	66	46	1	2	67	10	74	3.18e-19	79.7
tr|A0A063KWA5|Release	GCF_008364325.2_WP_020826409.1	24.051	83	84	95	79	57	1	2	80	7	82	1.11e-18	78.3
tr|A0A063KWA5|Release	GCF_026427595.1_WP_251812951.1	25.000	83	88	96	84	59	3	1	80	4	87	2.32e-18	77.5
tr|A0A063KWA5|Release	GCF_020149575.1_WP_224431657.1	19.512	83	85	99	82	61	3	2	83	7	83	2.84e-18	77.2
tr|A0A063KWA5|Release	GCF_020423125.1_WP_226170850.1	20.988	83	84	98	81	59	3	2	82	7	82	3.05e-18	77.2
tr|A0A063KWA5|Release	GCF_017638925.1_WP_208844867.1	34.615	83	81	94	78	50	1	1	78	1	77	3.14e-18	76.9
tr|A0A063KWA5|Release	GCF_028355655.1_WP_087756847.1	19.753	83	84	98	81	60	3	2	82	7	82	5.41e-18	76.4
tr|A0A063KWA5|Release	GCF_900637545.1_WP_042651794.1	20.988	83	84	98	81	59	3	2	82	7	82	1.01e-17	75.8
tr|A0A063KWA5|Release	GCF_004358345.1_WP_121852852.1	27.941	83	76	82	68	49	0	2	69	8	75	1.09e-17	75.5
tr|A0A063KWA5|Release	GCF_003990335.1_WP_127025819.1	24.658	83	91	88	73	54	1	1	73	5	76	1.98e-17	75.2
tr|A0A063KWA5|Release	GCF_003015165.1_WP_106887831.1	20.988	83	84	98	81	59	3	2	82	7	82	2.67e-17	74.7
tr|A0A063KWA5|Release	GCF_014169735.1_WP_134997272.1	18.519	83	86	98	81	61	3	2	82	7	82	2.74e-17	74.7
tr|A0A063KWA5|Release	GCF_007197555.1_WP_144048375.1	20.690	83	94	98	87	63	2	1	81	6	92	5.72e-17	74.1
tr|A0A063KWA5|Release	GCF_003515105.1_WP_036973086.1	25.373	83	73	81	67	50	0	2	68	6	72	5.76e-17	73.6
tr|A0A063KWA5|Release	GCF_008693705.1_WP_127008315.1	19.753	83	84	98	81	60	3	2	82	7	82	7.86e-17	73.6
tr|A0A063KWA5|Release	GCF_000147355.1_WP_013326989.1	40.909	83	67	80	66	39	0	15	80	1	66	1.88e-16	72.2
tr|A0A063KWA5|Release	GCF_000018285.1_WP_012155987.1	32.673	83	102	96	101	47	1	1	80	1	101	2.60e-16	72.4
tr|A0A063KWA5|Release	GCF_016026615.1_WP_197928313.1	19.753	83	89	98	81	60	3	2	82	7	82	3.30e-16	71.9
tr|A0A063KWA5|Release	GCF_016127195.1_WP_042032742.1	16.049	83	89	98	81	63	3	2	82	7	82	3.78e-16	71.9
tr|A0A063KWA5|Release	GCF_010093065.1_WP_238430213.1	15.942	83	83	80	69	52	2	2	67	11	76	1.07e-15	70.5
tr|A0A063KWA5|Release	GCF_001507645.1_WP_068195976.1	22.892	83	90	96	83	58	2	2	81	8	87	1.49e-15	70.5
tr|A0A063KWA5|Release	GCF_002215215.1_WP_088918776.1	28.916	83	101	99	83	56	3	2	83	20	100	2.00e-15	70.2
tr|A0A063KWA5|Release	GCF_001596155.1_WP_068342236.1	22.078	83	90	89	77	53	4	2	75	8	80	2.28e-15	69.9
tr|A0A063KWA5|Release	GCF_003966655.1_WP_113527441.1	20.000	83	77	84	70	55	1	2	71	8	76	5.51e-15	68.8
tr|A0A063KWA5|Release	GCF_020991025.1_WP_152109250.1	29.851	83	83	80	67	45	2	2	67	8	73	7.42e-15	68.5
tr|A0A063KWA5|Release	GCF_001020955.1_WP_047250467.1	15.493	83	82	82	71	57	2	2	69	10	80	7.60e-15	68.5
tr|A0A063KWA5|Release	GCF_003855395.1_WP_124730567.1	28.916	83	88	95	83	55	2	2	80	4	86	8.34e-15	68.5
tr|A0A063KWA5|Release	GCF_002157225.2_WP_086934278.1	26.389	83	80	87	72	52	1	1	72	4	74	1.14e-14	67.9
tr|A0A063KWA5|Release	GCF_003584645.1_WP_197716612.1	10.667	83	80	87	75	61	2	2	73	8	79	1.49e-14	67.7
tr|A0A063KWA5|Release	GCF_000788395.1_WP_038641921.1	31.507	83	85	87	73	48	2	2	73	5	76	2.33e-14	67.1
tr|A0A063KWA5|Release	GCF_002762215.1_WP_085750011.1	15.714	83	87	81	70	53	3	2	68	9	75	2.47e-14	67.1
tr|A0A063KWA5|Release	GCF_003063625.1_WP_108601906.1	31.944	83	85	87	72	48	1	1	72	4	74	2.80e-14	67.1
tr|A0A063KWA5|Release	GCF_004001245.1_WP_127478562.1	16.667	83	85	82	72	56	2	2	69	10	81	2.94e-14	67.1
tr|A0A063KWA5|Release	GCF_015209785.1_WP_193988300.1	23.438	83	73	77	64	49	0	2	65	6	69	3.21e-14	66.5
tr|A0A063KWA5|Release	GCF_013462805.1_WP_009566961.1	18.571	83	77	84	70	56	1	2	71	8	76	3.86e-14	66.5
tr|A0A063KWA5|Release	GCF_020511155.1_WP_226415657.1	27.381	83	87	96	84	57	2	1	80	4	87	4.74e-14	66.5
tr|A0A063KWA5|Release	GCF_020844025.1_WP_215848879.1	21.127	83	77	86	71	55	1	2	72	8	77	5.34e-14	66.2
tr|A0A063KWA5|Release	GCF_004028275.1_WP_128384077.1	16.438	83	77	84	73	58	2	2	71	3	75	6.06e-14	66.0
tr|A0A063KWA5|Release	GCF_000801295.1_WP_171816254.1	16.418	83	99	78	67	54	1	2	66	10	76	8.14e-14	66.0
tr|A0A063KWA5|Release	GCF_000014705.1_WP_011637758.1	26.506	83	88	95	83	57	2	2	80	4	86	9.70e-14	65.7
tr|A0A063KWA5|Release	GCF_013283835.1_WP_071626507.1	18.571	83	83	82	70	52	2	2	69	8	74	1.08e-13	65.4
tr|A0A063KWA5|Release	GCF_000940995.1_WP_082060442.1	21.429	83	93	84	70	55	0	10	79	16	85	1.14e-13	65.7
tr|A0A063KWA5|Release	GCF_010093065.1_WP_162331416.1	15.789	83	84	88	76	58	3	2	74	11	83	1.22e-13	65.4
tr|A0A063KWA5|Release	GCF_003149515.1_WP_109656005.1	17.333	83	90	87	75	56	2	2	73	8	79	1.36e-13	65.4
tr|A0A063KWA5|Release	GCF_024347195.1_WP_271272618.1	22.388	83	77	77	67	49	2	2	65	7	73	1.46e-13	65.1
tr|A0A063KWA5|Release	GCF_002218045.2_WP_089137819.1	28.986	83	79	80	69	46	1	2	67	9	77	1.66e-13	64.8
tr|A0A063KWA5|Release	GCF_013177675.1_WP_172128285.1	13.699	83	81	86	73	58	2	2	72	8	77	2.88e-13	64.3
tr|A0A063KWA5|Release	GCF_006337165.1_WP_139515111.1	18.310	83	82	80	71	49	3	2	67	8	74	3.46e-13	64.3
tr|A0A063KWA5|Release	GCF_004355185.1_WP_133271280.1	14.085	83	81	80	71	52	3	2	67	7	73	3.74e-13	64.0
tr|A0A063KWA5|Release	GCF_902810445.1_WP_197744199.1	23.611	83	78	83	72	49	3	2	70	7	75	3.95e-13	64.0
tr|A0A063KWA5|Release	GCF_000024005.1_WP_012793320.1	15.789	83	84	88	76	58	2	2	74	11	83	4.26e-13	64.0
tr|A0A063KWA5|Release	GCF_008728635.1_WP_151087836.1	21.519	83	90	92	79	55	4	2	77	8	82	4.87e-13	64.0
tr|A0A063KWA5|Release	GCF_022811645.1_WP_243511723.1	20.290	83	90	80	69	49	2	2	67	8	73	6.17e-13	63.7
tr|A0A063KWA5|Release	GCF_016613475.2_WP_200606805.1	15.714	83	90	81	70	53	2	2	68	11	77	7.77e-13	63.4
tr|A0A063KWA5|Release	GCF_027625995.1_WP_270126807.1	14.085	83	82	80	71	52	3	2	67	8	74	8.03e-13	63.2
tr|A0A063KWA5|Release	GCF_013137895.1_WP_135435790.1	14.085	83	83	80	71	52	3	2	67	9	75	8.29e-13	63.2
tr|A0A063KWA5|Release	GCF_003353065.1_WP_114983154.1	13.636	83	84	77	66	52	2	2	65	11	73	8.63e-13	63.2
tr|A0A063KWA5|Release	GCF_009755585.1_WP_157030071.1	15.942	83	85	80	69	52	2	2	67	8	73	8.64e-13	63.2
tr|A0A063KWA5|Release	GCF_000576555.1_WP_044000633.1	16.901	83	83	80	71	50	3	2	67	9	75	9.49e-13	63.2
tr|A0A063KWA5|Release	GCF_003955735.1_WP_126127786.1	10.959	83	91	84	73	59	3	2	71	12	81	1.28e-12	62.9
tr|A0A063KWA5|Release	GCF_000021985.1_WP_012639500.1	20.588	83	82	77	68	50	2	2	65	8	75	1.43e-12	62.6
tr|A0A063KWA5|Release	GCF_000212735.1_WP_013764159.1	14.474	83	83	88	76	59	2	2	74	10	82	1.49e-12	62.6
tr|A0A063KWA5|Release	GCF_002355735.1_WP_096359192.1	20.000	83	83	81	70	53	2	2	68	13	82	1.79e-12	62.3
tr|A0A063KWA5|Release	GCF_013201665.1_WP_128359868.1	16.667	83	81	84	72	55	2	2	71	8	76	1.94e-12	62.3
tr|A0A063KWA5|Release	GCF_000321415.2_WP_015260329.1	13.699	83	93	84	73	60	2	2	71	10	82	2.54e-12	62.3
tr|A0A063KWA5|Release	GCF_009662475.1_WP_031573754.1	23.288	83	79	88	73	55	1	2	74	8	79	2.55e-12	62.0
tr|A0A063KWA5|Release	GCF_013201725.1_WP_014475480.1	18.571	83	74	82	70	52	2	2	69	8	74	2.76e-12	61.7
tr|A0A063KWA5|Release	GCF_021654855.1_WP_237262080.1	29.412	83	70	78	68	45	1	2	66	3	70	3.04e-12	61.5
tr|A0A063KWA5|Release	GCF_013343005.1_WP_078482823.1	14.865	83	84	84	74	59	2	2	71	8	81	3.20e-12	61.7
tr|A0A063KWA5|Release	GCF_001651805.1_WP_067384150.1	22.059	83	78	77	68	49	3	2	65	7	74	3.29e-12	61.7
tr|A0A063KWA5|Release	GCF_000012805.1_WP_011330264.1	15.278	83	85	83	72	55	3	2	70	7	75	3.78e-12	61.5
tr|A0A063KWA5|Release	GCF_002142475.1_WP_026148861.1	15.493	83	86	82	71	54	2	2	69	7	74	4.44e-12	61.5
tr|A0A063KWA5|Release	GCF_003970675.1_WP_126615366.1	19.697	83	76	80	66	48	3	2	67	13	73	4.74e-12	61.2
tr|A0A063KWA5|Release	GCF_003967195.1_WP_172597571.1	17.333	83	83	86	75	58	3	2	72	9	83	5.40e-12	61.2
tr|A0A063KWA5|Release	GCF_002355415.1_WP_148665551.1	17.391	83	87	80	69	54	2	2	67	17	85	5.41e-12	61.2
tr|A0A063KWA5|Release	GCF_018736065.1_WP_144074266.1	19.118	83	76	82	68	50	3	2	69	13	75	5.55e-12	60.9
tr|A0A063KWA5|Release	GCF_004421105.1_WP_134356453.1	15.278	83	80	83	72	55	3	2	70	7	75	5.69e-12	60.9
tr|A0A063KWA5|Release	GCF_000026085.1_WP_041454550.1	22.388	83	73	80	67	50	2	2	67	6	71	6.26e-12	60.9
tr|A0A063KWA5|Release	GCF_004798725.1_WP_010811758.1	11.429	83	83	81	70	56	2	2	68	11	77	6.37e-12	60.9
tr|A0A063KWA5|Release	GCF_003346775.1_WP_114843067.1	22.857	83	84	82	70	49	2	2	69	8	74	6.48e-12	60.9
tr|A0A063KWA5|Release	GCF_023650495.1_WP_250655372.1	26.190	83	88	96	84	58	2	1	80	4	87	6.66e-12	60.9
tr|A0A063KWA5|Release	GCF_010119975.1_WP_162445115.1	17.568	83	365	86	74	54	2	2	72	14	83	6.68e-12	65.1
tr|A0A063KWA5|Release	GCF_000143085.1_WP_013221711.1	15.278	83	82	83	72	55	3	2	70	7	75	7.53e-12	60.9
tr|A0A063KWA5|Release	GCF_001444405.1_WP_058032142.1	29.577	83	87	86	71	50	0	1	71	1	71	8.31e-12	60.6
tr|A0A063KWA5|Release	GCF_008807855.1_WP_063240334.1	17.143	83	83	81	70	52	2	2	68	11	77	9.18e-12	60.6
tr|A0A063KWA5|Release	GCF_020091585.1_WP_224339804.1	15.714	83	82	81	70	53	3	2	68	7	73	9.70e-12	60.6
tr|A0A063KWA5|Release	GCF_001955715.1_WP_029708890.1	18.056	83	80	83	72	53	3	2	70	7	75	1.07e-11	60.3
tr|A0A063KWA5|Release	GCF_000012325.1_WP_011045621.1	27.941	83	84	82	68	48	1	2	69	5	71	1.29e-11	60.3
tr|A0A063KWA5|Release	GCF_000014785.1_WP_011630183.1	18.310	83	83	82	71	55	2	2	69	13	83	1.30e-11	60.1
tr|A0A063KWA5|Release	GCF_000013765.1_WP_011496543.1	23.810	83	106	96	84	60	2	2	81	23	106	1.36e-11	60.6
tr|A0A063KWA5|Release	GCF_003346815.1_WP_114840342.1	22.222	83	82	84	72	51	2	2	71	8	76	1.49e-11	60.1
tr|A0A063KWA5|Release	GCF_017742995.1_WP_247749573.1	46.512	83	48	52	43	23	0	1	43	1	43	1.70e-11	59.2
tr|A0A063KWA5|Release	GCF_018389385.1_WP_218082190.1	16.176	83	91	78	68	51	2	2	66	21	85	1.95e-11	59.8
tr|A0A063KWA5|Release	GCF_003574965.1_WP_119445661.1	15.493	83	82	80	71	51	3	2	67	8	74	2.00e-11	59.8
tr|A0A063KWA5|Release	GCF_009938015.1_WP_223264517.1	14.286	83	90	80	70	56	3	2	67	10	79	2.07e-11	59.8
tr|A0A063KWA5|Release	GCF_022827545.1_WP_243798205.1	14.085	83	82	80	71	52	3	2	67	8	74	2.20e-11	59.5
tr|A0A063KWA5|Release	GCF_003544915.1_WP_118918525.1	19.118	83	73	80	68	50	2	2	67	8	72	2.65e-11	59.2
tr|A0A063KWA5|Release	GCF_000092245.1_WP_013136435.1	21.739	83	76	81	69	49	2	2	68	5	70	2.67e-11	59.2
tr|A0A063KWA5|Release	GCF_024347275.1_WP_019620968.1	19.737	83	82	87	76	57	3	2	73	7	82	2.70e-11	59.2
tr|A0A063KWA5|Release	GCF_002356115.1_WP_096526481.1	15.493	83	78	82	71	54	2	2	69	7	74	3.42e-11	58.9
tr|A0A063KWA5|Release	GCF_013177635.1_WP_129095542.1	19.403	83	72	78	67	49	2	2	66	8	71	3.59e-11	58.9
tr|A0A063KWA5|Release	GCF_019891175.1_WP_225938383.1	15.714	83	93	81	70	53	3	1	67	14	80	3.65e-11	59.2
tr|A0A063KWA5|Release	GCF_019931735.1_WP_223417223.1	25.882	83	87	98	85	59	2	1	81	3	87	4.29e-11	58.9
tr|A0A063KWA5|Release	GCF_000317125.1_WP_015155280.1	15.714	83	81	81	70	53	3	1	67	6	72	5.22e-11	58.6
tr|A0A063KWA5|Release	GCF_024347255.1_WP_091360415.1	26.471	83	79	77	68	46	3	2	65	7	74	9.45e-11	57.8
tr|A0A063KWA5|Release	GCF_000227685.2_WP_006746304.1	12.676	83	83	82	71	59	2	2	69	10	80	1.07e-10	57.8
tr|A0A063KWA5|Release	GCF_013201935.1_WP_129014602.1	19.403	83	72	78	67	49	2	2	66	8	71	1.12e-10	57.5
tr|A0A063KWA5|Release	GCF_004214795.1_WP_130234502.1	14.493	83	78	81	69	54	2	2	68	8	73	1.37e-10	57.5
tr|A0A063KWA5|Release	GCF_024347215.1_WP_261843265.1	17.910	83	77	77	67	52	2	2	65	7	73	1.52e-10	57.2
tr|A0A063KWA5|Release	GCF_001956695.1_WP_076086034.1	17.143	83	77	81	70	52	3	2	68	5	71	1.60e-10	57.2
tr|A0A063KWA5|Release	GCF_013282625.1_WP_173286717.1	26.087	83	67	83	69	47	2	2	70	3	67	1.71e-10	57.0
tr|A0A063KWA5|Release	GCF_001442805.1_WP_057942092.1	12.857	83	88	81	70	55	2	2	68	11	77	1.92e-10	57.2
tr|A0A063KWA5|Release	GCF_000238255.3_WP_010559905.1	35.211	83	86	84	71	44	2	2	71	5	74	2.08e-10	57.2
tr|A0A063KWA5|Release	GCF_000828615.1_WP_041064380.1	15.493	83	80	81	71	56	3	2	68	10	80	2.47e-10	57.0
tr|A0A063KWA5|Release	GCF_013283835.1_WP_071625892.1	13.889	83	79	81	72	54	2	2	68	5	73	2.61e-10	56.7
tr|A0A063KWA5|Release	GCF_006385555.1_WP_140234395.1	33.735	83	87	95	83	51	3	2	80	4	86	3.05e-10	56.7
tr|A0A063KWA5|Release	GCF_011398155.1_WP_173291533.1	15.714	83	71	84	70	56	1	2	71	3	69	3.11e-10	56.4
tr|A0A063KWA5|Release	GCF_002557795.1_WP_098194977.1	16.216	83	89	82	74	52	3	2	69	11	80	3.38e-10	56.7
tr|A0A063KWA5|Release	GCF_011398355.1_WP_173270160.1	24.615	83	65	78	65	45	2	2	66	3	63	3.49e-10	56.1
tr|A0A063KWA5|Release	GCF_000018105.1_WP_012162738.1	15.714	83	86	81	70	53	2	1	67	6	72	5.14e-10	56.1
tr|A0A063KWA5|Release	GCF_001956695.1_WP_076086043.1	15.278	83	77	84	72	56	2	2	71	7	75	6.30e-10	55.8
tr|A0A063KWA5|Release	GCF_024347675.1_WP_261833361.1	51.429	83	54	42	35	17	0	1	35	1	35	7.55e-10	55.3
tr|A0A063KWA5|Release	GCF_000024725.1_WP_013031543.1	15.278	83	81	83	72	55	3	2	70	7	75	7.93e-10	55.6
tr|A0A063KWA5|Release	GCF_000317575.1_WP_015193670.1	20.290	83	74	80	69	49	2	2	67	7	72	1.18e-09	55.0
tr|A0A063KWA5|Release	GCF_009937995.1_WP_179954406.1	16.438	83	79	83	73	57	2	2	70	7	79	1.41e-09	55.0
tr|A0A063KWA5|Release	GCF_000006765.1_NP_249630.1	24.138	83	108	99	87	61	1	2	83	7	93	1.58e-09	55.3
tr|A0A063KWA5|Release	GCF_013201665.1_WP_128358834.1	15.942	83	76	81	69	53	2	2	68	5	70	2.12e-09	54.4
tr|A0A063KWA5|Release	GCF_000222485.1_WP_014022977.1	15.278	83	85	83	72	55	3	2	70	10	78	2.63e-09	54.4
tr|A0A063KWA5|Release	GCF_001050135.1_WP_048644179.1	17.143	83	88	81	70	52	3	2	68	10	76	2.72e-09	54.4
tr|A0A063KWA5|Release	GCF_023733635.1_WP_039959400.1	17.391	83	89	77	69	51	3	2	65	7	74	2.74e-09	54.4
tr|A0A063KWA5|Release	GCF_013201935.1_WP_128987185.1	18.841	83	76	81	69	51	2	2	68	5	70	3.39e-09	53.9
tr|A0A063KWA5|Release	GCF_000265505.1_WP_014796533.1	19.231	83	97	82	78	53	2	2	69	9	86	3.39e-09	54.1
tr|A0A063KWA5|Release	GCF_001723605.1_WP_069479051.1	15.942	83	76	81	69	53	2	2	68	5	70	4.23e-09	53.6
tr|A0A063KWA5|Release	GCF_003544815.1_WP_118886031.1	17.391	83	76	81	69	52	2	2	68	5	70	5.04e-09	53.6
tr|A0A063KWA5|Release	GCF_013177635.1_WP_129095951.1	15.942	83	76	81	69	53	2	2	68	5	70	5.72e-09	53.3
tr|A0A063KWA5|Release	GCF_002309535.1_WP_096047558.1	15.942	83	88	81	69	53	2	2	68	5	70	1.10e-08	52.7
tr|A0A063KWA5|Release	GCF_005166025.1_WP_137090244.1	20.833	83	84	82	72	49	3	2	69	8	75	1.22e-08	52.7
tr|A0A063KWA5|Release	GCF_003722295.1_WP_010573895.1	18.310	83	75	80	71	50	3	2	67	7	74	1.23e-08	52.5
tr|A0A063KWA5|Release	GCF_004293625.1_WP_130538367.1	28.814	83	71	71	59	38	2	2	60	3	57	1.54e-08	52.2
tr|A0A063KWA5|Release	GCF_011398355.1_WP_173270199.1	24.242	83	66	80	66	46	2	2	67	3	64	2.03e-08	51.6
tr|A0A063KWA5|Release	GCF_008122265.1_WP_148863603.1	17.143	83	84	81	70	52	3	2	68	7	73	2.75e-08	51.6
tr|A0A063KWA5|Release	GCF_000242635.2_WP_014682426.1	8.824	83	83	78	68	56	2	6	70	11	75	7.35e-08	50.5
tr|A0A063KWA5|Release	GCF_003143555.1_WP_109340539.1	13.699	83	84	86	73	61	1	4	74	5	77	8.08e-08	50.5
tr|A0A063KWA5|Release	GCF_000568815.1_WP_025346049.1	15.942	83	76	81	69	53	2	2	68	5	70	8.15e-08	50.5
tr|A0A063KWA5|Release	GCF_000265295.1_WP_014770430.1	15.942	83	76	81	69	53	2	2	68	5	70	8.42e-08	50.2
tr|A0A063KWA5|Release	GCF_013177675.1_WP_172126669.1	11.594	83	77	81	69	56	2	2	68	5	70	4.59e-07	48.5
tr|A0A063KWA5|Release	GCF_011764585.1_WP_188200227.1	12.281	83	63	64	57	46	2	14	66	1	57	1.28e-04	42.1
tr|A0A063KWA5|Release	GCF_003346815.1_WP_114840344.1	18.841	83	84	81	69	51	4	2	68	7	72	1.31e-04	42.3
tr|A0A063KWA5|Release	GCF_005281475.1_WP_137401239.1	9.211	83	81	88	76	62	4	2	74	6	77	1.69e-04	42.1
tr|A0A063KWA5|Release	GCF_000484535.1_WP_023173213.1	14.706	83	91	82	68	58	0	4	71	24	91	2.36e-04	41.8
tr|A0A063KWA5|Release	GCF_003967275.1_WP_197721837.1	16.418	83	78	77	67	53	2	2	65	8	74	2.86e-04	41.2
tr|A0A063KWA5|Release	GCF_021018745.1_WP_230843504.1	15.385	83	92	78	65	55	0	4	68	24	88	4.04e-04	41.2
tr|A0A063KWA5|Release	GCF_000011385.1_WP_011141833.1	16.923	83	92	78	65	54	0	4	68	24	88	4.54e-04	40.9
tr|A0A063KWA5|Release	GCF_006575665.1_WP_141613356.1	8.451	83	81	82	71	58	4	2	69	6	72	0.001	39.8
tr|A0A063KWA5|Release	GCF_001705075.2_WP_065970077.1	15.385	83	78	75	65	52	2	2	63	8	72	0.002	39.2
tr|A0A063KWA5|Release	GCF_018388465.1_WP_208290210.1	14.706	83	316	80	68	56	1	8	73	139	206	0.002	41.2
tr|A0A063KWA5|Release	GCF_003260975.1_WP_112783789.1	12.329	83	81	84	73	57	4	2	71	6	74	0.003	38.7
tr|A0A063KWA5|Release	GCF_026278345.1_WP_266369249.1	11.688	83	90	89	77	61	3	2	75	7	79	0.003	39.0
tr|A0A063KWA5|Release	GCF_000973725.1_WP_046311560.1	13.158	83	91	88	76	60	2	2	74	8	80	0.004	38.7
tr|A0A063KWA5|Release	GCF_003945325.1_WP_125566010.1	9.524	83	327	69	63	51	2	16	72	165	227	0.005	40.4
