tr|A0A0B7JK74|A0A0B7JK74_9GAMM	GCF_008693605.1_WP_223849061.1	35.000	81	95	99	80	52	0	2	81	11	90	1.16e-30	108
tr|A0A0B7JK74|A0A0B7JK74_9GAMM	GCF_002204915.1_WP_052690899.1	39.506	81	101	100	81	49	0	1	81	20	100	1.60e-30	108
tr|A0A0B7JK74|A0A0B7JK74_9GAMM	GCF_004353845.1_WP_103770713.1	35.000	81	93	99	80	52	0	2	81	10	89	2.36e-30	108
tr|A0A0B7JK74|A0A0B7JK74_9GAMM	GCF_003812345.1_WP_121571778.1	35.000	81	94	99	80	52	0	2	81	10	89	3.64e-30	107
tr|A0A0B7JK74|A0A0B7JK74_9GAMM	GCF_024347355.1_WP_105024956.1	46.914	81	83	100	81	43	0	1	81	1	81	6.74e-30	106
tr|A0A0B7JK74|A0A0B7JK74_9GAMM	GCF_009938225.1_WP_075649723.1	40.741	81	82	100	81	48	0	1	81	1	81	1.54e-29	105
tr|A0A0B7JK74|A0A0B7JK74_9GAMM	GCF_025402875.1_WP_011791024.1	27.500	81	90	99	80	58	0	1	80	6	85	1.63e-29	105
tr|A0A0B7JK74|A0A0B7JK74_9GAMM	GCF_024347475.1_WP_239840920.1	44.444	81	83	100	81	45	0	1	81	1	81	2.89e-29	105
tr|A0A0B7JK74|A0A0B7JK74_9GAMM	GCF_024971755.1_WP_259474826.1	25.000	81	88	99	80	60	0	1	80	6	85	6.31e-29	104
tr|A0A0B7JK74|A0A0B7JK74_9GAMM	GCF_009938185.1_WP_162048373.1	44.444	81	82	100	81	45	0	1	81	1	81	6.43e-29	104
tr|A0A0B7JK74|A0A0B7JK74_9GAMM	GCF_001597285.1_WP_061903727.1	31.646	81	92	98	79	54	0	2	80	7	85	9.10e-29	103
tr|A0A0B7JK74|A0A0B7JK74_9GAMM	GCF_014905115.1_WP_193151849.1	45.000	81	81	99	80	44	0	1	80	1	80	9.94e-29	103
tr|A0A0B7JK74|A0A0B7JK74_9GAMM	GCF_022371215.1_WP_239718047.1	44.444	81	83	100	81	45	0	1	81	1	81	1.58e-28	103
tr|A0A0B7JK74|A0A0B7JK74_9GAMM	GCF_000178875.2_WP_012197738.1	25.000	81	90	99	80	60	0	1	80	6	85	2.96e-28	102
tr|A0A0B7JK74|A0A0B7JK74_9GAMM	GCF_002355475.1_WP_004421315.1	30.380	81	91	98	79	55	0	2	80	8	86	4.93e-28	102
tr|A0A0B7JK74|A0A0B7JK74_9GAMM	GCF_008693645.1_WP_137347870.1	28.750	81	89	99	80	57	0	2	81	10	89	6.69e-28	101
tr|A0A0B7JK74|A0A0B7JK74_9GAMM	GCF_000733715.2_WP_017362912.1	30.380	81	90	98	79	55	0	2	80	7	85	7.68e-28	101
tr|A0A0B7JK74|A0A0B7JK74_9GAMM	GCF_024205225.1_WP_195881696.1	27.848	81	90	98	79	57	0	2	80	7	85	1.16e-27	101
tr|A0A0B7JK74|A0A0B7JK74_9GAMM	GCF_008369605.1_WP_000253074.1	45.679	81	81	100	81	44	0	1	81	1	81	1.21e-27	100
tr|A0A0B7JK74|A0A0B7JK74_9GAMM	GCF_001558415.2_WP_061055374.1	45.679	81	83	100	81	44	0	1	81	1	81	1.29e-27	100
tr|A0A0B7JK74|A0A0B7JK74_9GAMM	GCF_000297075.2_WP_003461742.1	29.114	81	90	98	79	56	0	2	80	7	85	1.65e-27	100
tr|A0A0B7JK74|A0A0B7JK74_9GAMM	GCF_013409125.2_WP_099525265.1	29.114	81	90	98	79	56	0	2	80	7	85	1.96e-27	100
tr|A0A0B7JK74|A0A0B7JK74_9GAMM	GCF_001708425.1_WP_055136127.1	26.582	81	94	98	79	58	0	2	80	7	85	2.08e-27	100
tr|A0A0B7JK74|A0A0B7JK74_9GAMM	GCF_009068765.1_WP_151900329.1	47.500	81	81	99	80	42	0	1	80	1	80	2.28e-27	100
tr|A0A0B7JK74|A0A0B7JK74_9GAMM	GCF_013200955.2_WP_173204463.1	27.848	81	91	98	79	57	0	2	80	8	86	2.49e-27	100
tr|A0A0B7JK74|A0A0B7JK74_9GAMM	GCF_008807375.1_WP_151138908.1	29.114	81	91	98	79	56	0	2	80	8	86	2.74e-27	100
tr|A0A0B7JK74|A0A0B7JK74_9GAMM	GCF_008329985.2_WP_149283950.1	41.250	81	81	99	80	47	0	1	80	1	80	2.80e-27	 99
tr|A0A0B7JK74|A0A0B7JK74_9GAMM	GCF_004684345.1_WP_135321947.1	30.380	81	93	98	79	55	0	2	80	10	88	3.36e-27	 99
tr|A0A0B7JK74|A0A0B7JK74_9GAMM	GCF_009938205.1_WP_075706454.1	48.148	81	82	100	81	42	0	1	81	1	81	3.47e-27	99.7
tr|A0A0B7JK74|A0A0B7JK74_9GAMM	GCF_011397855.1_WP_044414183.1	30.380	81	90	98	79	55	0	2	80	7	85	3.70e-27	 99
tr|A0A0B7JK74|A0A0B7JK74_9GAMM	GCF_002214395.1_WP_010453422.1	40.000	81	81	99	80	48	0	1	80	1	80	4.84e-27	99.4
tr|A0A0B7JK74|A0A0B7JK74_9GAMM	GCF_001594225.2_WP_064379396.1	27.848	81	92	98	79	57	0	2	80	7	85	5.81e-27	99.4
tr|A0A0B7JK74|A0A0B7JK74_9GAMM	GCF_024347595.1_WP_176681244.1	44.444	81	83	100	81	45	0	1	81	1	81	6.12e-27	99.1
tr|A0A0B7JK74|A0A0B7JK74_9GAMM	GCF_019670125.1_WP_221076876.1	42.500	81	81	99	80	46	0	1	80	1	80	6.65e-27	99.1
tr|A0A0B7JK74|A0A0B7JK74_9GAMM	GCF_002407485.1_WP_096780111.1	46.250	81	81	99	80	43	0	1	80	1	80	7.09e-27	98.9
tr|A0A0B7JK74|A0A0B7JK74_9GAMM	GCF_017167985.1_WP_093053415.1	30.380	81	92	98	79	55	0	2	80	7	85	7.31e-27	99.1
tr|A0A0B7JK74|A0A0B7JK74_9GAMM	GCF_020097475.1_WP_000062318.1	28.205	81	86	96	78	51	2	2	79	10	82	9.08e-27	98.9
tr|A0A0B7JK74|A0A0B7JK74_9GAMM	GCF_021172065.1_WP_015965827.1	29.487	81	86	96	78	50	2	2	79	10	82	9.45e-27	98.9
tr|A0A0B7JK74|A0A0B7JK74_9GAMM	GCF_001461805.1_WP_013367515.1	28.205	81	86	96	78	51	2	2	79	10	82	9.75e-27	98.6
tr|A0A0B7JK74|A0A0B7JK74_9GAMM	GCF_024347635.1_WP_139683960.1	48.148	81	83	100	81	42	0	1	81	1	81	1.01e-26	98.6
tr|A0A0B7JK74|A0A0B7JK74_9GAMM	GCF_001007875.1_WP_046858354.1	46.250	81	80	99	80	43	0	1	80	1	80	1.21e-26	98.3
tr|A0A0B7JK74|A0A0B7JK74_9GAMM	GCF_001995825.2_WP_017057338.1	49.383	81	83	100	81	41	0	1	81	1	81	1.24e-26	98.3
tr|A0A0B7JK74|A0A0B7JK74_9GAMM	GCF_024494545.1_WP_256384876.1	77.778	81	81	100	81	18	0	1	81	1	81	1.39e-26	98.3
tr|A0A0B7JK74|A0A0B7JK74_9GAMM	GCF_001518835.1_WP_059308693.1	26.923	81	86	96	78	52	2	2	79	10	82	1.43e-26	98.3
tr|A0A0B7JK74|A0A0B7JK74_9GAMM	GCF_024347035.1_WP_102941394.1	40.000	81	81	99	80	48	0	1	80	1	80	1.44e-26	98.3
tr|A0A0B7JK74|A0A0B7JK74_9GAMM	GCF_024347455.1_WP_135458404.1	49.383	81	83	100	81	41	0	1	81	1	81	1.47e-26	98.3
tr|A0A0B7JK74|A0A0B7JK74_9GAMM	GCF_009036245.1_WP_025756830.1	26.923	81	86	96	78	52	2	2	79	10	82	1.69e-26	98.0
tr|A0A0B7JK74|A0A0B7JK74_9GAMM	GCF_017167985.1_WP_079784061.1	31.646	81	90	98	79	54	0	2	80	7	85	1.79e-26	98.0
tr|A0A0B7JK74|A0A0B7JK74_9GAMM	GCF_000091465.1_WP_004733849.1	49.383	81	83	100	81	41	0	1	81	1	81	1.79e-26	98.0
tr|A0A0B7JK74|A0A0B7JK74_9GAMM	GCF_001558255.2_WP_005504861.1	45.679	81	82	99	81	43	1	1	80	1	81	1.81e-26	98.0
tr|A0A0B7JK74|A0A0B7JK74_9GAMM	GCF_019047765.1_WP_040231149.1	30.000	81	89	99	80	56	0	2	81	10	89	2.32e-26	97.7
tr|A0A0B7JK74|A0A0B7JK74_9GAMM	GCF_016904755.1_WP_059234959.1	26.923	81	86	96	78	52	2	2	79	10	82	2.41e-26	97.7
tr|A0A0B7JK74|A0A0B7JK74_9GAMM	GCF_014879975.1_WP_192888672.1	45.679	81	83	100	81	44	0	1	81	1	81	2.54e-26	97.7
tr|A0A0B7JK74|A0A0B7JK74_9GAMM	GCF_002215585.1_WP_088903590.1	23.077	81	89	96	78	59	1	1	78	6	82	2.63e-26	97.7
tr|A0A0B7JK74|A0A0B7JK74_9GAMM	GCF_000006925.2_NP_706134.1	26.923	81	86	96	78	52	2	2	79	10	82	2.85e-26	97.5
tr|A0A0B7JK74|A0A0B7JK74_9GAMM	GCF_000214665.1_WP_013819542.1	39.241	81	83	98	79	47	1	2	80	6	83	2.95e-26	97.5
tr|A0A0B7JK74|A0A0B7JK74_9GAMM	GCF_019670105.1_WP_040307707.1	43.750	81	81	99	80	45	0	1	80	1	80	3.16e-26	97.5
tr|A0A0B7JK74|A0A0B7JK74_9GAMM	GCF_003594935.2_WP_006173581.1	26.923	81	86	96	78	52	2	2	79	10	82	3.59e-26	97.2
tr|A0A0B7JK74|A0A0B7JK74_9GAMM	GCF_003957745.1_WP_126168493.1	24.051	81	87	98	79	60	0	2	80	7	85	3.71e-26	97.2
tr|A0A0B7JK74|A0A0B7JK74_9GAMM	GCF_009176645.1_WP_152083529.1	26.923	81	86	96	78	52	2	2	79	10	82	3.89e-26	97.2
tr|A0A0B7JK74|A0A0B7JK74_9GAMM	GCF_024582835.1_WP_257083279.1	45.000	81	87	99	80	44	0	1	80	1	80	3.96e-26	97.2
tr|A0A0B7JK74|A0A0B7JK74_9GAMM	GCF_024362845.1_WP_255230807.1	40.000	81	82	99	80	48	0	1	80	1	80	4.11e-26	97.2
tr|A0A0B7JK74|A0A0B7JK74_9GAMM	GCF_001683395.1_WP_017458015.1	26.923	81	86	96	78	52	2	2	79	10	82	4.34e-26	97.2
tr|A0A0B7JK74|A0A0B7JK74_9GAMM	GCF_001831495.1_WP_068547707.1	50.617	81	81	100	81	40	0	1	81	1	81	4.59e-26	96.9
tr|A0A0B7JK74|A0A0B7JK74_9GAMM	GCF_001022135.1_WP_039078449.1	28.205	81	86	96	78	51	2	2	79	10	82	5.17e-26	96.9
tr|A0A0B7JK74|A0A0B7JK74_9GAMM	GCF_900682675.2_WP_069898892.1	31.646	81	94	98	79	54	0	2	80	7	85	5.19e-26	96.9
tr|A0A0B7JK74|A0A0B7JK74_9GAMM	GCF_015137655.1_WP_028015593.1	26.923	81	86	96	78	52	2	2	79	10	82	5.34e-26	96.9
tr|A0A0B7JK74|A0A0B7JK74_9GAMM	GCF_000005845.2_NP_414731.2	26.923	81	84	96	78	52	2	2	79	8	80	5.49e-26	96.9
tr|A0A0B7JK74|A0A0B7JK74_9GAMM	GCF_900233005.1_WP_102521318.1	39.506	81	81	100	81	49	0	1	81	1	81	6.83e-26	96.3
tr|A0A0B7JK74|A0A0B7JK74_9GAMM	GCF_024347655.1_WP_060467732.1	45.000	81	83	99	80	44	0	1	80	1	80	6.96e-26	96.6
tr|A0A0B7JK74|A0A0B7JK74_9GAMM	GCF_019048625.1_WP_023305471.1	26.923	81	86	96	78	52	2	2	79	10	82	8.88e-26	96.3
tr|A0A0B7JK74|A0A0B7JK74_9GAMM	GCF_001729805.1_WP_008501890.1	26.923	81	86	96	78	52	2	2	79	10	82	9.32e-26	96.3
tr|A0A0B7JK74|A0A0B7JK74_9GAMM	GCF_000224675.1_WP_010426685.1	26.923	81	86	96	78	52	2	2	79	10	82	9.62e-26	96.0
tr|A0A0B7JK74|A0A0B7JK74_9GAMM	GCF_023195735.1_WP_035891978.1	28.205	81	86	96	78	51	2	2	79	10	82	9.85e-26	96.0
tr|A0A0B7JK74|A0A0B7JK74_9GAMM	GCF_001658025.2_WP_007373243.1	28.205	81	86	96	78	51	2	2	79	10	82	1.05e-25	96.0
tr|A0A0B7JK74|A0A0B7JK74_9GAMM	GCF_000009145.1_WP_041356315.1	33.750	81	90	99	80	53	0	1	80	5	84	1.07e-25	96.0
tr|A0A0B7JK74|A0A0B7JK74_9GAMM	GCF_006742785.1_WP_172630283.1	31.646	81	88	98	79	54	0	2	80	5	83	1.15e-25	96.0
tr|A0A0B7JK74|A0A0B7JK74_9GAMM	GCF_001750725.1_WP_014168720.1	26.923	81	86	96	78	52	2	2	79	10	82	1.21e-25	96.0
tr|A0A0B7JK74|A0A0B7JK74_9GAMM	GCF_007632255.1_WP_015368146.1	26.923	81	86	96	78	52	2	2	79	10	82	1.33e-25	95.8
tr|A0A0B7JK74|A0A0B7JK74_9GAMM	GCF_027886705.1_WP_061497537.1	26.923	81	86	96	78	52	2	2	79	10	82	1.36e-25	95.8
tr|A0A0B7JK74|A0A0B7JK74_9GAMM	GCF_009649915.1_WP_062772223.1	28.205	81	86	96	78	51	2	2	79	10	82	1.36e-25	95.8
tr|A0A0B7JK74|A0A0B7JK74_9GAMM	GCF_017329545.1_WP_047884589.1	28.205	81	95	96	78	56	0	2	79	8	85	1.44e-25	96.0
tr|A0A0B7JK74|A0A0B7JK74_9GAMM	GCF_003812345.1_WP_003018503.1	26.923	81	86	96	78	52	2	2	79	10	82	1.45e-25	95.8
tr|A0A0B7JK74|A0A0B7JK74_9GAMM	GCF_025914095.1_WP_031518416.1	25.641	81	86	96	78	53	2	2	79	10	82	1.47e-25	95.8
tr|A0A0B7JK74|A0A0B7JK74_9GAMM	GCF_004684345.1_WP_135323069.1	26.923	81	86	96	78	52	2	2	79	10	82	1.61e-25	95.5
tr|A0A0B7JK74|A0A0B7JK74_9GAMM	GCF_001456255.1_WP_020335096.1	37.500	81	81	99	80	50	0	1	80	1	80	1.70e-25	95.5
tr|A0A0B7JK74|A0A0B7JK74_9GAMM	GCF_900638065.1_WP_048212636.1	26.923	81	86	96	78	52	2	2	79	10	82	1.77e-25	95.5
tr|A0A0B7JK74|A0A0B7JK74_9GAMM	GCF_000770115.1_WP_069687890.1	41.250	81	81	99	80	47	0	1	80	1	80	1.90e-25	95.2
tr|A0A0B7JK74|A0A0B7JK74_9GAMM	GCF_004353845.1_WP_103768334.1	25.641	81	86	96	78	53	2	2	79	10	82	2.30e-25	95.2
tr|A0A0B7JK74|A0A0B7JK74_9GAMM	GCF_012767755.2_WP_173171843.1	29.114	81	90	98	79	56	0	2	80	7	85	2.31e-25	95.2
tr|A0A0B7JK74|A0A0B7JK74_9GAMM	GCF_002906475.1_WP_012130247.1	40.000	81	81	99	80	48	0	1	80	1	80	2.32e-25	95.2
tr|A0A0B7JK74|A0A0B7JK74_9GAMM	GCF_004328865.1_WP_104643907.1	46.250	81	83	99	80	43	0	1	80	1	80	2.62e-25	94.9
tr|A0A0B7JK74|A0A0B7JK74_9GAMM	GCF_000024825.1_WP_005460845.1	39.506	81	81	100	81	49	0	1	81	1	81	2.70e-25	94.9
tr|A0A0B7JK74|A0A0B7JK74_9GAMM	GCF_018128425.1_WP_042289833.1	26.923	81	86	96	78	52	2	2	79	10	82	2.79e-25	94.9
tr|A0A0B7JK74|A0A0B7JK74_9GAMM	GCF_009363135.1_WP_090122691.1	29.487	81	86	96	78	50	2	2	79	10	82	2.79e-25	94.9
tr|A0A0B7JK74|A0A0B7JK74_9GAMM	GCF_002393445.1_WP_061273728.1	28.205	81	86	96	78	51	2	2	79	10	82	3.32e-25	94.9
tr|A0A0B7JK74|A0A0B7JK74_9GAMM	GCF_021278985.1_WP_012904575.1	26.923	81	86	96	78	52	2	2	79	10	82	3.62e-25	94.6
tr|A0A0B7JK74|A0A0B7JK74_9GAMM	GCF_005877035.1_WP_039486662.1	49.383	81	83	100	81	41	0	1	81	1	81	3.84e-25	94.6
tr|A0A0B7JK74|A0A0B7JK74_9GAMM	GCF_024347495.1_WP_137371745.1	42.500	81	80	99	80	46	0	1	80	1	80	3.85e-25	94.6
tr|A0A0B7JK74|A0A0B7JK74_9GAMM	GCF_002021755.1_WP_005434844.1	40.000	81	81	99	80	48	0	1	80	1	80	3.92e-25	94.6
tr|A0A0B7JK74|A0A0B7JK74_9GAMM	GCF_000240185.1_YP_005225236.1	26.923	81	86	96	78	52	2	2	79	10	82	5.22e-25	94.4
tr|A0A0B7JK74|A0A0B7JK74_9GAMM	GCF_017354925.1_WP_207321174.1	21.250	81	87	99	80	63	0	2	81	7	86	5.32e-25	94.4
tr|A0A0B7JK74|A0A0B7JK74_9GAMM	GCF_001558935.2_WP_042323659.1	26.923	81	86	96	78	52	2	2	79	10	82	5.84e-25	94.1
tr|A0A0B7JK74|A0A0B7JK74_9GAMM	GCF_001277255.1_WP_007666633.1	26.923	81	86	96	78	52	2	2	79	10	82	5.89e-25	94.1
tr|A0A0B7JK74|A0A0B7JK74_9GAMM	GCF_022637515.1_WP_064539750.1	26.923	81	86	96	78	52	2	2	79	10	82	6.63e-25	94.1
tr|A0A0B7JK74|A0A0B7JK74_9GAMM	GCF_000772105.1_WP_004748349.1	41.250	81	81	99	80	47	0	1	80	1	80	6.68e-25	94.1
tr|A0A0B7JK74|A0A0B7JK74_9GAMM	GCF_002163605.1_WP_157665988.1	27.848	81	86	98	79	52	2	2	80	10	83	6.74e-25	94.1
tr|A0A0B7JK74|A0A0B7JK74_9GAMM	GCF_009648935.1_WP_047417117.1	25.641	81	86	96	78	53	2	2	79	10	82	6.90e-25	94.1
tr|A0A0B7JK74|A0A0B7JK74_9GAMM	GCF_003935895.2_WP_110510858.1	25.641	81	86	96	78	53	2	2	79	10	82	7.29e-25	94.1
tr|A0A0B7JK74|A0A0B7JK74_9GAMM	GCF_000015245.1_WP_011761423.1	20.253	81	86	98	79	63	0	2	80	7	85	7.29e-25	94.1
tr|A0A0B7JK74|A0A0B7JK74_9GAMM	GCF_013234275.1_WP_172895488.1	28.205	81	86	96	78	51	2	2	79	10	82	8.09e-25	93.8
tr|A0A0B7JK74|A0A0B7JK74_9GAMM	GCF_024224615.1_WP_125293588.1	26.923	81	86	96	78	52	2	2	79	10	82	9.63e-25	93.5
tr|A0A0B7JK74|A0A0B7JK74_9GAMM	GCF_012767755.2_WP_173176508.1	24.675	81	91	95	77	55	1	4	80	9	82	9.73e-25	93.8
tr|A0A0B7JK74|A0A0B7JK74_9GAMM	GCF_000439255.1_WP_000062328.1	29.487	81	86	96	78	50	2	2	79	10	82	9.86e-25	93.5
tr|A0A0B7JK74|A0A0B7JK74_9GAMM	GCF_019670705.1_WP_100146025.1	20.253	81	92	98	79	63	0	2	80	7	85	1.05e-24	93.8
tr|A0A0B7JK74|A0A0B7JK74_9GAMM	GCF_025758125.1_WP_023480196.1	26.923	81	86	96	78	52	2	2	79	10	82	1.06e-24	93.5
tr|A0A0B7JK74|A0A0B7JK74_9GAMM	GCF_017354965.1_WP_207380278.1	21.250	81	87	99	80	63	0	2	81	7	86	1.10e-24	93.5
tr|A0A0B7JK74|A0A0B7JK74_9GAMM	GCF_016834455.1_WP_203325205.1	21.519	81	86	98	79	62	0	2	80	7	85	1.10e-24	93.5
tr|A0A0B7JK74|A0A0B7JK74_9GAMM	GCF_900635955.1_WP_126357486.1	28.205	81	86	96	78	51	2	2	79	10	82	1.14e-24	93.5
tr|A0A0B7JK74|A0A0B7JK74_9GAMM	GCF_020079945.1_WP_039382769.1	23.077	81	87	96	78	55	2	2	79	10	82	1.17e-24	93.5
tr|A0A0B7JK74|A0A0B7JK74_9GAMM	GCF_019669905.1_WP_054759186.1	35.443	81	79	98	79	47	1	2	80	5	79	1.19e-24	93.2
tr|A0A0B7JK74|A0A0B7JK74_9GAMM	GCF_003261575.2_WP_110272453.1	28.205	81	86	96	78	51	2	2	79	10	82	1.25e-24	93.2
tr|A0A0B7JK74|A0A0B7JK74_9GAMM	GCF_001277195.1_WP_032966924.1	26.923	81	86	96	78	52	2	2	79	10	82	1.27e-24	93.2
tr|A0A0B7JK74|A0A0B7JK74_9GAMM	GCF_001007935.1_WP_046849946.1	32.500	81	84	99	80	54	0	1	80	5	84	1.29e-24	93.2
tr|A0A0B7JK74|A0A0B7JK74_9GAMM	GCF_024347675.1_WP_261835500.1	37.037	81	81	100	81	51	0	1	81	1	81	1.31e-24	93.2
tr|A0A0B7JK74|A0A0B7JK74_9GAMM	GCF_003812925.1_WP_004107903.1	26.923	81	86	96	78	52	2	2	79	10	82	1.37e-24	93.2
tr|A0A0B7JK74|A0A0B7JK74_9GAMM	GCF_009730655.1_WP_156020461.1	20.253	81	92	98	79	63	0	2	80	7	85	1.38e-24	93.2
tr|A0A0B7JK74|A0A0B7JK74_9GAMM	GCF_017915135.1_WP_210390879.1	27.848	81	90	98	79	57	0	2	80	7	85	1.41e-24	93.2
tr|A0A0B7JK74|A0A0B7JK74_9GAMM	GCF_000238395.3_WP_010553578.1	48.750	81	83	99	80	41	0	1	80	1	80	1.52e-24	93.0
tr|A0A0B7JK74|A0A0B7JK74_9GAMM	GCF_012029655.1_WP_041144145.1	26.923	81	86	96	78	52	2	2	79	10	82	1.56e-24	93.2
tr|A0A0B7JK74|A0A0B7JK74_9GAMM	GCF_018139045.1_WP_004129134.1	28.205	81	86	96	78	51	2	2	79	10	82	1.59e-24	93.0
tr|A0A0B7JK74|A0A0B7JK74_9GAMM	GCF_002953195.1_WP_038628016.1	21.795	81	87	96	78	56	2	2	79	10	82	1.62e-24	93.0
tr|A0A0B7JK74|A0A0B7JK74_9GAMM	GCF_001277175.1_WP_007760020.1	28.205	81	86	96	78	51	2	2	79	10	82	1.63e-24	93.0
tr|A0A0B7JK74|A0A0B7JK74_9GAMM	GCF_022637595.1_WP_004858152.1	28.205	81	86	96	78	51	2	2	79	10	82	1.69e-24	93.0
tr|A0A0B7JK74|A0A0B7JK74_9GAMM	GCF_024360925.2_WP_255188929.1	36.709	81	83	98	79	49	1	2	80	6	83	1.82e-24	93.0
tr|A0A0B7JK74|A0A0B7JK74_9GAMM	GCF_000018045.1_WP_024130681.1	26.923	81	86	96	78	52	2	2	79	10	82	1.92e-24	93.0
tr|A0A0B7JK74|A0A0B7JK74_9GAMM	GCF_006711645.1_WP_100682484.1	28.205	81	86	96	78	51	2	2	79	10	82	1.94e-24	93.0
tr|A0A0B7JK74|A0A0B7JK74_9GAMM	GCF_019890955.1_WP_211725887.1	23.077	81	87	96	78	55	2	2	79	10	82	2.07e-24	92.7
tr|A0A0B7JK74|A0A0B7JK74_9GAMM	GCF_003668795.1_WP_054981706.1	41.250	81	83	99	80	47	0	1	80	1	80	2.10e-24	92.7
tr|A0A0B7JK74|A0A0B7JK74_9GAMM	GCF_009363415.1_WP_152430616.1	41.975	81	84	100	81	47	0	1	81	1	81	2.23e-24	92.7
tr|A0A0B7JK74|A0A0B7JK74_9GAMM	GCF_001277215.2_WP_007776988.1	26.923	81	86	96	78	52	2	2	79	10	82	2.29e-24	92.7
tr|A0A0B7JK74|A0A0B7JK74_9GAMM	GCF_015139575.1_WP_004098776.1	26.923	81	86	96	78	52	2	2	79	10	82	2.46e-24	92.7
tr|A0A0B7JK74|A0A0B7JK74_9GAMM	GCF_021276285.1_WP_095923198.1	25.641	81	86	96	78	53	2	2	79	10	82	2.48e-24	92.7
tr|A0A0B7JK74|A0A0B7JK74_9GAMM	GCF_003019925.1_WP_162185254.1	28.205	81	86	96	78	51	2	2	79	10	82	2.66e-24	92.4
tr|A0A0B7JK74|A0A0B7JK74_9GAMM	GCF_019670485.1_WP_221071211.1	40.000	81	81	99	80	48	0	1	80	1	80	2.88e-24	92.4
tr|A0A0B7JK74|A0A0B7JK74_9GAMM	GCF_022637475.1_WP_013574214.1	24.359	81	86	96	78	54	2	2	79	10	82	2.88e-24	92.4
tr|A0A0B7JK74|A0A0B7JK74_9GAMM	GCF_004124235.1_WP_025377303.1	26.923	81	86	96	78	52	2	2	79	10	82	2.95e-24	92.4
tr|A0A0B7JK74|A0A0B7JK74_9GAMM	GCF_000010085.1_WP_011411656.1	26.923	81	86	96	78	52	2	2	79	10	82	3.02e-24	92.4
tr|A0A0B7JK74|A0A0B7JK74_9GAMM	GCF_002355475.1_WP_003455993.1	27.848	81	90	98	79	57	0	2	80	5	83	3.05e-24	92.4
tr|A0A0B7JK74|A0A0B7JK74_9GAMM	GCF_000834395.1_WP_042546713.1	26.923	81	86	96	78	52	2	2	79	10	82	3.10e-24	92.4
tr|A0A0B7JK74|A0A0B7JK74_9GAMM	GCF_011068345.1_WP_002436992.1	26.923	81	86	96	78	52	2	2	79	10	82	3.17e-24	92.4
tr|A0A0B7JK74|A0A0B7JK74_9GAMM	GCF_000233595.1_WP_013024706.1	23.077	81	86	96	78	55	2	2	79	10	82	3.27e-24	92.4
tr|A0A0B7JK74|A0A0B7JK74_9GAMM	GCF_000006945.2_NP_459242.1	29.487	81	86	96	78	50	2	2	79	10	82	3.35e-24	92.4
tr|A0A0B7JK74|A0A0B7JK74_9GAMM	GCF_002221525.1_WP_089349457.1	41.250	81	83	99	80	47	0	1	80	1	80	3.44e-24	92.1
tr|A0A0B7JK74|A0A0B7JK74_9GAMM	GCF_000517425.1_WP_025421126.1	26.923	81	86	96	78	52	2	2	79	10	82	3.57e-24	92.1
tr|A0A0B7JK74|A0A0B7JK74_9GAMM	GCF_000222975.1_WP_002218374.1	26.923	81	86	96	78	52	2	2	79	10	82	3.69e-24	92.1
tr|A0A0B7JK74|A0A0B7JK74_9GAMM	GCF_000025065.1_WP_012883679.1	24.359	81	86	96	78	54	2	2	79	10	82	3.90e-24	92.1
tr|A0A0B7JK74|A0A0B7JK74_9GAMM	GCF_013282725.1_WP_032813813.1	25.641	81	86	96	78	53	2	2	79	10	82	4.06e-24	92.1
tr|A0A0B7JK74|A0A0B7JK74_9GAMM	GCF_002101395.1_WP_085067900.1	21.795	81	87	96	78	56	2	2	79	10	82	4.10e-24	92.1
tr|A0A0B7JK74|A0A0B7JK74_9GAMM	GCF_011617105.1_WP_025800203.1	24.675	81	86	95	77	53	2	2	78	10	81	4.19e-24	92.1
tr|A0A0B7JK74|A0A0B7JK74_9GAMM	GCF_000026185.1_WP_012440659.1	24.359	81	87	96	78	54	2	2	79	10	82	4.37e-24	92.1
tr|A0A0B7JK74|A0A0B7JK74_9GAMM	GCF_900095885.1_WP_035340381.1	25.641	81	86	96	78	53	2	2	79	10	82	5.15e-24	91.8
tr|A0A0B7JK74|A0A0B7JK74_9GAMM	GCF_023517775.1_WP_249893541.1	21.795	81	87	96	78	56	2	2	79	10	82	5.24e-24	91.8
tr|A0A0B7JK74|A0A0B7JK74_9GAMM	GCF_019977755.1_WP_126608378.1	37.209	81	103	99	86	48	1	1	80	15	100	6.00e-24	91.8
tr|A0A0B7JK74|A0A0B7JK74_9GAMM	GCF_014524625.1_WP_009050814.1	30.380	81	92	98	79	55	0	2	80	7	85	6.31e-24	91.5
tr|A0A0B7JK74|A0A0B7JK74_9GAMM	GCF_021029445.1_WP_230924827.1	30.380	81	89	98	79	54	1	2	80	7	84	6.42e-24	91.5
tr|A0A0B7JK74|A0A0B7JK74_9GAMM	GCF_000834455.1_WP_032817050.1	26.923	81	86	96	78	52	2	2	79	10	82	6.75e-24	91.5
tr|A0A0B7JK74|A0A0B7JK74_9GAMM	GCF_000148645.1_WP_013347076.1	42.308	81	80	96	78	45	0	4	81	3	80	6.95e-24	91.3
tr|A0A0B7JK74|A0A0B7JK74_9GAMM	GCF_001999225.1_WP_077537996.1	46.250	81	82	99	80	43	0	1	80	1	80	8.37e-24	91.3
tr|A0A0B7JK74|A0A0B7JK74_9GAMM	GCF_000023565.1_WP_012770818.1	23.077	81	86	96	78	55	2	2	79	10	82	9.20e-24	91.3
tr|A0A0B7JK74|A0A0B7JK74_9GAMM	GCF_002887615.1_WP_038869703.1	37.500	81	81	99	80	50	0	1	80	1	80	1.00e-23	91.0
tr|A0A0B7JK74|A0A0B7JK74_9GAMM	GCF_012427845.1_WP_012773648.1	20.513	81	86	96	78	57	2	2	79	10	82	1.09e-23	91.0
tr|A0A0B7JK74|A0A0B7JK74_9GAMM	GCF_000520015.2_WP_024910172.1	30.769	81	87	96	78	49	2	2	79	10	82	1.10e-23	91.0
tr|A0A0B7JK74|A0A0B7JK74_9GAMM	GCF_000019525.1_WP_012323084.1	32.500	81	81	99	80	54	0	1	80	1	80	1.10e-23	90.7
tr|A0A0B7JK74|A0A0B7JK74_9GAMM	GCF_009730055.1_WP_032906500.1	26.923	81	86	96	78	52	2	2	79	10	82	1.10e-23	91.0
tr|A0A0B7JK74|A0A0B7JK74_9GAMM	GCF_013423785.1_WP_180308358.1	26.582	81	88	98	79	57	1	2	80	10	87	1.12e-23	91.0
tr|A0A0B7JK74|A0A0B7JK74_9GAMM	GCF_020683125.1_WP_133842177.1	24.359	81	88	96	78	54	2	2	79	11	83	1.21e-23	91.0
tr|A0A0B7JK74|A0A0B7JK74_9GAMM	GCF_006364355.1_WP_004727652.1	37.037	81	83	100	81	51	0	1	81	1	81	1.26e-23	90.7
tr|A0A0B7JK74|A0A0B7JK74_9GAMM	GCF_019844095.1_WP_062747070.1	24.359	81	88	96	78	54	2	2	79	11	83	1.28e-23	90.7
tr|A0A0B7JK74|A0A0B7JK74_9GAMM	GCF_002288545.1_WP_029367608.1	20.513	81	86	96	78	57	2	2	79	10	82	1.28e-23	90.7
tr|A0A0B7JK74|A0A0B7JK74_9GAMM	GCF_007858975.2_WP_042869176.1	23.077	81	86	96	78	55	2	2	79	10	82	1.47e-23	90.7
tr|A0A0B7JK74|A0A0B7JK74_9GAMM	GCF_011044475.1_WP_033740322.1	23.077	81	86	96	78	55	2	2	79	10	82	1.67e-23	90.4
tr|A0A0B7JK74|A0A0B7JK74_9GAMM	GCF_025133195.1_WP_032910235.1	26.923	81	86	96	78	52	2	2	79	10	82	1.74e-23	90.4
tr|A0A0B7JK74|A0A0B7JK74_9GAMM	GCF_000264765.2_WP_034163237.1	25.316	81	86	98	79	54	2	2	80	10	83	1.76e-23	90.4
tr|A0A0B7JK74|A0A0B7JK74_9GAMM	GCF_008807375.1_WP_151133519.1	27.848	81	90	98	79	57	0	2	80	5	83	1.82e-23	90.4
tr|A0A0B7JK74|A0A0B7JK74_9GAMM	GCF_013460135.1_WP_180816665.1	26.582	81	88	98	79	53	2	2	80	10	83	2.16e-23	90.1
tr|A0A0B7JK74|A0A0B7JK74_9GAMM	GCF_020342335.1_WP_067428135.1	23.077	81	87	96	78	55	2	2	79	10	82	2.19e-23	90.1
tr|A0A0B7JK74|A0A0B7JK74_9GAMM	GCF_002157895.1_WP_227874980.1	50.000	81	82	99	80	40	0	1	80	2	81	2.22e-23	90.1
tr|A0A0B7JK74|A0A0B7JK74_9GAMM	GCF_001642805.2_WP_004931991.1	32.051	81	87	96	78	48	2	2	79	10	82	2.28e-23	90.1
tr|A0A0B7JK74|A0A0B7JK74_9GAMM	GCF_016026735.1_WP_015673540.1	30.769	81	87	96	78	49	2	2	79	10	82	2.35e-23	90.1
tr|A0A0B7JK74|A0A0B7JK74_9GAMM	GCF_009914055.1_WP_160619715.1	23.077	81	87	96	78	55	2	2	79	10	82	2.35e-23	90.1
tr|A0A0B7JK74|A0A0B7JK74_9GAMM	GCF_020150375.1_WP_004094310.1	24.675	81	86	95	77	53	2	2	78	10	81	2.52e-23	90.1
tr|A0A0B7JK74|A0A0B7JK74_9GAMM	GCF_009873295.1_WP_039312412.1	20.513	81	86	96	78	57	2	2	79	10	82	2.60e-23	89.9
tr|A0A0B7JK74|A0A0B7JK74_9GAMM	GCF_020181655.1_WP_225087160.1	19.231	81	86	96	78	58	2	2	79	10	82	2.86e-23	89.9
tr|A0A0B7JK74|A0A0B7JK74_9GAMM	GCF_021462285.1_WP_234585968.1	30.769	81	87	96	78	49	2	2	79	10	82	2.87e-23	89.9
tr|A0A0B7JK74|A0A0B7JK74_9GAMM	GCF_009817885.1_WP_105232289.1	30.769	81	87	96	78	49	2	2	79	10	82	3.06e-23	89.9
tr|A0A0B7JK74|A0A0B7JK74_9GAMM	GCF_022647505.1_WP_128179458.1	20.513	81	87	96	78	57	2	2	79	10	82	3.21e-23	89.9
tr|A0A0B7JK74|A0A0B7JK74_9GAMM	GCF_021733145.1_WP_012847629.1	26.582	81	86	98	79	53	2	2	80	10	83	3.25e-23	89.9
tr|A0A0B7JK74|A0A0B7JK74_9GAMM	GCF_005484945.1_WP_137712817.1	20.513	81	86	96	78	57	2	2	79	10	82	3.30e-23	89.9
tr|A0A0B7JK74|A0A0B7JK74_9GAMM	GCF_024346675.1_WP_048897676.1	26.582	81	86	98	79	58	0	2	80	8	86	3.47e-23	89.6
tr|A0A0B7JK74|A0A0B7JK74_9GAMM	GCF_003258315.1_WP_111337788.1	28.750	81	88	99	80	57	0	1	80	5	84	3.51e-23	89.6
tr|A0A0B7JK74|A0A0B7JK74_9GAMM	GCF_003515985.1_WP_085653101.1	23.077	81	86	96	78	55	2	2	79	10	82	3.84e-23	89.6
tr|A0A0B7JK74|A0A0B7JK74_9GAMM	GCF_017498685.1_WP_038245151.1	25.641	81	86	96	78	53	2	2	79	10	82	4.00e-23	89.6
tr|A0A0B7JK74|A0A0B7JK74_9GAMM	GCF_019797845.1_WP_222158377.1	23.077	81	86	96	78	55	2	2	79	10	82	4.26e-23	89.6
tr|A0A0B7JK74|A0A0B7JK74_9GAMM	GCF_001431725.1_WP_021820278.1	38.272	81	81	100	81	50	0	1	81	1	81	4.47e-23	89.3
tr|A0A0B7JK74|A0A0B7JK74_9GAMM	GCF_009931295.1_WP_161528353.1	20.513	81	86	96	78	57	2	2	79	10	82	4.58e-23	89.3
tr|A0A0B7JK74|A0A0B7JK74_9GAMM	GCF_015999465.1_WP_085688159.1	21.795	81	86	96	78	56	2	2	79	10	82	5.45e-23	89.3
tr|A0A0B7JK74|A0A0B7JK74_9GAMM	GCF_000196615.1_WP_013200864.1	23.077	81	87	96	78	55	2	2	79	10	82	5.51e-23	89.3
tr|A0A0B7JK74|A0A0B7JK74_9GAMM	GCF_900187015.1_WP_061796701.1	29.487	81	87	96	78	50	2	2	79	10	82	5.64e-23	89.0
tr|A0A0B7JK74|A0A0B7JK74_9GAMM	GCF_004792415.1_WP_013356856.1	23.077	81	86	96	78	55	2	2	79	10	82	5.67e-23	89.0
tr|A0A0B7JK74|A0A0B7JK74_9GAMM	GCF_004768525.1_WP_026822068.1	26.582	81	88	98	79	53	2	2	80	10	83	6.47e-23	89.0
tr|A0A0B7JK74|A0A0B7JK74_9GAMM	GCF_002812485.1_WP_038661467.1	23.077	81	86	96	78	55	2	2	79	10	82	6.60e-23	89.0
tr|A0A0B7JK74|A0A0B7JK74_9GAMM	GCF_012295615.1_WP_007018284.1	40.741	81	81	100	81	48	0	1	81	1	81	6.86e-23	88.7
tr|A0A0B7JK74|A0A0B7JK74_9GAMM	GCF_011045835.1_WP_075671674.1	27.500	81	86	99	80	53	2	2	81	10	84	7.03e-23	89.0
tr|A0A0B7JK74|A0A0B7JK74_9GAMM	GCF_000262305.1_WP_002441069.1	26.923	81	86	96	78	52	2	2	79	10	82	7.03e-23	89.0
tr|A0A0B7JK74|A0A0B7JK74_9GAMM	GCF_000740965.1_WP_011092648.1	20.513	81	86	96	78	57	2	2	79	10	82	7.31e-23	88.7
tr|A0A0B7JK74|A0A0B7JK74_9GAMM	GCF_000023545.1_WP_015854637.1	20.513	81	86	96	78	57	2	2	79	10	82	7.55e-23	88.7
tr|A0A0B7JK74|A0A0B7JK74_9GAMM	GCF_017569925.1_WP_208228065.1	21.795	81	86	96	78	56	2	2	79	10	82	9.51e-23	88.5
tr|A0A0B7JK74|A0A0B7JK74_9GAMM	GCF_000196475.1_WP_012776850.1	26.250	81	88	99	80	54	2	2	81	10	84	1.29e-22	88.2
tr|A0A0B7JK74|A0A0B7JK74_9GAMM	GCF_000069965.1_WP_004245453.1	23.750	81	86	99	80	56	2	2	81	10	84	1.30e-22	88.2
tr|A0A0B7JK74|A0A0B7JK74_9GAMM	GCF_000968535.2_WP_014147785.1	33.750	81	84	99	80	52	1	2	81	6	84	1.30e-22	88.2
tr|A0A0B7JK74|A0A0B7JK74_9GAMM	GCF_008033135.1_WP_148717358.1	22.500	81	87	99	80	61	1	2	81	7	85	1.31e-22	88.2
tr|A0A0B7JK74|A0A0B7JK74_9GAMM	GCF_022369495.1_WP_072064250.1	27.500	81	86	99	80	53	2	2	81	10	84	1.39e-22	88.2
tr|A0A0B7JK74|A0A0B7JK74_9GAMM	GCF_000147055.1_WP_022632468.1	23.077	81	86	96	78	55	2	2	79	10	82	1.41e-22	88.2
tr|A0A0B7JK74|A0A0B7JK74_9GAMM	GCF_001742185.1_WP_005975933.1	20.513	81	86	96	78	57	2	2	79	10	82	1.47e-22	88.2
tr|A0A0B7JK74|A0A0B7JK74_9GAMM	GCF_001455205.1_WP_062560013.1	32.500	81	84	99	80	53	1	2	81	6	84	1.48e-22	87.9
tr|A0A0B7JK74|A0A0B7JK74_9GAMM	GCF_005931095.1_WP_017839868.1	33.750	81	84	99	80	52	1	2	81	6	84	1.53e-22	87.9
tr|A0A0B7JK74|A0A0B7JK74_9GAMM	GCF_003403135.1_WP_024104894.1	23.077	81	86	96	78	55	2	2	79	10	82	1.53e-22	87.9
tr|A0A0B7JK74|A0A0B7JK74_9GAMM	GCF_008931805.1_WP_019441510.1	42.500	81	81	99	80	46	0	1	80	1	80	1.61e-22	87.9
tr|A0A0B7JK74|A0A0B7JK74_9GAMM	GCF_002005305.1_WP_077753428.1	25.926	81	86	100	81	60	0	1	81	6	86	2.09e-22	87.6
tr|A0A0B7JK74|A0A0B7JK74_9GAMM	GCF_020268605.1_WP_180560445.1	26.582	81	88	98	79	53	2	2	80	10	83	2.10e-22	87.6
tr|A0A0B7JK74|A0A0B7JK74_9GAMM	GCF_002291445.1_WP_048635886.1	21.795	81	86	96	78	56	2	2	79	10	82	2.12e-22	87.6
tr|A0A0B7JK74|A0A0B7JK74_9GAMM	GCF_019048385.1_WP_062759648.1	23.077	81	86	96	78	55	2	2	79	10	82	2.61e-22	87.3
tr|A0A0B7JK74|A0A0B7JK74_9GAMM	GCF_000517405.1_WP_038469034.1	25.641	81	83	96	78	53	2	2	79	7	79	2.83e-22	87.3
tr|A0A0B7JK74|A0A0B7JK74_9GAMM	GCF_019090985.1_WP_036781226.1	25.000	81	88	99	80	55	2	2	81	10	84	2.88e-22	87.3
tr|A0A0B7JK74|A0A0B7JK74_9GAMM	GCF_001010285.1_WP_046974061.1	23.750	81	88	99	80	56	2	2	81	10	84	2.88e-22	87.3
tr|A0A0B7JK74|A0A0B7JK74_9GAMM	GCF_002504285.1_WP_005282992.1	24.051	81	86	98	79	55	2	2	80	10	83	3.08e-22	87.3
tr|A0A0B7JK74|A0A0B7JK74_9GAMM	GCF_902387845.1_WP_004237241.1	25.316	81	88	98	79	54	2	2	80	10	83	3.22e-22	87.3
tr|A0A0B7JK74|A0A0B7JK74_9GAMM	GCF_002849875.1_WP_232379112.1	39.024	81	113	98	82	47	1	2	80	32	113	3.33e-22	87.6
tr|A0A0B7JK74|A0A0B7JK74_9GAMM	GCF_003992745.1_WP_014700896.1	21.795	81	86	96	78	56	2	2	79	10	82	3.44e-22	87.0
tr|A0A0B7JK74|A0A0B7JK74_9GAMM	GCF_029457395.1_WP_024766443.1	23.457	81	92	95	81	58	2	4	80	9	89	3.80e-22	87.0
tr|A0A0B7JK74|A0A0B7JK74_9GAMM	GCF_000091565.1_WP_004159420.1	23.077	81	87	96	78	55	2	2	79	10	82	3.95e-22	87.0
tr|A0A0B7JK74|A0A0B7JK74_9GAMM	GCF_000214235.1_WP_004952197.1	23.077	81	85	96	78	55	2	2	79	8	80	4.19e-22	86.8
tr|A0A0B7JK74|A0A0B7JK74_9GAMM	GCF_000014765.1_WP_011633385.1	35.443	81	89	98	79	51	0	2	80	5	83	4.47e-22	86.8
tr|A0A0B7JK74|A0A0B7JK74_9GAMM	GCF_009646115.1_WP_008925644.1	23.077	81	86	96	78	55	2	2	79	10	82	5.08e-22	86.8
tr|A0A0B7JK74|A0A0B7JK74_9GAMM	GCF_001006005.1_WP_223499701.1	24.359	81	85	96	78	54	2	2	79	8	80	5.90e-22	86.5
tr|A0A0B7JK74|A0A0B7JK74_9GAMM	GCF_000968195.1_WP_045972480.1	26.250	81	87	99	80	54	2	2	81	11	85	6.26e-22	86.5
tr|A0A0B7JK74|A0A0B7JK74_9GAMM	GCF_000196155.1_WP_011145066.1	25.000	81	88	99	80	55	2	2	81	10	84	6.90e-22	86.5
tr|A0A0B7JK74|A0A0B7JK74_9GAMM	GCF_000968175.1_WP_045959360.1	26.250	81	88	99	80	54	2	2	81	11	85	8.89e-22	86.2
tr|A0A0B7JK74|A0A0B7JK74_9GAMM	GCF_000261045.2_WP_006318653.1	23.077	81	87	96	78	55	2	2	79	10	82	9.77e-22	85.9
tr|A0A0B7JK74|A0A0B7JK74_9GAMM	GCF_012971725.1_WP_169940133.1	23.457	81	92	95	81	58	2	4	80	9	89	1.00e-21	86.2
tr|A0A0B7JK74|A0A0B7JK74_9GAMM	GCF_008364325.2_WP_230090436.1	23.077	81	85	96	78	55	2	2	79	8	80	1.03e-21	85.9
tr|A0A0B7JK74|A0A0B7JK74_9GAMM	GCF_019797925.1_WP_193521737.1	39.506	81	80	100	81	48	1	1	81	1	80	1.21e-21	85.6
tr|A0A0B7JK74|A0A0B7JK74_9GAMM	GCF_000014885.1_WP_020912292.1	21.519	81	87	98	79	62	0	2	80	7	85	1.22e-21	85.6
tr|A0A0B7JK74|A0A0B7JK74_9GAMM	GCF_900638135.1_WP_012146468.1	23.077	81	87	96	78	55	2	2	79	10	82	1.43e-21	85.6
tr|A0A0B7JK74|A0A0B7JK74_9GAMM	GCF_000016065.1_WP_011864074.1	20.000	81	93	99	80	63	1	1	80	6	84	1.46e-21	85.6
tr|A0A0B7JK74|A0A0B7JK74_9GAMM	GCF_016026395.1_WP_024524235.1	25.316	81	86	98	79	54	2	2	80	10	83	1.51e-21	85.4
tr|A0A0B7JK74|A0A0B7JK74_9GAMM	GCF_009831665.3_WP_006709226.1	24.359	81	87	96	78	54	2	2	79	10	82	1.56e-21	85.4
tr|A0A0B7JK74|A0A0B7JK74_9GAMM	GCF_024746855.1_WP_260492542.1	38.750	81	79	99	80	48	1	1	80	1	79	1.58e-21	85.4
tr|A0A0B7JK74|A0A0B7JK74_9GAMM	GCF_022647325.1_WP_111140597.1	23.077	81	86	96	78	55	2	2	79	10	82	1.98e-21	85.1
tr|A0A0B7JK74|A0A0B7JK74_9GAMM	GCF_002291425.1_WP_095847471.1	29.487	81	87	96	78	50	2	2	79	10	82	2.03e-21	85.1
tr|A0A0B7JK74|A0A0B7JK74_9GAMM	GCF_004116975.1_WP_064720954.1	23.750	81	86	99	80	56	2	2	81	10	84	2.32e-21	85.1
tr|A0A0B7JK74|A0A0B7JK74_9GAMM	GCF_003025345.2_WP_003155955.1	23.529	81	91	99	85	60	1	2	81	7	91	3.11e-21	84.8
tr|A0A0B7JK74|A0A0B7JK74_9GAMM	GCF_005484965.1_WP_009114129.1	19.231	81	86	96	78	58	2	2	79	10	82	3.31e-21	84.5
tr|A0A0B7JK74|A0A0B7JK74_9GAMM	GCF_000146165.2_WP_164925808.1	22.222	81	89	99	81	62	1	1	80	6	86	3.64e-21	84.5
tr|A0A0B7JK74|A0A0B7JK74_9GAMM	GCF_000019185.1_WP_012277931.1	33.000	81	100	100	100	48	1	1	81	1	100	3.76e-21	84.8
tr|A0A0B7JK74|A0A0B7JK74_9GAMM	GCF_029277985.1_WP_154623766.1	25.641	81	87	96	78	53	2	2	79	10	82	4.18e-21	84.5
tr|A0A0B7JK74|A0A0B7JK74_9GAMM	GCF_017743015.1_WP_209027287.1	22.500	81	88	99	80	57	2	2	81	10	84	4.25e-21	84.5
tr|A0A0B7JK74|A0A0B7JK74_9GAMM	GCF_017348915.1_WP_040077077.1	28.205	81	86	96	78	51	2	2	79	10	82	4.27e-21	84.2
tr|A0A0B7JK74|A0A0B7JK74_9GAMM	GCF_020541225.1_WP_226811316.1	25.641	81	86	96	78	53	2	2	79	10	82	5.46e-21	83.9
tr|A0A0B7JK74|A0A0B7JK74_9GAMM	GCF_022592395.1_WP_047255099.1	24.051	81	87	98	79	55	2	2	80	10	83	6.57e-21	83.9
tr|A0A0B7JK74|A0A0B7JK74_9GAMM	GCF_004295645.1_WP_228350951.1	24.051	81	88	98	79	55	2	2	80	11	84	6.91e-21	83.9
tr|A0A0B7JK74|A0A0B7JK74_9GAMM	GCF_014295015.1_WP_013185414.1	22.500	81	87	99	80	57	2	2	81	11	85	7.06e-21	83.7
tr|A0A0B7JK74|A0A0B7JK74_9GAMM	GCF_003074995.2_WP_015870269.1	24.051	81	86	98	79	55	2	2	80	10	83	8.00e-21	83.7
tr|A0A0B7JK74|A0A0B7JK74_9GAMM	GCF_008632455.1_WP_150048082.1	35.443	81	84	98	79	50	1	2	80	6	83	9.88e-21	83.4
tr|A0A0B7JK74|A0A0B7JK74_9GAMM	GCF_025946765.1_WP_264497926.1	21.795	81	86	96	78	56	2	2	79	10	82	1.02e-20	83.4
tr|A0A0B7JK74|A0A0B7JK74_9GAMM	GCF_002952315.1_WP_012667243.1	19.231	81	87	96	78	58	2	2	79	10	82	1.03e-20	83.4
tr|A0A0B7JK74|A0A0B7JK74_9GAMM	GCF_019047765.1_WP_040230035.1	28.205	81	86	96	78	51	2	2	79	10	82	1.06e-20	83.4
tr|A0A0B7JK74|A0A0B7JK74_9GAMM	GCF_002843235.3_WP_102139922.1	28.205	81	87	96	78	51	2	2	79	10	82	1.09e-20	83.4
tr|A0A0B7JK74|A0A0B7JK74_9GAMM	GCF_003096015.2_WP_230514010.1	25.316	81	88	98	79	54	2	2	80	11	84	1.13e-20	83.4
tr|A0A0B7JK74|A0A0B7JK74_9GAMM	GCF_003204135.1_WP_004908806.1	28.205	81	87	96	78	51	2	2	79	10	82	1.72e-20	82.8
tr|A0A0B7JK74|A0A0B7JK74_9GAMM	GCF_002393505.1_WP_006658392.1	30.769	81	87	96	78	49	2	2	79	10	82	2.48e-20	82.5
tr|A0A0B7JK74|A0A0B7JK74_9GAMM	GCF_001721185.1_WP_069317984.1	22.500	81	87	99	80	57	2	2	81	10	84	2.72e-20	82.3
tr|A0A0B7JK74|A0A0B7JK74_9GAMM	GCF_900475855.1_WP_068441311.1	25.641	81	87	96	78	53	2	2	79	10	82	2.75e-20	82.3
tr|A0A0B7JK74|A0A0B7JK74_9GAMM	GCF_900638655.1_WP_047781753.1	24.051	81	88	98	79	55	2	2	80	11	84	3.17e-20	82.3
tr|A0A0B7JK74|A0A0B7JK74_9GAMM	GCF_021365465.1_WP_016190321.1	21.795	81	87	96	78	56	2	2	79	10	82	3.86e-20	82.0
tr|A0A0B7JK74|A0A0B7JK74_9GAMM	GCF_019703835.1_WP_087020305.1	40.260	81	79	95	77	42	1	4	80	3	75	5.46e-20	81.4
tr|A0A0B7JK74|A0A0B7JK74_9GAMM	GCF_003568825.1_WP_040644076.1	26.506	81	83	99	83	58	1	1	80	1	83	5.58e-20	81.4
tr|A0A0B7JK74|A0A0B7JK74_9GAMM	GCF_900478135.1_WP_111739359.1	22.785	81	88	98	79	56	2	2	80	11	84	5.62e-20	81.4
tr|A0A0B7JK74|A0A0B7JK74_9GAMM	GCF_000785705.2_WP_036272019.1	31.646	81	82	98	79	52	2	2	80	6	82	9.71e-20	80.9
tr|A0A0B7JK74|A0A0B7JK74_9GAMM	GCF_005671395.1_WP_138095872.1	22.727	81	86	81	66	50	1	2	67	10	74	1.62e-19	80.3
tr|A0A0B7JK74|A0A0B7JK74_9GAMM	GCF_008364325.2_WP_020826409.1	27.848	81	84	98	79	54	1	2	80	7	82	2.76e-19	79.7
tr|A0A0B7JK74|A0A0B7JK74_9GAMM	GCF_017638925.1_WP_208844867.1	35.897	81	81	96	78	49	1	1	78	1	77	3.09e-19	79.4
tr|A0A0B7JK74|A0A0B7JK74_9GAMM	GCF_016026875.1_WP_045525981.1	25.316	81	89	98	79	54	3	2	80	7	80	3.34e-19	79.4
tr|A0A0B7JK74|A0A0B7JK74_9GAMM	GCF_026427595.1_WP_251812951.1	30.952	81	88	99	84	54	3	1	80	4	87	5.32e-19	79.2
tr|A0A0B7JK74|A0A0B7JK74_9GAMM	GCF_003990335.1_WP_127025819.1	28.395	81	91	100	81	57	1	1	81	5	84	8.55e-19	78.6
tr|A0A0B7JK74|A0A0B7JK74_9GAMM	GCF_020405345.1_WP_017780573.1	25.316	81	89	98	79	54	3	2	80	7	80	9.83e-19	78.3
tr|A0A0B7JK74|A0A0B7JK74_9GAMM	GCF_001677435.1_WP_068615618.1	21.739	81	90	85	69	53	1	2	70	9	76	3.32e-18	76.9
tr|A0A0B7JK74|A0A0B7JK74_9GAMM	GCF_004358345.1_WP_121852852.1	27.941	81	76	84	68	49	0	2	69	8	75	4.89e-18	76.4
tr|A0A0B7JK74|A0A0B7JK74_9GAMM	GCF_020149575.1_WP_224431657.1	25.000	81	85	99	80	55	3	2	81	7	81	9.10e-18	75.8
tr|A0A0B7JK74|A0A0B7JK74_9GAMM	GCF_020423125.1_WP_226170850.1	21.519	81	84	98	79	57	3	2	80	7	80	1.46e-17	75.2
tr|A0A0B7JK74|A0A0B7JK74_9GAMM	GCF_000018285.1_WP_012155987.1	33.663	81	102	99	101	46	1	1	80	1	101	1.90e-17	75.2
tr|A0A0B7JK74|A0A0B7JK74_9GAMM	GCF_003515105.1_WP_036973086.1	23.881	81	73	83	67	51	0	2	68	6	72	2.06e-17	74.7
tr|A0A0B7JK74|A0A0B7JK74_9GAMM	GCF_007197555.1_WP_144048375.1	26.437	81	94	100	87	58	1	1	81	6	92	2.94e-17	74.7
tr|A0A0B7JK74|A0A0B7JK74_9GAMM	GCF_000147355.1_WP_013326989.1	33.333	81	67	81	66	44	0	15	80	1	66	3.34e-17	74.1
tr|A0A0B7JK74|A0A0B7JK74_9GAMM	GCF_028355655.1_WP_087756847.1	22.785	81	84	98	79	56	3	2	80	7	80	3.98e-17	74.1
tr|A0A0B7JK74|A0A0B7JK74_9GAMM	GCF_900637545.1_WP_042651794.1	21.519	81	84	98	79	57	3	2	80	7	80	5.17e-17	73.8
tr|A0A0B7JK74|A0A0B7JK74_9GAMM	GCF_003015165.1_WP_106887831.1	21.519	81	84	98	79	57	3	2	80	7	80	1.77e-16	72.4
tr|A0A0B7JK74|A0A0B7JK74_9GAMM	GCF_014169735.1_WP_134997272.1	20.253	81	86	98	79	58	3	2	80	7	80	2.18e-16	72.4
tr|A0A0B7JK74|A0A0B7JK74_9GAMM	GCF_008693705.1_WP_127008315.1	22.785	81	84	98	79	56	3	2	80	7	80	3.74e-16	71.6
tr|A0A0B7JK74|A0A0B7JK74_9GAMM	GCF_002215215.1_WP_088918776.1	22.222	81	101	99	81	60	3	2	81	20	98	1.16e-15	70.7
tr|A0A0B7JK74|A0A0B7JK74_9GAMM	GCF_003855395.1_WP_124730567.1	37.349	81	88	98	83	48	2	2	80	4	86	1.31e-15	70.4
tr|A0A0B7JK74|A0A0B7JK74_9GAMM	GCF_020991025.1_WP_152109250.1	31.343	81	83	81	67	44	2	2	67	8	73	1.37e-15	70.2
tr|A0A0B7JK74|A0A0B7JK74_9GAMM	GCF_010093065.1_WP_238430213.1	15.942	81	83	81	69	52	2	2	67	11	76	2.03e-15	69.9
tr|A0A0B7JK74|A0A0B7JK74_9GAMM	GCF_016127195.1_WP_042032742.1	23.077	81	89	96	78	55	3	2	79	7	79	2.12e-15	69.9
tr|A0A0B7JK74|A0A0B7JK74_9GAMM	GCF_016026615.1_WP_197928313.1	21.519	81	89	98	79	57	3	2	80	7	80	2.16e-15	69.9
tr|A0A0B7JK74|A0A0B7JK74_9GAMM	GCF_001596155.1_WP_068342236.1	20.779	81	90	91	77	54	4	2	75	8	80	3.95e-15	69.3
tr|A0A0B7JK74|A0A0B7JK74_9GAMM	GCF_002157225.2_WP_086934278.1	27.778	81	80	89	72	51	1	1	72	4	74	6.09e-15	68.5
tr|A0A0B7JK74|A0A0B7JK74_9GAMM	GCF_003966655.1_WP_113527441.1	22.857	81	77	86	70	53	1	2	71	8	76	7.13e-15	68.2
tr|A0A0B7JK74|A0A0B7JK74_9GAMM	GCF_020511155.1_WP_226415657.1	29.762	81	87	99	84	55	2	1	80	4	87	9.57e-15	68.2
tr|A0A0B7JK74|A0A0B7JK74_9GAMM	GCF_003063625.1_WP_108601906.1	29.167	81	85	89	72	50	1	1	72	4	74	9.62e-15	68.2
tr|A0A0B7JK74|A0A0B7JK74_9GAMM	GCF_015209785.1_WP_193988300.1	21.875	81	73	79	64	50	0	2	65	6	69	1.08e-14	67.9
tr|A0A0B7JK74|A0A0B7JK74_9GAMM	GCF_001020955.1_WP_047250467.1	16.901	81	82	84	71	56	2	2	69	10	80	1.33e-14	67.6
tr|A0A0B7JK74|A0A0B7JK74_9GAMM	GCF_000788395.1_WP_038641921.1	27.397	81	85	89	73	51	2	2	73	5	76	1.59e-14	67.6
tr|A0A0B7JK74|A0A0B7JK74_9GAMM	GCF_001507645.1_WP_068195976.1	15.789	81	90	90	76	58	2	2	74	8	80	1.78e-14	67.6
tr|A0A0B7JK74|A0A0B7JK74_9GAMM	GCF_000014705.1_WP_011637758.1	33.735	81	88	98	83	51	2	2	80	4	86	1.88e-14	67.4
tr|A0A0B7JK74|A0A0B7JK74_9GAMM	GCF_003584645.1_WP_197716612.1	17.333	81	80	89	75	56	2	2	73	8	79	3.49e-14	66.5
tr|A0A0B7JK74|A0A0B7JK74_9GAMM	GCF_002762215.1_WP_085750011.1	15.714	81	87	83	70	53	3	2	68	9	75	3.75e-14	66.8
tr|A0A0B7JK74|A0A0B7JK74_9GAMM	GCF_002218045.2_WP_089137819.1	24.638	81	79	81	69	49	1	2	67	9	77	4.23e-14	66.5
tr|A0A0B7JK74|A0A0B7JK74_9GAMM	GCF_013462805.1_WP_009566961.1	22.857	81	77	86	70	53	1	2	71	8	76	4.83e-14	66.2
tr|A0A0B7JK74|A0A0B7JK74_9GAMM	GCF_004001245.1_WP_127478562.1	11.111	81	85	84	72	60	2	2	69	10	81	6.32e-14	65.9
tr|A0A0B7JK74|A0A0B7JK74_9GAMM	GCF_000940995.1_WP_082060442.1	21.429	81	93	86	70	55	0	10	79	16	85	7.36e-14	65.9
tr|A0A0B7JK74|A0A0B7JK74_9GAMM	GCF_020844025.1_WP_215848879.1	23.944	81	77	88	71	53	1	2	72	8	77	1.02e-13	65.4
tr|A0A0B7JK74|A0A0B7JK74_9GAMM	GCF_024347195.1_WP_271272618.1	25.373	81	77	79	67	47	2	2	65	7	73	1.26e-13	65.1
tr|A0A0B7JK74|A0A0B7JK74_9GAMM	GCF_013283835.1_WP_071626507.1	21.429	81	83	84	70	50	2	2	69	8	74	2.53e-13	64.5
tr|A0A0B7JK74|A0A0B7JK74_9GAMM	GCF_004028275.1_WP_128384077.1	22.973	81	77	86	74	52	3	2	71	3	75	2.66e-13	64.3
tr|A0A0B7JK74|A0A0B7JK74_9GAMM	GCF_003149515.1_WP_109656005.1	14.667	81	90	89	75	58	2	2	73	8	79	2.89e-13	64.5
tr|A0A0B7JK74|A0A0B7JK74_9GAMM	GCF_000801295.1_WP_171816254.1	16.418	81	99	80	67	54	1	2	66	10	76	3.25e-13	64.5
tr|A0A0B7JK74|A0A0B7JK74_9GAMM	GCF_010093065.1_WP_162331416.1	17.105	81	84	90	76	57	3	2	74	11	83	4.70e-13	63.7
tr|A0A0B7JK74|A0A0B7JK74_9GAMM	GCF_902810445.1_WP_197744199.1	22.222	81	78	85	72	50	3	2	70	7	75	6.80e-13	63.4
tr|A0A0B7JK74|A0A0B7JK74_9GAMM	GCF_003955735.1_WP_126127786.1	19.512	81	91	98	82	58	4	2	80	12	88	7.33e-13	63.4
tr|A0A0B7JK74|A0A0B7JK74_9GAMM	GCF_006337165.1_WP_139515111.1	19.718	81	82	81	71	48	3	2	67	8	74	7.56e-13	63.1
tr|A0A0B7JK74|A0A0B7JK74_9GAMM	GCF_004355185.1_WP_133271280.1	18.310	81	81	81	71	49	3	2	67	7	73	8.05e-13	63.1
tr|A0A0B7JK74|A0A0B7JK74_9GAMM	GCF_008728635.1_WP_151087836.1	17.722	81	90	94	79	58	4	2	77	8	82	8.86e-13	63.1
tr|A0A0B7JK74|A0A0B7JK74_9GAMM	GCF_003353065.1_WP_114983154.1	16.667	81	84	79	66	50	2	2	65	11	73	1.05e-12	62.8
tr|A0A0B7JK74|A0A0B7JK74_9GAMM	GCF_023650495.1_WP_250655372.1	28.235	81	88	100	85	57	2	1	81	4	88	1.20e-12	62.8
tr|A0A0B7JK74|A0A0B7JK74_9GAMM	GCF_013177675.1_WP_172128285.1	21.918	81	81	88	73	52	2	2	72	8	77	1.23e-12	62.6
tr|A0A0B7JK74|A0A0B7JK74_9GAMM	GCF_000024005.1_WP_012793320.1	15.789	81	84	90	76	58	2	2	74	11	83	1.23e-12	62.8
tr|A0A0B7JK74|A0A0B7JK74_9GAMM	GCF_027625995.1_WP_270126807.1	19.718	81	82	81	71	48	3	2	67	8	74	1.33e-12	62.6
tr|A0A0B7JK74|A0A0B7JK74_9GAMM	GCF_000021985.1_WP_012639500.1	14.706	81	82	79	68	54	2	2	65	8	75	1.43e-12	62.6
tr|A0A0B7JK74|A0A0B7JK74_9GAMM	GCF_022811645.1_WP_243511723.1	14.493	81	90	81	69	53	2	2	67	8	73	1.51e-12	62.6
tr|A0A0B7JK74|A0A0B7JK74_9GAMM	GCF_016613475.2_WP_200606805.1	17.143	81	90	83	70	52	2	2	68	11	77	1.77e-12	62.6
tr|A0A0B7JK74|A0A0B7JK74_9GAMM	GCF_001444405.1_WP_058032142.1	29.577	81	87	88	71	50	0	1	71	1	71	1.82e-12	62.3
tr|A0A0B7JK74|A0A0B7JK74_9GAMM	GCF_013137895.1_WP_135435790.1	18.310	81	83	81	71	49	3	2	67	9	75	1.84e-12	62.3
tr|A0A0B7JK74|A0A0B7JK74_9GAMM	GCF_000013765.1_WP_011496543.1	22.892	81	106	98	83	60	2	2	80	23	105	1.88e-12	62.6
tr|A0A0B7JK74|A0A0B7JK74_9GAMM	GCF_000576555.1_WP_044000633.1	21.127	81	83	81	71	47	3	2	67	9	75	1.90e-12	62.3
tr|A0A0B7JK74|A0A0B7JK74_9GAMM	GCF_009662475.1_WP_031573754.1	23.288	81	79	90	73	55	1	2	74	8	79	2.17e-12	62.0
tr|A0A0B7JK74|A0A0B7JK74_9GAMM	GCF_002355735.1_WP_096359192.1	14.286	81	83	83	70	57	2	2	68	13	82	3.18e-12	61.7
tr|A0A0B7JK74|A0A0B7JK74_9GAMM	GCF_009755585.1_WP_157030071.1	14.493	81	85	81	69	53	2	2	67	8	73	3.56e-12	61.4
tr|A0A0B7JK74|A0A0B7JK74_9GAMM	GCF_000321415.2_WP_015260329.1	10.959	81	93	86	73	62	2	2	71	10	82	3.59e-12	61.7
tr|A0A0B7JK74|A0A0B7JK74_9GAMM	GCF_001955715.1_WP_029708890.1	20.548	81	80	86	73	52	3	2	71	7	76	3.64e-12	61.4
tr|A0A0B7JK74|A0A0B7JK74_9GAMM	GCF_021654855.1_WP_237262080.1	29.412	81	70	80	68	45	1	2	66	3	70	3.75e-12	61.2
tr|A0A0B7JK74|A0A0B7JK74_9GAMM	GCF_003970675.1_WP_126615366.1	21.212	81	76	81	66	47	3	2	67	13	73	3.90e-12	61.4
tr|A0A0B7JK74|A0A0B7JK74_9GAMM	GCF_017742995.1_WP_247749573.1	37.209	81	48	53	43	27	0	1	43	1	43	3.92e-12	60.9
tr|A0A0B7JK74|A0A0B7JK74_9GAMM	GCF_000212735.1_WP_013764159.1	15.789	81	83	90	76	58	2	2	74	10	82	4.01e-12	61.4
tr|A0A0B7JK74|A0A0B7JK74_9GAMM	GCF_013343005.1_WP_078482823.1	16.216	81	84	86	74	58	2	2	71	8	81	4.14e-12	61.4
tr|A0A0B7JK74|A0A0B7JK74_9GAMM	GCF_003967195.1_WP_172597571.1	21.333	81	83	88	75	55	3	2	72	9	83	4.37e-12	61.4
tr|A0A0B7JK74|A0A0B7JK74_9GAMM	GCF_018736065.1_WP_144074266.1	22.059	81	76	84	68	48	3	2	69	13	75	4.83e-12	61.2
tr|A0A0B7JK74|A0A0B7JK74_9GAMM	GCF_002355415.1_WP_148665551.1	11.594	81	87	81	69	58	2	2	67	17	85	5.84e-12	61.2
tr|A0A0B7JK74|A0A0B7JK74_9GAMM	GCF_013201665.1_WP_128359868.1	20.833	81	81	86	72	52	2	2	71	8	76	5.95e-12	60.9
tr|A0A0B7JK74|A0A0B7JK74_9GAMM	GCF_001651805.1_WP_067384150.1	20.588	81	78	79	68	50	3	2	65	7	74	6.59e-12	60.9
tr|A0A0B7JK74|A0A0B7JK74_9GAMM	GCF_000012325.1_WP_011045621.1	29.412	81	84	84	68	47	1	2	69	5	71	7.21e-12	60.9
tr|A0A0B7JK74|A0A0B7JK74_9GAMM	GCF_013201725.1_WP_014475480.1	22.857	81	74	84	70	49	2	2	69	8	74	7.97e-12	60.6
tr|A0A0B7JK74|A0A0B7JK74_9GAMM	GCF_008807855.1_WP_063240334.1	18.571	81	83	83	70	51	2	2	68	11	77	1.04e-11	60.3
tr|A0A0B7JK74|A0A0B7JK74_9GAMM	GCF_004798725.1_WP_010811758.1	15.714	81	83	83	70	53	2	2	68	11	77	1.04e-11	60.3
tr|A0A0B7JK74|A0A0B7JK74_9GAMM	GCF_002142475.1_WP_026148861.1	16.901	81	86	84	71	53	2	2	69	7	74	1.06e-11	60.3
tr|A0A0B7JK74|A0A0B7JK74_9GAMM	GCF_000026085.1_WP_041454550.1	20.896	81	73	81	67	51	2	2	67	6	71	1.06e-11	60.0
tr|A0A0B7JK74|A0A0B7JK74_9GAMM	GCF_019931735.1_WP_223417223.1	22.619	81	87	99	84	61	2	1	80	3	86	1.14e-11	60.3
tr|A0A0B7JK74|A0A0B7JK74_9GAMM	GCF_010119975.1_WP_162445115.1	12.987	81	365	90	77	59	3	2	74	14	86	1.26e-11	64.3
tr|A0A0B7JK74|A0A0B7JK74_9GAMM	GCF_000012805.1_WP_011330264.1	20.833	81	85	85	72	51	3	2	70	7	75	1.27e-11	60.0
tr|A0A0B7JK74|A0A0B7JK74_9GAMM	GCF_000014785.1_WP_011630183.1	15.493	81	83	84	71	57	2	2	69	13	83	1.45e-11	60.0
tr|A0A0B7JK74|A0A0B7JK74_9GAMM	GCF_004421105.1_WP_134356453.1	19.444	81	80	85	72	52	3	2	70	7	75	1.60e-11	59.8
tr|A0A0B7JK74|A0A0B7JK74_9GAMM	GCF_000143085.1_WP_013221711.1	20.833	81	82	85	72	51	3	2	70	7	75	1.64e-11	59.8
tr|A0A0B7JK74|A0A0B7JK74_9GAMM	GCF_006385555.1_WP_140234395.1	27.711	81	87	98	83	56	2	2	80	4	86	1.82e-11	59.8
tr|A0A0B7JK74|A0A0B7JK74_9GAMM	GCF_020091585.1_WP_224339804.1	12.857	81	82	83	70	55	3	2	68	7	73	2.39e-11	59.5
tr|A0A0B7JK74|A0A0B7JK74_9GAMM	GCF_009938015.1_WP_223264517.1	15.714	81	90	81	70	55	3	2	67	10	79	2.40e-11	59.5
tr|A0A0B7JK74|A0A0B7JK74_9GAMM	GCF_003346775.1_WP_114843067.1	18.571	81	84	84	70	52	2	2	69	8	74	2.49e-11	59.5
tr|A0A0B7JK74|A0A0B7JK74_9GAMM	GCF_000092245.1_WP_013136435.1	17.391	81	76	83	69	52	2	2	68	5	70	3.33e-11	58.9
tr|A0A0B7JK74|A0A0B7JK74_9GAMM	GCF_022827545.1_WP_243798205.1	18.310	81	82	81	71	49	3	2	67	8	74	3.61e-11	58.9
tr|A0A0B7JK74|A0A0B7JK74_9GAMM	GCF_003574965.1_WP_119445661.1	22.535	81	82	81	71	46	3	2	67	8	74	3.61e-11	58.9
tr|A0A0B7JK74|A0A0B7JK74_9GAMM	GCF_003346815.1_WP_114840342.1	19.444	81	82	86	72	53	2	2	71	8	76	4.44e-11	58.6
tr|A0A0B7JK74|A0A0B7JK74_9GAMM	GCF_024347275.1_WP_019620968.1	21.053	81	82	89	76	56	3	2	73	7	82	4.69e-11	58.6
tr|A0A0B7JK74|A0A0B7JK74_9GAMM	GCF_018389385.1_WP_218082190.1	16.176	81	91	80	68	51	2	2	66	21	85	6.18e-11	58.6
tr|A0A0B7JK74|A0A0B7JK74_9GAMM	GCF_000238255.3_WP_010559905.1	25.352	81	86	86	71	51	2	2	71	5	74	6.61e-11	58.3
tr|A0A0B7JK74|A0A0B7JK74_9GAMM	GCF_002356115.1_WP_096526481.1	19.718	81	78	84	71	51	2	2	69	7	74	6.85e-11	58.1
tr|A0A0B7JK74|A0A0B7JK74_9GAMM	GCF_024347675.1_WP_261833361.1	37.778	81	54	56	45	27	1	1	45	1	44	7.06e-11	57.8
tr|A0A0B7JK74|A0A0B7JK74_9GAMM	GCF_003544915.1_WP_118918525.1	19.118	81	73	81	68	50	2	2	67	8	72	7.97e-11	57.8
tr|A0A0B7JK74|A0A0B7JK74_9GAMM	GCF_024347255.1_WP_091360415.1	26.471	81	79	79	68	46	3	2	65	7	74	1.35e-10	57.5
tr|A0A0B7JK74|A0A0B7JK74_9GAMM	GCF_019891175.1_WP_225938383.1	11.429	81	93	83	70	56	3	1	67	14	80	1.39e-10	57.8
tr|A0A0B7JK74|A0A0B7JK74_9GAMM	GCF_013177635.1_WP_129095542.1	20.896	81	72	80	67	48	2	2	66	8	71	1.42e-10	57.2
tr|A0A0B7JK74|A0A0B7JK74_9GAMM	GCF_001956695.1_WP_076086034.1	11.429	81	77	83	70	56	3	2	68	5	71	1.59e-10	57.2
tr|A0A0B7JK74|A0A0B7JK74_9GAMM	GCF_024347215.1_WP_261843265.1	19.403	81	77	79	67	51	2	2	65	7	73	1.78e-10	57.2
tr|A0A0B7JK74|A0A0B7JK74_9GAMM	GCF_000227685.2_WP_006746304.1	12.676	81	83	84	71	59	2	2	69	10	80	1.87e-10	57.2
tr|A0A0B7JK74|A0A0B7JK74_9GAMM	GCF_013282625.1_WP_173286717.1	17.391	81	67	85	69	53	2	2	70	3	67	2.21e-10	56.7
tr|A0A0B7JK74|A0A0B7JK74_9GAMM	GCF_000006765.1_NP_249630.1	28.235	81	108	99	85	56	1	2	81	7	91	2.46e-10	57.2
tr|A0A0B7JK74|A0A0B7JK74_9GAMM	GCF_000317125.1_WP_015155280.1	14.286	81	81	83	70	54	3	1	67	6	72	2.77e-10	56.7
tr|A0A0B7JK74|A0A0B7JK74_9GAMM	GCF_001442805.1_WP_057942092.1	14.286	81	88	83	70	54	2	2	68	11	77	2.87e-10	56.7
tr|A0A0B7JK74|A0A0B7JK74_9GAMM	GCF_000828615.1_WP_041064380.1	15.493	81	80	83	71	56	3	2	68	10	80	2.98e-10	56.7
tr|A0A0B7JK74|A0A0B7JK74_9GAMM	GCF_004214795.1_WP_130234502.1	17.391	81	78	83	69	52	2	2	68	8	73	3.38e-10	56.4
tr|A0A0B7JK74|A0A0B7JK74_9GAMM	GCF_013201935.1_WP_129014602.1	20.896	81	72	80	67	48	2	2	66	8	71	3.57e-10	56.4
tr|A0A0B7JK74|A0A0B7JK74_9GAMM	GCF_013283835.1_WP_071625892.1	12.500	81	79	83	72	55	2	2	68	5	73	4.06e-10	56.1
tr|A0A0B7JK74|A0A0B7JK74_9GAMM	GCF_011398355.1_WP_173270160.1	21.538	81	65	80	65	47	2	2	66	3	63	4.78e-10	55.8
tr|A0A0B7JK74|A0A0B7JK74_9GAMM	GCF_002557795.1_WP_098194977.1	18.919	81	89	84	74	50	3	2	69	11	80	6.51e-10	55.8
tr|A0A0B7JK74|A0A0B7JK74_9GAMM	GCF_000018105.1_WP_012162738.1	17.143	81	86	83	70	52	2	1	67	6	72	7.79e-10	55.5
tr|A0A0B7JK74|A0A0B7JK74_9GAMM	GCF_011398155.1_WP_173291533.1	18.571	81	71	86	70	54	1	2	71	3	69	9.80e-10	55.0
tr|A0A0B7JK74|A0A0B7JK74_9GAMM	GCF_009937995.1_WP_179954406.1	20.548	81	79	85	73	54	2	2	70	7	79	1.19e-09	55.0
tr|A0A0B7JK74|A0A0B7JK74_9GAMM	GCF_000317575.1_WP_015193670.1	14.493	81	74	81	69	53	2	2	67	7	72	1.53e-09	54.7
tr|A0A0B7JK74|A0A0B7JK74_9GAMM	GCF_001956695.1_WP_076086043.1	19.444	81	77	86	72	53	2	2	71	7	75	1.64e-09	54.7
tr|A0A0B7JK74|A0A0B7JK74_9GAMM	GCF_000024725.1_WP_013031543.1	19.444	81	81	85	72	52	3	2	70	7	75	1.94e-09	54.4
tr|A0A0B7JK74|A0A0B7JK74_9GAMM	GCF_013201665.1_WP_128358834.1	11.594	81	76	83	69	56	2	2	68	5	70	2.13e-09	54.4
tr|A0A0B7JK74|A0A0B7JK74_9GAMM	GCF_001723605.1_WP_069479051.1	11.594	81	76	83	69	56	2	2	68	5	70	2.56e-09	54.1
tr|A0A0B7JK74|A0A0B7JK74_9GAMM	GCF_013201935.1_WP_128987185.1	14.493	81	76	83	69	54	2	2	68	5	70	2.72e-09	54.1
tr|A0A0B7JK74|A0A0B7JK74_9GAMM	GCF_023733635.1_WP_039959400.1	17.647	81	89	79	68	52	2	2	65	7	74	3.44e-09	54.1
tr|A0A0B7JK74|A0A0B7JK74_9GAMM	GCF_000222485.1_WP_014022977.1	18.056	81	85	85	72	53	3	2	70	10	78	4.68e-09	53.6
tr|A0A0B7JK74|A0A0B7JK74_9GAMM	GCF_001050135.1_WP_048644179.1	21.429	81	88	83	70	49	3	2	68	10	76	5.85e-09	53.6
tr|A0A0B7JK74|A0A0B7JK74_9GAMM	GCF_003544815.1_WP_118886031.1	13.043	81	76	83	69	55	2	2	68	5	70	6.27e-09	53.0
tr|A0A0B7JK74|A0A0B7JK74_9GAMM	GCF_013177635.1_WP_129095951.1	13.043	81	76	83	69	55	2	2	68	5	70	6.68e-09	53.0
tr|A0A0B7JK74|A0A0B7JK74_9GAMM	GCF_000265505.1_WP_014796533.1	16.667	81	97	84	78	55	2	2	69	9	86	8.00e-09	53.3
tr|A0A0B7JK74|A0A0B7JK74_9GAMM	GCF_002309535.1_WP_096047558.1	14.493	81	88	83	69	54	2	2	68	5	70	8.49e-09	53.0
tr|A0A0B7JK74|A0A0B7JK74_9GAMM	GCF_004293625.1_WP_130538367.1	23.729	81	71	73	59	41	2	2	60	3	57	1.27e-08	52.2
tr|A0A0B7JK74|A0A0B7JK74_9GAMM	GCF_003722295.1_WP_010573895.1	15.493	81	75	81	71	52	3	2	67	7	74	2.40e-08	51.6
tr|A0A0B7JK74|A0A0B7JK74_9GAMM	GCF_011398355.1_WP_173270199.1	16.667	81	66	81	66	51	2	2	67	3	64	2.97e-08	51.3
tr|A0A0B7JK74|A0A0B7JK74_9GAMM	GCF_005166025.1_WP_137090244.1	19.444	81	84	84	72	50	3	2	69	8	75	3.48e-08	51.3
tr|A0A0B7JK74|A0A0B7JK74_9GAMM	GCF_003143555.1_WP_109340539.1	19.178	81	84	88	73	57	1	4	74	5	77	3.98e-08	51.3
tr|A0A0B7JK74|A0A0B7JK74_9GAMM	GCF_008122265.1_WP_148863603.1	17.143	81	84	83	70	52	2	2	68	7	73	4.27e-08	51.0
tr|A0A0B7JK74|A0A0B7JK74_9GAMM	GCF_000265295.1_WP_014770430.1	14.493	81	76	83	69	54	2	2	68	5	70	5.92e-08	50.8
tr|A0A0B7JK74|A0A0B7JK74_9GAMM	GCF_000568815.1_WP_025346049.1	10.145	81	76	83	69	57	2	2	68	5	70	7.28e-08	50.5
tr|A0A0B7JK74|A0A0B7JK74_9GAMM	GCF_000242635.2_WP_014682426.1	7.353	81	83	80	68	57	2	6	70	11	75	4.68e-07	48.5
tr|A0A0B7JK74|A0A0B7JK74_9GAMM	GCF_013177675.1_WP_172126669.1	11.594	81	77	83	69	56	2	2	68	5	70	8.78e-07	47.7
tr|A0A0B7JK74|A0A0B7JK74_9GAMM	GCF_011764585.1_WP_188200227.1	10.526	81	63	65	57	47	2	14	66	1	57	1.22e-04	42.0
tr|A0A0B7JK74|A0A0B7JK74_9GAMM	GCF_000484535.1_WP_023173213.1	16.176	81	91	84	68	57	0	4	71	24	91	2.36e-04	41.8
tr|A0A0B7JK74|A0A0B7JK74_9GAMM	GCF_003346815.1_WP_114840344.1	14.493	81	84	83	69	54	4	2	68	7	72	2.98e-04	41.5
tr|A0A0B7JK74|A0A0B7JK74_9GAMM	GCF_003967275.1_WP_197721837.1	16.418	81	78	79	67	53	2	2	65	8	74	3.07e-04	41.2
tr|A0A0B7JK74|A0A0B7JK74_9GAMM	GCF_005281475.1_WP_137401239.1	16.216	81	81	88	74	55	4	2	72	6	75	3.85e-04	40.9
tr|A0A0B7JK74|A0A0B7JK74_9GAMM	GCF_021018745.1_WP_230843504.1	12.308	81	92	80	65	57	0	4	68	24	88	0.001	40.1
tr|A0A0B7JK74|A0A0B7JK74_9GAMM	GCF_000011385.1_WP_011141833.1	12.308	81	92	80	65	57	0	4	68	24	88	0.001	39.8
tr|A0A0B7JK74|A0A0B7JK74_9GAMM	GCF_001705075.2_WP_065970077.1	13.846	81	78	77	65	53	2	2	63	8	72	0.001	39.5
tr|A0A0B7JK74|A0A0B7JK74_9GAMM	GCF_006575665.1_WP_141613356.1	15.493	81	81	84	71	53	4	2	69	6	72	0.002	39.2
tr|A0A0B7JK74|A0A0B7JK74_9GAMM	GCF_018388465.1_WP_208290210.1	11.765	81	316	81	68	58	1	8	73	139	206	0.003	40.9
tr|A0A0B7JK74|A0A0B7JK74_9GAMM	GCF_003945325.1_WP_125566010.1	11.111	81	327	70	63	50	2	16	72	165	227	0.004	40.3
tr|A0A0B7JK74|A0A0B7JK74_9GAMM	GCF_003260975.1_WP_112783789.1	12.329	81	81	86	73	57	4	2	71	6	74	0.005	38.1
tr|A0A0B7JK74|A0A0B7JK74_9GAMM	GCF_026278345.1_WP_266369249.1	12.987	81	90	91	77	60	3	2	75	7	79	0.008	37.8
