tr|A0A144RC60|A0A144RC60_ENTCL	GCF_001518835.1_WP_059308693.1	91.860	86	86	100	86	7	0	1	86	1	86	2.82e-39	130
tr|A0A144RC60|A0A144RC60_ENTCL	GCF_001461805.1_WP_013367515.1	88.372	86	86	100	86	10	0	1	86	1	86	3.57e-39	130
tr|A0A144RC60|A0A144RC60_ENTCL	GCF_009036245.1_WP_025756830.1	95.349	86	86	100	86	4	0	1	86	1	86	4.46e-39	130
tr|A0A144RC60|A0A144RC60_ENTCL	GCF_009176645.1_WP_152083529.1	94.186	86	86	100	86	5	0	1	86	1	86	4.57e-39	130
tr|A0A144RC60|A0A144RC60_ENTCL	GCF_021172065.1_WP_015965827.1	84.884	86	86	100	86	13	0	1	86	1	86	6.33e-39	129
tr|A0A144RC60|A0A144RC60_ENTCL	GCF_020097475.1_WP_000062318.1	89.535	86	86	100	86	9	0	1	86	1	86	1.01e-38	129
tr|A0A144RC60|A0A144RC60_ENTCL	GCF_007632255.1_WP_015368146.1	82.558	86	86	100	86	15	0	1	86	1	86	1.27e-38	129
tr|A0A144RC60|A0A144RC60_ENTCL	GCF_001683395.1_WP_017458015.1	84.884	86	86	100	86	13	0	1	86	1	86	1.27e-38	129
tr|A0A144RC60|A0A144RC60_ENTCL	GCF_001022135.1_WP_039078449.1	89.535	86	86	100	86	9	0	1	86	1	86	1.72e-38	128
tr|A0A144RC60|A0A144RC60_ENTCL	GCF_003594935.2_WP_006173581.1	96.512	86	86	100	86	3	0	1	86	1	86	1.82e-38	128
tr|A0A144RC60|A0A144RC60_ENTCL	GCF_001658025.2_WP_007373243.1	83.721	86	86	100	86	14	0	1	86	1	86	1.82e-38	128
tr|A0A144RC60|A0A144RC60_ENTCL	GCF_027886705.1_WP_061497537.1	83.721	86	86	100	86	14	0	1	86	1	86	2.39e-38	128
tr|A0A144RC60|A0A144RC60_ENTCL	GCF_000224675.1_WP_010426685.1	96.512	86	86	100	86	3	0	1	86	1	86	2.39e-38	128
tr|A0A144RC60|A0A144RC60_ENTCL	GCF_001729805.1_WP_008501890.1	96.512	86	86	100	86	3	0	1	86	1	86	2.45e-38	128
tr|A0A144RC60|A0A144RC60_ENTCL	GCF_015137655.1_WP_028015593.1	95.349	86	86	100	86	4	0	1	86	1	86	2.52e-38	128
tr|A0A144RC60|A0A144RC60_ENTCL	GCF_000006925.2_NP_706134.1	88.372	86	86	100	86	10	0	1	86	1	86	3.55e-38	128
tr|A0A144RC60|A0A144RC60_ENTCL	GCF_025914095.1_WP_031518416.1	93.023	86	86	100	86	6	0	1	86	1	86	3.82e-38	127
tr|A0A144RC60|A0A144RC60_ENTCL	GCF_009363135.1_WP_090122691.1	83.721	86	86	100	86	14	0	1	86	1	86	4.88e-38	127
tr|A0A144RC60|A0A144RC60_ENTCL	GCF_001750725.1_WP_014168720.1	98.837	86	86	100	86	1	0	1	86	1	86	5.12e-38	127
tr|A0A144RC60|A0A144RC60_ENTCL	GCF_023195735.1_WP_035891978.1	82.558	86	86	100	86	15	0	1	86	1	86	6.25e-38	127
tr|A0A144RC60|A0A144RC60_ENTCL	GCF_003812345.1_WP_003018503.1	88.372	86	86	100	86	10	0	1	86	1	86	7.09e-38	127
tr|A0A144RC60|A0A144RC60_ENTCL	GCF_004353845.1_WP_103768334.1	87.209	86	86	100	86	11	0	1	86	1	86	7.15e-38	127
tr|A0A144RC60|A0A144RC60_ENTCL	GCF_009649915.1_WP_062772223.1	83.721	86	86	100	86	14	0	1	86	1	86	7.44e-38	127
tr|A0A144RC60|A0A144RC60_ENTCL	GCF_001277255.1_WP_007666633.1	86.047	86	86	100	86	12	0	1	86	1	86	7.80e-38	127
tr|A0A144RC60|A0A144RC60_ENTCL	GCF_004684345.1_WP_135323069.1	86.047	86	86	100	86	12	0	1	86	1	86	7.87e-38	127
tr|A0A144RC60|A0A144RC60_ENTCL	GCF_019048625.1_WP_023305471.1	94.186	86	86	100	86	5	0	1	86	1	86	8.38e-38	126
tr|A0A144RC60|A0A144RC60_ENTCL	GCF_001558935.2_WP_042323659.1	88.372	86	86	100	86	10	0	1	86	1	86	8.52e-38	126
tr|A0A144RC60|A0A144RC60_ENTCL	GCF_900638065.1_WP_048212636.1	87.209	86	86	100	86	11	0	1	86	1	86	1.06e-37	126
tr|A0A144RC60|A0A144RC60_ENTCL	GCF_021278985.1_WP_012904575.1	88.372	86	86	100	86	10	0	1	86	1	86	1.16e-37	126
tr|A0A144RC60|A0A144RC60_ENTCL	GCF_001277175.1_WP_007760020.1	84.884	86	86	100	86	13	0	1	86	1	86	1.32e-37	126
tr|A0A144RC60|A0A144RC60_ENTCL	GCF_000240185.1_YP_005225236.1	84.884	86	86	100	86	13	0	1	86	1	86	1.56e-37	126
tr|A0A144RC60|A0A144RC60_ENTCL	GCF_022637515.1_WP_064539750.1	86.047	86	86	100	86	12	0	1	86	1	86	1.60e-37	126
tr|A0A144RC60|A0A144RC60_ENTCL	GCF_016904755.1_WP_059234959.1	88.235	86	86	99	85	10	0	1	85	1	85	1.61e-37	126
tr|A0A144RC60|A0A144RC60_ENTCL	GCF_003261575.2_WP_110272453.1	83.721	86	86	100	86	14	0	1	86	1	86	1.63e-37	126
tr|A0A144RC60|A0A144RC60_ENTCL	GCF_018128425.1_WP_042289833.1	90.698	86	86	100	86	8	0	1	86	1	86	1.76e-37	126
tr|A0A144RC60|A0A144RC60_ENTCL	GCF_003812925.1_WP_004107903.1	84.884	86	86	100	86	13	0	1	86	1	86	1.89e-37	126
tr|A0A144RC60|A0A144RC60_ENTCL	GCF_001277195.1_WP_032966924.1	86.047	86	86	100	86	12	0	1	86	1	86	2.26e-37	125
tr|A0A144RC60|A0A144RC60_ENTCL	GCF_001277215.2_WP_007776988.1	84.884	86	86	100	86	13	0	1	86	1	86	2.37e-37	125
tr|A0A144RC60|A0A144RC60_ENTCL	GCF_018139045.1_WP_004129134.1	82.558	86	86	100	86	15	0	1	86	1	86	2.39e-37	125
tr|A0A144RC60|A0A144RC60_ENTCL	GCF_009648935.1_WP_047417117.1	87.209	86	86	100	86	11	0	1	86	1	86	2.39e-37	125
tr|A0A144RC60|A0A144RC60_ENTCL	GCF_002393445.1_WP_061273728.1	87.059	86	86	99	85	11	0	1	85	1	85	2.83e-37	125
tr|A0A144RC60|A0A144RC60_ENTCL	GCF_015139575.1_WP_004098776.1	83.721	86	86	100	86	14	0	1	86	1	86	3.59e-37	125
tr|A0A144RC60|A0A144RC60_ENTCL	GCF_006711645.1_WP_100682484.1	80.233	86	86	100	86	17	0	1	86	1	86	3.65e-37	125
tr|A0A144RC60|A0A144RC60_ENTCL	GCF_012029655.1_WP_041144145.1	80.233	86	86	100	86	17	0	1	86	1	86	3.79e-37	125
tr|A0A144RC60|A0A144RC60_ENTCL	GCF_022637595.1_WP_004858152.1	82.558	86	86	100	86	15	0	1	86	1	86	4.97e-37	125
tr|A0A144RC60|A0A144RC60_ENTCL	GCF_003935895.2_WP_110510858.1	85.882	86	86	99	85	12	0	1	85	1	85	7.40e-37	124
tr|A0A144RC60|A0A144RC60_ENTCL	GCF_000018045.1_WP_024130681.1	88.372	86	86	100	86	10	0	1	86	1	86	8.07e-37	124
tr|A0A144RC60|A0A144RC60_ENTCL	GCF_000439255.1_WP_000062328.1	81.395	86	86	100	86	16	0	1	86	1	86	9.62e-37	124
tr|A0A144RC60|A0A144RC60_ENTCL	GCF_000834395.1_WP_042546713.1	80.233	86	86	100	86	17	0	1	86	1	86	9.85e-37	124
tr|A0A144RC60|A0A144RC60_ENTCL	GCF_900635955.1_WP_126357486.1	87.059	86	86	99	85	11	0	1	85	1	85	1.04e-36	124
tr|A0A144RC60|A0A144RC60_ENTCL	GCF_013234275.1_WP_172895488.1	86.047	86	86	100	86	12	0	1	86	1	86	1.45e-36	123
tr|A0A144RC60|A0A144RC60_ENTCL	GCF_004124235.1_WP_025377303.1	80.233	86	86	100	86	17	0	1	86	1	86	1.87e-36	123
tr|A0A144RC60|A0A144RC60_ENTCL	GCF_011068345.1_WP_002436992.1	87.059	86	86	99	85	11	0	1	85	1	85	1.89e-36	123
tr|A0A144RC60|A0A144RC60_ENTCL	GCF_024224615.1_WP_125293588.1	85.882	86	86	99	85	12	0	1	85	1	85	2.20e-36	123
tr|A0A144RC60|A0A144RC60_ENTCL	GCF_002163605.1_WP_157665988.1	76.744	86	86	100	86	20	0	1	86	1	86	2.32e-36	123
tr|A0A144RC60|A0A144RC60_ENTCL	GCF_000005845.2_NP_414731.2	88.095	86	84	98	84	10	0	3	86	1	84	2.46e-36	123
tr|A0A144RC60|A0A144RC60_ENTCL	GCF_019797845.1_WP_222158377.1	72.093	86	86	100	86	24	0	1	86	1	86	2.93e-36	123
tr|A0A144RC60|A0A144RC60_ENTCL	GCF_013282725.1_WP_032813813.1	79.070	86	86	100	86	18	0	1	86	1	86	2.93e-36	123
tr|A0A144RC60|A0A144RC60_ENTCL	GCF_000222975.1_WP_002218374.1	79.070	86	86	100	86	18	0	1	86	1	86	2.97e-36	123
tr|A0A144RC60|A0A144RC60_ENTCL	GCF_025758125.1_WP_023480196.1	79.070	86	86	100	86	18	0	1	86	1	86	3.19e-36	123
tr|A0A144RC60|A0A144RC60_ENTCL	GCF_000006945.2_NP_459242.1	81.395	86	86	100	86	16	0	1	86	1	86	3.71e-36	122
tr|A0A144RC60|A0A144RC60_ENTCL	GCF_000834455.1_WP_032817050.1	77.907	86	86	100	86	19	0	1	86	1	86	3.77e-36	122
tr|A0A144RC60|A0A144RC60_ENTCL	GCF_025133195.1_WP_032910235.1	75.581	86	86	100	86	21	0	1	86	1	86	4.05e-36	122
tr|A0A144RC60|A0A144RC60_ENTCL	GCF_000010085.1_WP_011411656.1	61.905	86	86	98	84	32	0	1	84	1	84	4.75e-36	122
tr|A0A144RC60|A0A144RC60_ENTCL	GCF_000517425.1_WP_025421126.1	63.095	86	86	98	84	31	0	1	84	1	84	4.83e-36	122
tr|A0A144RC60|A0A144RC60_ENTCL	GCF_021276285.1_WP_095923198.1	73.810	86	86	98	84	22	0	1	84	1	84	6.48e-36	122
tr|A0A144RC60|A0A144RC60_ENTCL	GCF_005484945.1_WP_137712817.1	73.256	86	86	100	86	23	0	1	86	1	86	6.69e-36	122
tr|A0A144RC60|A0A144RC60_ENTCL	GCF_900095885.1_WP_035340381.1	73.256	86	86	100	86	23	0	1	86	1	86	7.78e-36	121
tr|A0A144RC60|A0A144RC60_ENTCL	GCF_009914055.1_WP_160619715.1	70.930	86	87	100	86	25	0	1	86	1	86	9.21e-36	121
tr|A0A144RC60|A0A144RC60_ENTCL	GCF_012427845.1_WP_012773648.1	72.093	86	86	100	86	24	0	1	86	1	86	1.02e-35	121
tr|A0A144RC60|A0A144RC60_ENTCL	GCF_002953195.1_WP_038628016.1	69.767	86	87	100	86	26	0	1	86	1	86	1.08e-35	121
tr|A0A144RC60|A0A144RC60_ENTCL	GCF_002288545.1_WP_029367608.1	70.930	86	86	100	86	25	0	1	86	1	86	1.45e-35	121
tr|A0A144RC60|A0A144RC60_ENTCL	GCF_009730055.1_WP_032906500.1	79.070	86	86	100	86	18	0	1	86	1	86	1.47e-35	121
tr|A0A144RC60|A0A144RC60_ENTCL	GCF_017498685.1_WP_038245151.1	76.744	86	86	100	86	20	0	1	86	1	86	1.74e-35	121
tr|A0A144RC60|A0A144RC60_ENTCL	GCF_022637475.1_WP_013574214.1	72.619	86	86	98	84	23	0	1	84	1	84	1.92e-35	121
tr|A0A144RC60|A0A144RC60_ENTCL	GCF_000520015.2_WP_024910172.1	69.767	86	87	100	86	26	0	1	86	1	86	2.45e-35	120
tr|A0A144RC60|A0A144RC60_ENTCL	GCF_000262305.1_WP_002441069.1	80.233	86	86	100	86	17	0	1	86	1	86	2.46e-35	120
tr|A0A144RC60|A0A144RC60_ENTCL	GCF_000233595.1_WP_013024706.1	74.118	86	86	99	85	22	0	1	85	1	85	2.77e-35	120
tr|A0A144RC60|A0A144RC60_ENTCL	GCF_002101395.1_WP_085067900.1	69.767	86	87	100	86	26	0	1	86	1	86	2.82e-35	120
tr|A0A144RC60|A0A144RC60_ENTCL	GCF_009873295.1_WP_039312412.1	70.930	86	86	100	86	25	0	1	86	1	86	3.49e-35	120
tr|A0A144RC60|A0A144RC60_ENTCL	GCF_003019925.1_WP_162185254.1	85.714	86	86	98	84	12	0	1	84	1	84	4.13e-35	120
tr|A0A144RC60|A0A144RC60_ENTCL	GCF_003515985.1_WP_085653101.1	70.588	86	86	99	85	25	0	1	85	1	85	5.28e-35	119
tr|A0A144RC60|A0A144RC60_ENTCL	GCF_017569925.1_WP_208228065.1	72.093	86	86	100	86	24	0	1	86	1	86	5.63e-35	119
tr|A0A144RC60|A0A144RC60_ENTCL	GCF_015999465.1_WP_085688159.1	69.412	86	86	99	85	26	0	1	85	1	85	5.76e-35	119
tr|A0A144RC60|A0A144RC60_ENTCL	GCF_023517775.1_WP_249893541.1	73.256	86	87	100	86	23	0	1	86	1	86	7.04e-35	119
tr|A0A144RC60|A0A144RC60_ENTCL	GCF_001642805.2_WP_004931991.1	70.930	86	87	100	86	25	0	1	86	1	86	7.39e-35	119
tr|A0A144RC60|A0A144RC60_ENTCL	GCF_009931295.1_WP_161528353.1	70.930	86	86	100	86	25	0	1	86	1	86	7.67e-35	119
tr|A0A144RC60|A0A144RC60_ENTCL	GCF_000740965.1_WP_011092648.1	69.767	86	86	100	86	26	0	1	86	1	86	7.73e-35	119
tr|A0A144RC60|A0A144RC60_ENTCL	GCF_000025065.1_WP_012883679.1	71.765	86	86	99	85	24	0	1	85	1	85	8.44e-35	119
tr|A0A144RC60|A0A144RC60_ENTCL	GCF_016026735.1_WP_015673540.1	68.605	86	87	100	86	27	0	1	86	1	86	9.38e-35	119
tr|A0A144RC60|A0A144RC60_ENTCL	GCF_020181655.1_WP_225087160.1	69.767	86	86	100	86	26	0	1	86	1	86	9.51e-35	119
tr|A0A144RC60|A0A144RC60_ENTCL	GCF_021462285.1_WP_234585968.1	70.930	86	87	100	86	25	0	1	86	1	86	9.91e-35	119
tr|A0A144RC60|A0A144RC60_ENTCL	GCF_011044475.1_WP_033740322.1	74.118	86	86	99	85	22	0	1	85	1	85	1.05e-34	119
tr|A0A144RC60|A0A144RC60_ENTCL	GCF_000023545.1_WP_015854637.1	70.930	86	86	100	86	25	0	1	86	1	86	1.28e-34	118
tr|A0A144RC60|A0A144RC60_ENTCL	GCF_900187015.1_WP_061796701.1	70.930	86	87	100	86	25	0	1	86	1	86	1.29e-34	118
tr|A0A144RC60|A0A144RC60_ENTCL	GCF_020079945.1_WP_039382769.1	71.765	86	87	99	85	24	0	1	85	1	85	1.30e-34	118
tr|A0A144RC60|A0A144RC60_ENTCL	GCF_002291445.1_WP_048635886.1	72.093	86	86	100	86	24	0	1	86	1	86	1.52e-34	118
tr|A0A144RC60|A0A144RC60_ENTCL	GCF_001742185.1_WP_005975933.1	69.767	86	86	100	86	26	0	1	86	1	86	1.73e-34	118
tr|A0A144RC60|A0A144RC60_ENTCL	GCF_000264765.2_WP_034163237.1	68.605	86	86	100	86	27	0	1	86	1	86	1.78e-34	118
tr|A0A144RC60|A0A144RC60_ENTCL	GCF_009817885.1_WP_105232289.1	70.930	86	87	100	86	25	0	1	86	1	86	1.93e-34	118
tr|A0A144RC60|A0A144RC60_ENTCL	GCF_000023565.1_WP_012770818.1	70.588	86	86	99	85	25	0	1	85	1	85	1.97e-34	118
tr|A0A144RC60|A0A144RC60_ENTCL	GCF_005484965.1_WP_009114129.1	72.093	86	86	100	86	24	0	1	86	1	86	2.30e-34	118
tr|A0A144RC60|A0A144RC60_ENTCL	GCF_011617105.1_WP_025800203.1	74.419	86	86	100	86	22	0	1	86	1	86	2.37e-34	118
tr|A0A144RC60|A0A144RC60_ENTCL	GCF_000026185.1_WP_012440659.1	67.059	86	87	99	85	28	0	1	85	1	85	2.61e-34	118
tr|A0A144RC60|A0A144RC60_ENTCL	GCF_007858975.2_WP_042869176.1	70.588	86	86	99	85	25	0	1	85	1	85	2.67e-34	118
tr|A0A144RC60|A0A144RC60_ENTCL	GCF_003992745.1_WP_014700896.1	69.767	86	86	100	86	26	0	1	86	1	86	3.36e-34	117
tr|A0A144RC60|A0A144RC60_ENTCL	GCF_020150375.1_WP_004094310.1	75.581	86	86	100	86	21	0	1	86	1	86	3.42e-34	117
tr|A0A144RC60|A0A144RC60_ENTCL	GCF_022647505.1_WP_128179458.1	68.605	86	87	100	86	27	0	1	86	1	86	5.10e-34	117
tr|A0A144RC60|A0A144RC60_ENTCL	GCF_001010285.1_WP_046974061.1	69.767	86	88	100	86	26	0	1	86	1	86	6.86e-34	117
tr|A0A144RC60|A0A144RC60_ENTCL	GCF_019890955.1_WP_211725887.1	70.588	86	87	99	85	25	0	1	85	1	85	7.35e-34	117
tr|A0A144RC60|A0A144RC60_ENTCL	GCF_000196615.1_WP_013200864.1	70.930	86	87	100	86	25	0	1	86	1	86	9.18e-34	116
tr|A0A144RC60|A0A144RC60_ENTCL	GCF_002812485.1_WP_038661467.1	70.588	86	86	99	85	25	0	1	85	1	85	1.47e-33	116
tr|A0A144RC60|A0A144RC60_ENTCL	GCF_019090985.1_WP_036781226.1	66.279	86	88	100	86	29	0	1	86	1	86	1.81e-33	116
tr|A0A144RC60|A0A144RC60_ENTCL	GCF_021733145.1_WP_012847629.1	67.857	86	86	98	84	27	0	1	84	1	84	1.89e-33	116
tr|A0A144RC60|A0A144RC60_ENTCL	GCF_017348915.1_WP_040077077.1	90.698	86	86	100	86	8	0	1	86	1	86	1.99e-33	116
tr|A0A144RC60|A0A144RC60_ENTCL	GCF_002291425.1_WP_095847471.1	67.442	86	87	100	86	28	0	1	86	1	86	2.22e-33	115
tr|A0A144RC60|A0A144RC60_ENTCL	GCF_000147055.1_WP_022632468.1	70.588	86	86	99	85	25	0	1	85	1	85	2.53e-33	115
tr|A0A144RC60|A0A144RC60_ENTCL	GCF_004792415.1_WP_013356856.1	69.048	86	86	98	84	26	0	1	84	1	84	2.87e-33	115
tr|A0A144RC60|A0A144RC60_ENTCL	GCF_000196475.1_WP_012776850.1	66.279	86	88	100	86	29	0	1	86	1	86	3.33e-33	115
tr|A0A144RC60|A0A144RC60_ENTCL	GCF_022592395.1_WP_047255099.1	56.977	86	87	100	86	37	0	1	86	1	86	3.43e-33	115
tr|A0A144RC60|A0A144RC60_ENTCL	GCF_902387845.1_WP_004237241.1	65.116	86	88	100	86	30	0	1	86	1	86	4.16e-33	115
tr|A0A144RC60|A0A144RC60_ENTCL	GCF_003403135.1_WP_024104894.1	70.588	86	86	99	85	25	0	1	85	1	85	4.74e-33	114
tr|A0A144RC60|A0A144RC60_ENTCL	GCF_019047765.1_WP_040230035.1	87.209	86	86	100	86	11	0	1	86	1	86	4.86e-33	114
tr|A0A144RC60|A0A144RC60_ENTCL	GCF_003204135.1_WP_004908806.1	60.465	86	87	100	86	34	0	1	86	1	86	6.91e-33	114
tr|A0A144RC60|A0A144RC60_ENTCL	GCF_020541225.1_WP_226811316.1	58.333	86	86	98	84	35	0	1	84	1	84	8.40e-33	114
tr|A0A144RC60|A0A144RC60_ENTCL	GCF_025946765.1_WP_264497926.1	68.235	86	86	99	85	27	0	1	85	1	85	1.04e-32	114
tr|A0A144RC60|A0A144RC60_ENTCL	GCF_020683125.1_WP_133842177.1	70.115	86	88	100	87	25	1	1	86	1	87	1.42e-32	113
tr|A0A144RC60|A0A144RC60_ENTCL	GCF_900475855.1_WP_068441311.1	61.628	86	87	100	86	33	0	1	86	1	86	1.60e-32	113
tr|A0A144RC60|A0A144RC60_ENTCL	GCF_002843235.3_WP_102139922.1	61.628	86	87	100	86	33	0	1	86	1	86	1.93e-32	113
tr|A0A144RC60|A0A144RC60_ENTCL	GCF_020268605.1_WP_180560445.1	59.302	86	88	100	86	35	0	1	86	1	86	1.96e-32	113
tr|A0A144RC60|A0A144RC60_ENTCL	GCF_019844095.1_WP_062747070.1	70.115	86	88	100	87	25	1	1	86	1	87	1.96e-32	113
tr|A0A144RC60|A0A144RC60_ENTCL	GCF_000196155.1_WP_011145066.1	65.116	86	88	100	86	30	0	1	86	1	86	2.04e-32	113
tr|A0A144RC60|A0A144RC60_ENTCL	GCF_000517405.1_WP_038469034.1	59.259	86	83	94	81	33	0	4	84	1	81	2.48e-32	113
tr|A0A144RC60|A0A144RC60_ENTCL	GCF_019048385.1_WP_062759648.1	67.857	86	86	98	84	27	0	1	84	1	84	2.62e-32	113
tr|A0A144RC60|A0A144RC60_ENTCL	GCF_000091565.1_WP_004159420.1	65.476	86	87	98	84	29	0	1	84	1	84	2.96e-32	112
tr|A0A144RC60|A0A144RC60_ENTCL	GCF_004768525.1_WP_026822068.1	58.140	86	88	100	86	36	0	1	86	1	86	3.13e-32	112
tr|A0A144RC60|A0A144RC60_ENTCL	GCF_029277985.1_WP_154623766.1	60.465	86	87	100	86	34	0	1	86	1	86	3.36e-32	112
tr|A0A144RC60|A0A144RC60_ENTCL	GCF_002393505.1_WP_006658392.1	58.140	86	87	100	86	36	0	1	86	1	86	3.41e-32	112
tr|A0A144RC60|A0A144RC60_ENTCL	GCF_009646115.1_WP_008925644.1	69.048	86	86	98	84	26	0	1	84	1	84	3.51e-32	112
tr|A0A144RC60|A0A144RC60_ENTCL	GCF_013460135.1_WP_180816665.1	58.140	86	88	100	86	36	0	1	86	1	86	8.33e-32	111
tr|A0A144RC60|A0A144RC60_ENTCL	GCF_017743015.1_WP_209027287.1	59.302	86	88	100	86	35	0	1	86	1	86	9.23e-32	111
tr|A0A144RC60|A0A144RC60_ENTCL	GCF_000968195.1_WP_045972480.1	62.069	86	87	100	87	32	1	1	86	1	87	9.97e-32	111
tr|A0A144RC60|A0A144RC60_ENTCL	GCF_021365465.1_WP_016190321.1	68.605	86	87	100	86	27	0	1	86	1	86	1.25e-31	111
tr|A0A144RC60|A0A144RC60_ENTCL	GCF_000261045.2_WP_006318653.1	65.116	86	87	100	86	30	0	1	86	1	86	1.28e-31	111
tr|A0A144RC60|A0A144RC60_ENTCL	GCF_900638135.1_WP_012146468.1	65.116	86	87	100	86	30	0	1	86	1	86	1.35e-31	111
tr|A0A144RC60|A0A144RC60_ENTCL	GCF_022647325.1_WP_111140597.1	67.857	86	86	98	84	27	0	1	84	1	84	1.52e-31	111
tr|A0A144RC60|A0A144RC60_ENTCL	GCF_011045835.1_WP_075671674.1	57.831	86	86	97	83	35	0	1	83	1	83	1.65e-31	110
tr|A0A144RC60|A0A144RC60_ENTCL	GCF_002504285.1_WP_005282992.1	66.279	86	86	100	86	29	0	1	86	1	86	1.79e-31	110
tr|A0A144RC60|A0A144RC60_ENTCL	GCF_009831665.3_WP_006709226.1	62.791	86	87	100	86	32	0	1	86	1	86	2.14e-31	110
tr|A0A144RC60|A0A144RC60_ENTCL	GCF_020342335.1_WP_067428135.1	67.857	86	87	98	84	27	0	1	84	1	84	2.30e-31	110
tr|A0A144RC60|A0A144RC60_ENTCL	GCF_002952315.1_WP_012667243.1	67.059	86	87	99	85	28	0	1	85	1	85	3.03e-31	110
tr|A0A144RC60|A0A144RC60_ENTCL	GCF_000069965.1_WP_004245453.1	56.627	86	86	97	83	36	0	1	83	1	83	3.10e-31	110
tr|A0A144RC60|A0A144RC60_ENTCL	GCF_022369495.1_WP_072064250.1	56.627	86	86	97	83	36	0	1	83	1	83	3.69e-31	110
tr|A0A144RC60|A0A144RC60_ENTCL	GCF_016026395.1_WP_024524235.1	65.116	86	86	100	86	30	0	1	86	1	86	4.40e-31	109
tr|A0A144RC60|A0A144RC60_ENTCL	GCF_001721185.1_WP_069317984.1	60.465	86	87	100	86	34	0	1	86	1	86	4.41e-31	109
tr|A0A144RC60|A0A144RC60_ENTCL	GCF_004353845.1_WP_103770713.1	34.483	86	93	100	87	56	1	1	86	1	87	6.98e-31	109
tr|A0A144RC60|A0A144RC60_ENTCL	GCF_000214235.1_WP_004952197.1	66.667	86	85	98	84	28	0	3	86	1	84	7.13e-31	109
tr|A0A144RC60|A0A144RC60_ENTCL	GCF_001006005.1_WP_223499701.1	65.476	86	85	98	84	29	0	3	86	1	84	1.53e-30	108
tr|A0A144RC60|A0A144RC60_ENTCL	GCF_008364325.2_WP_230090436.1	65.476	86	85	98	84	29	0	3	86	1	84	2.38e-30	108
tr|A0A144RC60|A0A144RC60_ENTCL	GCF_003812345.1_WP_121571778.1	32.184	86	94	100	87	58	1	1	86	1	87	3.30e-30	107
tr|A0A144RC60|A0A144RC60_ENTCL	GCF_014295015.1_WP_013185414.1	59.770	86	87	100	87	34	1	1	86	1	87	3.56e-30	107
tr|A0A144RC60|A0A144RC60_ENTCL	GCF_000968175.1_WP_045959360.1	57.471	86	88	100	87	36	1	1	86	1	87	5.07e-30	107
tr|A0A144RC60|A0A144RC60_ENTCL	GCF_005671395.1_WP_138095872.1	69.620	86	86	92	79	24	0	1	79	1	79	6.71e-30	107
tr|A0A144RC60|A0A144RC60_ENTCL	GCF_004295645.1_WP_228350951.1	65.882	86	88	98	85	28	1	1	84	1	85	7.13e-30	107
tr|A0A144RC60|A0A144RC60_ENTCL	GCF_004116975.1_WP_064720954.1	59.036	86	86	97	83	34	0	1	83	1	83	1.81e-29	105
tr|A0A144RC60|A0A144RC60_ENTCL	GCF_900478135.1_WP_111739359.1	64.706	86	88	98	85	29	1	1	84	1	85	2.02e-29	105
tr|A0A144RC60|A0A144RC60_ENTCL	GCF_008693605.1_WP_223849061.1	31.395	86	95	99	86	58	1	1	85	2	87	2.47e-29	105
tr|A0A144RC60|A0A144RC60_ENTCL	GCF_003074995.2_WP_015870269.1	60.241	86	86	97	83	33	0	1	83	1	83	2.61e-29	105
tr|A0A144RC60|A0A144RC60_ENTCL	GCF_003096015.2_WP_230514010.1	65.882	86	88	98	85	28	1	1	84	1	85	2.82e-29	105
tr|A0A144RC60|A0A144RC60_ENTCL	GCF_001597285.1_WP_061903727.1	33.750	86	92	92	80	52	1	4	82	1	80	4.34e-29	105
tr|A0A144RC60|A0A144RC60_ENTCL	GCF_900638655.1_WP_047781753.1	65.882	86	88	98	85	28	1	1	84	1	85	7.31e-29	104
tr|A0A144RC60|A0A144RC60_ENTCL	GCF_013200955.2_WP_173204463.1	37.037	86	91	93	81	50	1	3	82	1	81	1.24e-28	103
tr|A0A144RC60|A0A144RC60_ENTCL	GCF_024205225.1_WP_195881696.1	33.750	86	90	92	80	52	1	4	82	1	80	1.39e-28	103
tr|A0A144RC60|A0A144RC60_ENTCL	GCF_002355475.1_WP_004421315.1	37.037	86	91	93	81	50	1	3	82	1	81	1.96e-28	103
tr|A0A144RC60|A0A144RC60_ENTCL	GCF_000733715.2_WP_017362912.1	35.000	86	90	92	80	51	1	4	82	1	80	2.18e-28	103
tr|A0A144RC60|A0A144RC60_ENTCL	GCF_008693645.1_WP_137347870.1	32.184	86	89	100	87	58	1	1	86	1	87	2.81e-28	102
tr|A0A144RC60|A0A144RC60_ENTCL	GCF_000297075.2_WP_003461742.1	35.000	86	90	92	80	51	1	4	82	1	80	4.25e-28	102
tr|A0A144RC60|A0A144RC60_ENTCL	GCF_001708425.1_WP_055136127.1	36.250	86	94	92	80	50	1	4	82	1	80	4.40e-28	102
tr|A0A144RC60|A0A144RC60_ENTCL	GCF_021029445.1_WP_230924827.1	31.646	86	89	92	79	54	0	4	82	1	79	5.92e-28	101
tr|A0A144RC60|A0A144RC60_ENTCL	GCF_013409125.2_WP_099525265.1	35.000	86	90	92	80	51	1	4	82	1	80	8.22e-28	101
tr|A0A144RC60|A0A144RC60_ENTCL	GCF_900682675.2_WP_069898892.1	36.250	86	94	92	80	50	1	4	82	1	80	9.36e-28	101
tr|A0A144RC60|A0A144RC60_ENTCL	GCF_017167985.1_WP_093053415.1	30.000	86	92	92	80	55	1	4	82	1	80	2.29e-27	100
tr|A0A144RC60|A0A144RC60_ENTCL	GCF_001594225.2_WP_064379396.1	35.000	86	92	92	80	51	1	4	82	1	80	2.79e-27	100
tr|A0A144RC60|A0A144RC60_ENTCL	GCF_017167985.1_WP_079784061.1	35.000	86	90	92	80	51	1	4	82	1	80	4.23e-27	 99
tr|A0A144RC60|A0A144RC60_ENTCL	GCF_013423785.1_WP_180308358.1	40.244	86	88	95	82	49	0	1	82	1	82	5.51e-27	99.4
tr|A0A144RC60|A0A144RC60_ENTCL	GCF_008033135.1_WP_148717358.1	26.582	86	87	92	79	58	0	4	82	1	79	7.32e-27	99.1
tr|A0A144RC60|A0A144RC60_ENTCL	GCF_008807375.1_WP_151138908.1	35.802	86	91	93	81	51	1	3	82	1	81	1.06e-26	98.9
tr|A0A144RC60|A0A144RC60_ENTCL	GCF_004684345.1_WP_135321947.1	35.802	86	93	93	81	51	1	1	80	1	81	1.10e-26	98.9
tr|A0A144RC60|A0A144RC60_ENTCL	GCF_011397855.1_WP_044414183.1	36.250	86	90	92	80	50	1	4	82	1	80	1.23e-26	98.6
tr|A0A144RC60|A0A144RC60_ENTCL	GCF_017329545.1_WP_047884589.1	31.765	86	95	98	85	57	1	3	86	1	85	1.92e-26	98.3
tr|A0A144RC60|A0A144RC60_ENTCL	GCF_012767755.2_WP_173176508.1	32.500	86	91	92	80	50	2	4	82	1	77	1.98e-26	98.3
tr|A0A144RC60|A0A144RC60_ENTCL	GCF_017915135.1_WP_210390879.1	33.750	86	90	92	80	52	1	4	82	1	80	1.99e-26	98.3
tr|A0A144RC60|A0A144RC60_ENTCL	GCF_025402875.1_WP_011791024.1	31.250	86	90	92	80	54	1	4	82	1	80	2.35e-26	98.0
tr|A0A144RC60|A0A144RC60_ENTCL	GCF_003957745.1_WP_126168493.1	38.750	86	87	92	80	48	1	4	82	1	80	6.82e-26	96.6
tr|A0A144RC60|A0A144RC60_ENTCL	GCF_000178875.2_WP_012197738.1	31.250	86	90	92	80	54	1	4	82	1	80	9.51e-26	96.3
tr|A0A144RC60|A0A144RC60_ENTCL	GCF_016834455.1_WP_203325205.1	38.750	86	86	92	80	48	1	4	82	1	80	9.66e-26	96.3
tr|A0A144RC60|A0A144RC60_ENTCL	GCF_019047765.1_WP_040231149.1	30.233	86	89	99	86	59	1	1	85	1	86	1.24e-25	96.0
tr|A0A144RC60|A0A144RC60_ENTCL	GCF_014524625.1_WP_009050814.1	27.500	86	92	92	80	57	1	4	82	1	80	1.55e-25	96.0
tr|A0A144RC60|A0A144RC60_ENTCL	GCF_024971755.1_WP_259474826.1	31.250	86	88	92	80	54	1	4	82	1	80	2.64e-25	95.2
tr|A0A144RC60|A0A144RC60_ENTCL	GCF_000015245.1_WP_011761423.1	38.750	86	86	92	80	48	1	4	82	1	80	3.13e-25	94.9
tr|A0A144RC60|A0A144RC60_ENTCL	GCF_019670705.1_WP_100146025.1	37.500	86	92	92	80	49	1	4	82	1	80	8.98e-25	94.1
tr|A0A144RC60|A0A144RC60_ENTCL	GCF_002355475.1_WP_003455993.1	28.571	86	90	88	77	54	1	7	82	2	78	1.02e-24	93.8
tr|A0A144RC60|A0A144RC60_ENTCL	GCF_009730655.1_WP_156020461.1	37.500	86	92	92	80	49	1	4	82	1	80	1.14e-24	93.8
tr|A0A144RC60|A0A144RC60_ENTCL	GCF_017354925.1_WP_207321174.1	37.500	86	87	92	80	49	1	4	82	1	80	1.89e-24	93.0
tr|A0A144RC60|A0A144RC60_ENTCL	GCF_012767755.2_WP_173171843.1	32.500	86	90	92	80	53	1	4	82	1	80	2.28e-24	93.0
tr|A0A144RC60|A0A144RC60_ENTCL	GCF_020991025.1_WP_152109250.1	42.308	86	83	90	78	44	1	3	79	1	78	3.93e-24	92.1
tr|A0A144RC60|A0A144RC60_ENTCL	GCF_017354965.1_WP_207380278.1	36.250	86	87	92	80	50	1	4	82	1	80	4.49e-24	92.1
tr|A0A144RC60|A0A144RC60_ENTCL	GCF_008807375.1_WP_151133519.1	25.974	86	90	88	77	56	1	7	82	2	78	6.36e-24	91.8
tr|A0A144RC60|A0A144RC60_ENTCL	GCF_002215585.1_WP_088903590.1	26.582	86	89	92	79	58	0	4	82	1	79	6.76e-24	91.8
tr|A0A144RC60|A0A144RC60_ENTCL	GCF_024346675.1_WP_048897676.1	26.190	86	86	97	84	61	1	3	85	1	84	1.15e-23	91.0
tr|A0A144RC60|A0A144RC60_ENTCL	GCF_029457395.1_WP_024766443.1	32.143	86	92	92	84	52	1	4	82	1	84	1.75e-23	90.7
tr|A0A144RC60|A0A144RC60_ENTCL	GCF_006742785.1_WP_172630283.1	26.582	86	88	91	79	57	1	8	85	3	81	3.61e-23	89.9
tr|A0A144RC60|A0A144RC60_ENTCL	GCF_003025345.2_WP_003155955.1	34.091	86	91	95	88	52	1	4	85	1	88	6.08e-23	89.3
tr|A0A144RC60|A0A144RC60_ENTCL	GCF_016026875.1_WP_045525981.1	37.143	86	89	81	70	41	1	4	73	1	67	7.10e-23	89.0
tr|A0A144RC60|A0A144RC60_ENTCL	GCF_004358345.1_WP_121852852.1	35.714	86	76	80	70	44	1	3	71	1	70	8.83e-23	88.7
tr|A0A144RC60|A0A144RC60_ENTCL	GCF_024347355.1_WP_105024956.1	25.610	86	83	90	82	56	2	10	86	2	83	1.13e-22	88.5
tr|A0A144RC60|A0A144RC60_ENTCL	GCF_020405345.1_WP_017780573.1	36.620	86	89	83	71	42	1	4	74	1	68	1.28e-22	88.5
tr|A0A144RC60|A0A144RC60_ENTCL	GCF_002005305.1_WP_077753428.1	33.750	86	86	92	80	52	1	4	82	1	80	1.29e-22	88.5
tr|A0A144RC60|A0A144RC60_ENTCL	GCF_024347475.1_WP_239840920.1	27.160	86	83	88	81	54	2	10	85	2	82	2.02e-22	87.9
tr|A0A144RC60|A0A144RC60_ENTCL	GCF_012971725.1_WP_169940133.1	32.143	86	92	92	84	52	1	4	82	1	84	2.04e-22	87.9
tr|A0A144RC60|A0A144RC60_ENTCL	GCF_000014885.1_WP_020912292.1	35.000	86	87	92	80	51	1	4	82	1	80	2.62e-22	87.6
tr|A0A144RC60|A0A144RC60_ENTCL	GCF_003584645.1_WP_197716612.1	24.390	86	80	91	82	55	2	3	80	1	79	3.98e-22	87.0
tr|A0A144RC60|A0A144RC60_ENTCL	GCF_020149575.1_WP_224431657.1	33.803	86	85	83	71	44	1	4	74	1	68	4.63e-22	87.0
tr|A0A144RC60|A0A144RC60_ENTCL	GCF_028355655.1_WP_087756847.1	34.286	86	84	81	70	43	1	4	73	1	67	1.76e-21	85.4
tr|A0A144RC60|A0A144RC60_ENTCL	GCF_002204915.1_WP_052690899.1	27.500	86	101	87	80	53	2	10	84	21	100	1.94e-21	85.6
tr|A0A144RC60|A0A144RC60_ENTCL	GCF_020423125.1_WP_226170850.1	35.211	86	84	83	71	43	1	4	74	1	68	2.19e-21	85.1
tr|A0A144RC60|A0A144RC60_ENTCL	GCF_000009145.1_WP_041356315.1	25.974	86	90	88	77	56	1	10	85	6	82	2.79e-21	85.1
tr|A0A144RC60|A0A144RC60_ENTCL	GCF_000146165.2_WP_164925808.1	29.630	86	89	92	81	55	2	4	82	1	81	2.87e-21	85.1
tr|A0A144RC60|A0A144RC60_ENTCL	GCF_009938225.1_WP_075649723.1	32.911	86	82	86	79	48	2	10	83	2	80	3.00e-21	84.8
tr|A0A144RC60|A0A144RC60_ENTCL	GCF_001596155.1_WP_068342236.1	27.273	86	90	85	77	49	2	3	75	1	74	3.60e-21	84.8
tr|A0A144RC60|A0A144RC60_ENTCL	GCF_000016065.1_WP_011864074.1	30.000	86	93	92	80	54	2	4	82	1	79	4.70e-21	84.5
tr|A0A144RC60|A0A144RC60_ENTCL	GCF_006337165.1_WP_139515111.1	32.099	86	82	88	81	47	2	3	78	1	78	5.07e-21	84.2
tr|A0A144RC60|A0A144RC60_ENTCL	GCF_001677435.1_WP_068615618.1	33.766	86	90	87	77	48	3	3	77	1	76	5.35e-21	84.2
tr|A0A144RC60|A0A144RC60_ENTCL	GCF_004355185.1_WP_133271280.1	31.250	86	81	87	80	47	2	4	78	1	77	5.53e-21	84.2
tr|A0A144RC60|A0A144RC60_ENTCL	GCF_000968535.2_WP_014147785.1	25.000	86	84	87	76	55	2	8	82	4	78	5.96e-21	84.2
tr|A0A144RC60|A0A144RC60_ENTCL	GCF_019669905.1_WP_054759186.1	27.848	86	79	91	79	52	2	8	85	3	77	7.82e-21	83.7
tr|A0A144RC60|A0A144RC60_ENTCL	GCF_024360925.2_WP_255188929.1	25.641	86	83	90	78	56	2	10	86	6	82	8.72e-21	83.7
tr|A0A144RC60|A0A144RC60_ENTCL	GCF_000214665.1_WP_013819542.1	24.675	86	83	88	77	56	2	10	85	6	81	8.86e-21	83.7
tr|A0A144RC60|A0A144RC60_ENTCL	GCF_001007935.1_WP_046849946.1	22.785	86	84	91	79	60	1	8	85	4	82	9.31e-21	83.7
tr|A0A144RC60|A0A144RC60_ENTCL	GCF_900637545.1_WP_042651794.1	35.211	86	84	83	71	43	1	4	74	1	68	9.92e-21	83.7
tr|A0A144RC60|A0A144RC60_ENTCL	GCF_016127195.1_WP_042032742.1	31.429	86	89	81	70	45	1	4	73	1	67	1.02e-20	83.7
tr|A0A144RC60|A0A144RC60_ENTCL	GCF_003966655.1_WP_113527441.1	28.169	86	77	83	71	51	0	3	73	1	71	1.49e-20	82.8
tr|A0A144RC60|A0A144RC60_ENTCL	GCF_022371215.1_WP_239718047.1	26.829	86	83	90	82	55	2	10	86	2	83	1.51e-20	83.1
tr|A0A144RC60|A0A144RC60_ENTCL	GCF_027625995.1_WP_270126807.1	29.630	86	82	88	81	49	2	3	78	1	78	1.56e-20	83.1
tr|A0A144RC60|A0A144RC60_ENTCL	GCF_001020955.1_WP_047250467.1	34.177	86	82	87	79	48	2	1	75	1	79	1.57e-20	83.1
tr|A0A144RC60|A0A144RC60_ENTCL	GCF_008693705.1_WP_127008315.1	34.286	86	84	81	70	43	1	4	73	1	67	1.83e-20	82.8
tr|A0A144RC60|A0A144RC60_ENTCL	GCF_013462805.1_WP_009566961.1	26.761	86	77	83	71	52	0	3	73	1	71	1.87e-20	82.8
tr|A0A144RC60|A0A144RC60_ENTCL	GCF_000801295.1_WP_171816254.1	30.380	86	99	88	79	52	1	1	76	1	79	3.76e-20	82.3
tr|A0A144RC60|A0A144RC60_ENTCL	GCF_008364325.2_WP_020826409.1	25.000	86	84	92	80	56	2	4	82	1	77	4.38e-20	82.0
tr|A0A144RC60|A0A144RC60_ENTCL	GCF_003015165.1_WP_106887831.1	33.803	86	84	83	71	44	1	4	74	1	68	5.30e-20	81.7
tr|A0A144RC60|A0A144RC60_ENTCL	GCF_014905115.1_WP_193151849.1	27.848	86	81	86	79	52	2	10	83	2	80	5.95e-20	81.4
tr|A0A144RC60|A0A144RC60_ENTCL	GCF_013283835.1_WP_071626507.1	28.571	86	83	86	77	49	2	3	76	1	74	7.16e-20	81.4
tr|A0A144RC60|A0A144RC60_ENTCL	GCF_000785705.2_WP_036272019.1	26.316	86	82	88	76	55	1	10	85	6	80	7.92e-20	81.1
tr|A0A144RC60|A0A144RC60_ENTCL	GCF_016026615.1_WP_197928313.1	30.000	86	89	81	70	46	1	4	73	1	67	8.54e-20	81.1
tr|A0A144RC60|A0A144RC60_ENTCL	GCF_014169735.1_WP_134997272.1	32.394	86	86	83	71	45	1	4	74	1	68	1.10e-19	80.9
tr|A0A144RC60|A0A144RC60_ENTCL	GCF_003515105.1_WP_036973086.1	40.845	86	73	81	71	41	1	6	75	2	72	1.11e-19	80.6
tr|A0A144RC60|A0A144RC60_ENTCL	GCF_010093065.1_WP_238430213.1	26.582	86	83	87	79	51	2	1	75	2	77	1.38e-19	80.6
tr|A0A144RC60|A0A144RC60_ENTCL	GCF_014879975.1_WP_192888672.1	26.829	86	83	90	82	55	2	10	86	2	83	1.46e-19	80.6
tr|A0A144RC60|A0A144RC60_ENTCL	GCF_003258315.1_WP_111337788.1	26.582	86	88	91	79	57	1	8	85	4	82	1.63e-19	80.6
tr|A0A144RC60|A0A144RC60_ENTCL	GCF_013137895.1_WP_135435790.1	30.488	86	83	90	82	48	3	1	77	1	78	1.66e-19	80.3
tr|A0A144RC60|A0A144RC60_ENTCL	GCF_000576555.1_WP_044000633.1	29.630	86	83	88	81	49	2	3	78	2	79	1.69e-19	80.3
tr|A0A144RC60|A0A144RC60_ENTCL	GCF_003574965.1_WP_119445661.1	28.395	86	82	88	81	50	2	3	78	1	78	1.85e-19	80.3
tr|A0A144RC60|A0A144RC60_ENTCL	GCF_002142475.1_WP_026148861.1	27.500	86	86	88	80	51	2	4	79	1	77	2.20e-19	80.0
tr|A0A144RC60|A0A144RC60_ENTCL	GCF_009938205.1_WP_075706454.1	31.646	86	82	86	79	49	2	10	83	2	80	2.41e-19	80.0
tr|A0A144RC60|A0A144RC60_ENTCL	GCF_009938185.1_WP_162048373.1	27.848	86	82	86	79	52	2	10	83	2	80	3.16e-19	79.7
tr|A0A144RC60|A0A144RC60_ENTCL	GCF_002407485.1_WP_096780111.1	28.750	86	81	87	80	52	2	10	84	2	81	3.36e-19	79.4
tr|A0A144RC60|A0A144RC60_ENTCL	GCF_902810445.1_WP_197744199.1	20.988	86	78	90	81	57	3	4	80	1	78	3.51e-19	79.4
tr|A0A144RC60|A0A144RC60_ENTCL	GCF_001558255.2_WP_005504861.1	32.099	86	82	87	81	49	3	10	84	2	82	3.53e-19	79.4
tr|A0A144RC60|A0A144RC60_ENTCL	GCF_022827545.1_WP_243798205.1	30.864	86	82	88	81	48	2	3	78	1	78	3.67e-19	79.4
tr|A0A144RC60|A0A144RC60_ENTCL	GCF_024347035.1_WP_102941394.1	26.250	86	81	87	80	54	2	10	84	2	81	3.97e-19	79.4
tr|A0A144RC60|A0A144RC60_ENTCL	GCF_005931095.1_WP_017839868.1	24.051	86	84	91	79	58	2	8	85	4	81	4.18e-19	79.4
tr|A0A144RC60|A0A144RC60_ENTCL	GCF_004001245.1_WP_127478562.1	30.864	86	85	88	81	51	2	1	76	1	81	4.25e-19	79.4
tr|A0A144RC60|A0A144RC60_ENTCL	GCF_019670125.1_WP_221076876.1	26.923	86	81	90	78	56	1	10	86	2	79	5.00e-19	79.2
tr|A0A144RC60|A0A144RC60_ENTCL	GCF_009068765.1_WP_151900329.1	26.582	86	81	86	79	53	2	10	83	2	80	5.08e-19	79.2
tr|A0A144RC60|A0A144RC60_ENTCL	GCF_001007875.1_WP_046858354.1	29.114	86	80	86	79	51	2	10	83	2	80	5.40e-19	79.2
tr|A0A144RC60|A0A144RC60_ENTCL	GCF_019670105.1_WP_040307707.1	23.377	86	81	88	77	58	1	10	85	2	78	6.09e-19	78.9
tr|A0A144RC60|A0A144RC60_ENTCL	GCF_008329985.2_WP_149283950.1	29.730	86	81	85	74	51	1	10	82	2	75	6.34e-19	78.9
tr|A0A144RC60|A0A144RC60_ENTCL	GCF_001507645.1_WP_068195976.1	28.571	86	90	85	77	48	2	3	75	1	74	6.48e-19	78.9
tr|A0A144RC60|A0A144RC60_ENTCL	GCF_004214795.1_WP_130234502.1	20.988	86	78	91	81	58	2	3	80	1	78	6.84e-19	78.6
tr|A0A144RC60|A0A144RC60_ENTCL	GCF_001558415.2_WP_061055374.1	27.848	86	83	86	79	52	2	10	83	2	80	7.45e-19	78.6
tr|A0A144RC60|A0A144RC60_ENTCL	GCF_009755585.1_WP_157030071.1	31.169	86	85	85	77	46	2	3	75	1	74	8.35e-19	78.6
tr|A0A144RC60|A0A144RC60_ENTCL	GCF_022811645.1_WP_243511723.1	26.923	86	90	86	78	50	2	3	76	1	75	9.87e-19	78.6
tr|A0A144RC60|A0A144RC60_ENTCL	GCF_000014765.1_WP_011633385.1	25.316	86	89	91	79	58	1	8	85	3	81	1.02e-18	78.6
tr|A0A144RC60|A0A144RC60_ENTCL	GCF_002762215.1_WP_085750011.1	27.632	86	87	84	76	48	3	4	75	3	75	1.61e-18	78.0
tr|A0A144RC60|A0A144RC60_ENTCL	GCF_020844025.1_WP_215848879.1	29.577	86	77	83	71	50	0	3	73	1	71	1.77e-18	77.8
tr|A0A144RC60|A0A144RC60_ENTCL	GCF_001995825.2_WP_017057338.1	24.390	86	83	90	82	57	2	10	86	2	83	1.78e-18	77.8
tr|A0A144RC60|A0A144RC60_ENTCL	GCF_000024005.1_WP_012793320.1	26.923	86	84	86	78	50	2	2	75	3	77	2.30e-18	77.5
tr|A0A144RC60|A0A144RC60_ENTCL	GCF_024347635.1_WP_139683960.1	25.610	86	83	90	82	56	2	10	86	2	83	2.34e-18	77.5
tr|A0A144RC60|A0A144RC60_ENTCL	GCF_009662475.1_WP_031573754.1	29.412	86	79	79	68	48	0	3	70	1	68	2.44e-18	77.5
tr|A0A144RC60|A0A144RC60_ENTCL	GCF_024347655.1_WP_060467732.1	24.390	86	83	90	82	57	2	10	86	2	83	2.51e-18	77.5
tr|A0A144RC60|A0A144RC60_ENTCL	GCF_008728635.1_WP_151087836.1	25.974	86	90	85	77	50	3	3	75	1	74	2.66e-18	77.5
tr|A0A144RC60|A0A144RC60_ENTCL	GCF_003990335.1_WP_127025819.1	24.286	86	91	81	70	53	0	11	80	7	76	3.15e-18	77.2
tr|A0A144RC60|A0A144RC60_ENTCL	GCF_013177675.1_WP_172128285.1	23.684	86	81	85	76	52	2	3	75	1	73	3.55e-18	76.9
tr|A0A144RC60|A0A144RC60_ENTCL	GCF_024347455.1_WP_135458404.1	25.610	86	83	90	82	56	2	10	86	2	83	3.65e-18	76.9
tr|A0A144RC60|A0A144RC60_ENTCL	GCF_003149515.1_WP_109656005.1	25.974	86	90	85	77	50	2	3	75	1	74	3.87e-18	76.9
tr|A0A144RC60|A0A144RC60_ENTCL	GCF_024347595.1_WP_176681244.1	26.829	86	83	90	82	55	2	10	86	2	83	4.24e-18	76.9
tr|A0A144RC60|A0A144RC60_ENTCL	GCF_000091465.1_WP_004733849.1	24.390	86	83	90	82	57	2	10	86	2	83	4.41e-18	76.6
tr|A0A144RC60|A0A144RC60_ENTCL	GCF_000212735.1_WP_013764159.1	26.582	86	83	87	79	51	2	1	75	1	76	4.52e-18	76.6
tr|A0A144RC60|A0A144RC60_ENTCL	GCF_003346815.1_WP_114840342.1	28.750	86	82	90	80	51	2	3	79	1	77	5.77e-18	76.4
tr|A0A144RC60|A0A144RC60_ENTCL	GCF_000772105.1_WP_004748349.1	27.632	86	81	87	76	54	1	10	84	2	77	6.20e-18	76.4
tr|A0A144RC60|A0A144RC60_ENTCL	GCF_010093065.1_WP_162331416.1	23.377	86	84	85	77	52	2	3	75	4	77	7.64e-18	76.1
tr|A0A144RC60|A0A144RC60_ENTCL	GCF_004328865.1_WP_104643907.1	28.395	86	83	88	81	53	2	10	85	2	82	1.00e-17	75.8
tr|A0A144RC60|A0A144RC60_ENTCL	GCF_024347675.1_WP_261835500.1	28.750	86	81	87	80	52	2	10	84	2	81	1.02e-17	75.8
tr|A0A144RC60|A0A144RC60_ENTCL	GCF_002214395.1_WP_010453422.1	26.923	86	81	85	78	52	2	12	84	4	81	1.21e-17	75.5
tr|A0A144RC60|A0A144RC60_ENTCL	GCF_001955715.1_WP_029708890.1	29.730	86	80	81	74	45	2	4	73	1	71	1.53e-17	75.2
tr|A0A144RC60|A0A144RC60_ENTCL	GCF_024582835.1_WP_257083279.1	26.829	86	87	90	82	55	2	10	86	2	83	1.62e-17	75.5
tr|A0A144RC60|A0A144RC60_ENTCL	GCF_007197555.1_WP_144048375.1	26.744	86	94	92	86	56	2	4	82	1	86	1.69e-17	75.5
tr|A0A144RC60|A0A144RC60_ENTCL	GCF_001455205.1_WP_062560013.1	23.377	86	84	88	77	57	2	10	85	6	81	1.79e-17	75.2
tr|A0A144RC60|A0A144RC60_ENTCL	GCF_008369605.1_WP_000253074.1	29.333	86	81	86	75	52	1	10	83	2	76	1.82e-17	75.2
tr|A0A144RC60|A0A144RC60_ENTCL	GCF_000148645.1_WP_013347076.1	28.571	86	80	84	77	50	2	12	83	3	79	1.85e-17	75.2
tr|A0A144RC60|A0A144RC60_ENTCL	GCF_003668795.1_WP_054981706.1	29.630	86	83	88	81	52	2	10	85	2	82	1.92e-17	75.2
tr|A0A144RC60|A0A144RC60_ENTCL	GCF_001651805.1_WP_067384150.1	35.135	86	78	80	74	43	3	4	72	1	74	2.42e-17	74.7
tr|A0A144RC60|A0A144RC60_ENTCL	GCF_001831495.1_WP_068547707.1	22.785	86	81	86	79	56	2	10	83	2	80	2.74e-17	74.7
tr|A0A144RC60|A0A144RC60_ENTCL	GCF_024494545.1_WP_256384876.1	25.641	86	81	85	78	53	2	11	83	3	80	2.91e-17	74.7
tr|A0A144RC60|A0A144RC60_ENTCL	GCF_013343005.1_WP_078482823.1	35.897	86	84	85	78	45	2	3	75	1	78	2.93e-17	74.7
tr|A0A144RC60|A0A144RC60_ENTCL	GCF_000021985.1_WP_012639500.1	33.784	86	82	80	74	44	2	3	71	1	74	3.26e-17	74.7
tr|A0A144RC60|A0A144RC60_ENTCL	GCF_004421105.1_WP_134356453.1	20.253	86	80	87	79	56	3	4	78	1	76	3.33e-17	74.4
tr|A0A144RC60|A0A144RC60_ENTCL	GCF_002221525.1_WP_089349457.1	29.630	86	83	88	81	52	2	10	85	2	82	3.83e-17	74.4
tr|A0A144RC60|A0A144RC60_ENTCL	GCF_003967195.1_WP_172597571.1	33.333	86	83	81	75	45	2	3	72	2	76	4.14e-17	74.4
tr|A0A144RC60|A0A144RC60_ENTCL	GCF_013177635.1_WP_129095542.1	25.676	86	72	83	74	49	2	3	73	1	71	4.42e-17	74.1
tr|A0A144RC60|A0A144RC60_ENTCL	GCF_003353065.1_WP_114983154.1	27.632	86	84	84	76	48	3	1	72	1	73	4.53e-17	74.1
tr|A0A144RC60|A0A144RC60_ENTCL	GCF_018736065.1_WP_144074266.1	27.941	86	76	79	68	45	2	7	74	10	73	4.57e-17	74.1
tr|A0A144RC60|A0A144RC60_ENTCL	GCF_003063625.1_WP_108601906.1	26.582	86	85	88	79	55	1	10	85	5	83	4.64e-17	74.1
tr|A0A144RC60|A0A144RC60_ENTCL	GCF_000238395.3_WP_010553578.1	27.160	86	83	88	81	54	2	10	85	2	82	4.70e-17	74.1
tr|A0A144RC60|A0A144RC60_ENTCL	GCF_024347495.1_WP_137371745.1	24.324	86	80	85	74	55	1	10	82	2	75	4.96e-17	74.1
tr|A0A144RC60|A0A144RC60_ENTCL	GCF_900233005.1_WP_102521318.1	24.359	86	81	90	78	58	1	10	86	2	79	4.96e-17	74.1
tr|A0A144RC60|A0A144RC60_ENTCL	GCF_005877035.1_WP_039486662.1	28.395	86	83	88	81	53	2	10	85	2	82	5.18e-17	74.1
tr|A0A144RC60|A0A144RC60_ENTCL	GCF_024362845.1_WP_255230807.1	22.785	86	82	86	79	56	2	10	83	2	80	5.25e-17	74.1
tr|A0A144RC60|A0A144RC60_ENTCL	GCF_020091585.1_WP_224339804.1	23.377	86	82	85	77	52	2	4	76	1	74	5.42e-17	74.1
tr|A0A144RC60|A0A144RC60_ENTCL	GCF_000940995.1_WP_082060442.1	27.059	86	93	98	85	61	1	3	86	1	85	5.42e-17	74.1
tr|A0A144RC60|A0A144RC60_ENTCL	GCF_009938015.1_WP_223264517.1	30.380	86	90	86	79	50	3	1	74	1	79	5.48e-17	74.1
tr|A0A144RC60|A0A144RC60_ENTCL	GCF_002849875.1_WP_232379112.1	29.412	86	113	94	85	56	1	6	86	28	112	5.53e-17	74.7
tr|A0A144RC60|A0A144RC60_ENTCL	GCF_003970675.1_WP_126615366.1	27.941	86	76	79	68	45	2	7	74	10	73	6.27e-17	73.8
tr|A0A144RC60|A0A144RC60_ENTCL	GCF_003544915.1_WP_118918525.1	27.632	86	73	85	76	49	2	3	75	1	73	6.73e-17	73.5
tr|A0A144RC60|A0A144RC60_ENTCL	GCF_000019525.1_WP_012323084.1	27.632	86	81	87	76	54	1	10	84	2	77	6.93e-17	73.5
tr|A0A144RC60|A0A144RC60_ENTCL	GCF_013201725.1_WP_014475480.1	29.730	86	74	83	74	46	2	3	73	1	71	8.34e-17	73.3
tr|A0A144RC60|A0A144RC60_ENTCL	GCF_010119975.1_WP_162445115.1	25.882	86	365	94	85	55	2	4	84	8	88	8.54e-17	78.3
tr|A0A144RC60|A0A144RC60_ENTCL	GCF_008632455.1_WP_150048082.1	24.675	86	84	88	77	56	2	9	84	5	80	9.25e-17	73.5
tr|A0A144RC60|A0A144RC60_ENTCL	GCF_003346775.1_WP_114843067.1	23.377	86	84	86	77	53	2	3	76	1	74	9.40e-17	73.3
tr|A0A144RC60|A0A144RC60_ENTCL	GCF_008122265.1_WP_148863603.1	20.779	86	84	85	77	54	2	4	76	1	74	9.78e-17	73.3
tr|A0A144RC60|A0A144RC60_ENTCL	GCF_013201935.1_WP_129014602.1	25.676	86	72	83	74	49	2	3	73	1	71	1.06e-16	73.0
tr|A0A144RC60|A0A144RC60_ENTCL	GCF_002215215.1_WP_088918776.1	35.802	86	101	93	81	50	2	5	84	15	94	1.10e-16	73.5
tr|A0A144RC60|A0A144RC60_ENTCL	GCF_000143085.1_WP_013221711.1	20.513	86	82	86	78	55	3	4	77	1	75	1.17e-16	73.0
tr|A0A144RC60|A0A144RC60_ENTCL	GCF_016613475.2_WP_200606805.1	21.053	86	90	84	76	53	2	4	75	5	77	1.61e-16	73.0
tr|A0A144RC60|A0A144RC60_ENTCL	GCF_024746855.1_WP_260492542.1	29.487	86	79	86	78	51	1	10	83	2	79	1.63e-16	72.7
tr|A0A144RC60|A0A144RC60_ENTCL	GCF_000828615.1_WP_041064380.1	34.177	86	80	86	79	47	3	1	74	1	79	1.87e-16	72.7
tr|A0A144RC60|A0A144RC60_ENTCL	GCF_002355735.1_WP_096359192.1	28.947	86	83	84	76	50	2	4	75	7	82	1.92e-16	72.7
tr|A0A144RC60|A0A144RC60_ENTCL	GCF_002355415.1_WP_148665551.1	32.877	86	87	80	73	45	2	6	74	13	85	1.99e-16	72.7
tr|A0A144RC60|A0A144RC60_ENTCL	GCF_019670485.1_WP_221071211.1	25.000	86	81	87	76	56	1	12	86	4	79	2.16e-16	72.4
tr|A0A144RC60|A0A144RC60_ENTCL	GCF_001999225.1_WP_077537996.1	23.457	86	82	88	81	57	2	10	85	2	82	2.21e-16	72.4
tr|A0A144RC60|A0A144RC60_ENTCL	GCF_002557795.1_WP_098194977.1	26.316	86	89	81	76	47	2	6	75	7	79	2.36e-16	72.4
tr|A0A144RC60|A0A144RC60_ENTCL	GCF_001456255.1_WP_020335096.1	24.359	86	81	85	78	54	2	12	84	4	81	2.47e-16	72.1
tr|A0A144RC60|A0A144RC60_ENTCL	GCF_026427595.1_WP_251812951.1	26.250	86	88	87	80	54	2	12	86	7	86	2.59e-16	72.4
tr|A0A144RC60|A0A144RC60_ENTCL	GCF_002906475.1_WP_012130247.1	24.675	86	81	84	77	53	2	12	83	4	80	2.65e-16	72.1
tr|A0A144RC60|A0A144RC60_ENTCL	GCF_000012805.1_WP_011330264.1	19.231	86	85	86	78	56	3	4	77	1	75	3.35e-16	72.1
tr|A0A144RC60|A0A144RC60_ENTCL	GCF_015209785.1_WP_193988300.1	42.647	86	73	78	68	38	1	6	72	2	69	3.51e-16	71.9
tr|A0A144RC60|A0A144RC60_ENTCL	GCF_002021755.1_WP_005434844.1	24.675	86	81	84	77	53	2	12	83	4	80	3.88e-16	71.9
tr|A0A144RC60|A0A144RC60_ENTCL	GCF_002356115.1_WP_096526481.1	18.182	86	78	85	77	56	2	4	76	1	74	3.90e-16	71.6
tr|A0A144RC60|A0A144RC60_ENTCL	GCF_008931805.1_WP_019441510.1	23.750	86	81	87	80	56	2	10	84	2	81	5.29e-16	71.3
tr|A0A144RC60|A0A144RC60_ENTCL	GCF_008807855.1_WP_063240334.1	21.795	86	83	86	78	54	2	2	75	3	77	5.51e-16	71.3
tr|A0A144RC60|A0A144RC60_ENTCL	GCF_000770115.1_WP_069687890.1	23.377	86	81	84	77	54	2	12	83	4	80	5.59e-16	71.3
tr|A0A144RC60|A0A144RC60_ENTCL	GCF_004028275.1_WP_128384077.1	24.286	86	77	77	70	49	2	9	74	2	71	5.80e-16	71.3
tr|A0A144RC60|A0A144RC60_ENTCL	GCF_002218045.2_WP_089137819.1	37.500	86	79	79	72	41	2	6	73	5	76	7.85e-16	71.0
tr|A0A144RC60|A0A144RC60_ENTCL	GCF_013201665.1_WP_128359868.1	24.390	86	81	92	82	56	2	3	81	1	79	7.93e-16	71.0
tr|A0A144RC60|A0A144RC60_ENTCL	GCF_000317125.1_WP_015155280.1	22.500	86	81	88	80	55	3	4	79	1	77	8.12e-16	71.0
tr|A0A144RC60|A0A144RC60_ENTCL	GCF_024347275.1_WP_019620968.1	26.829	86	82	90	82	55	3	4	80	1	82	8.73e-16	71.0
tr|A0A144RC60|A0A144RC60_ENTCL	GCF_023733635.1_WP_039959400.1	31.081	86	89	80	74	46	2	4	72	1	74	1.04e-15	70.7
tr|A0A144RC60|A0A144RC60_ENTCL	GCF_019703835.1_WP_087020305.1	32.911	86	79	87	79	46	2	12	86	3	78	1.20e-15	70.4
tr|A0A144RC60|A0A144RC60_ENTCL	GCF_019797925.1_WP_193521737.1	32.877	86	80	85	73	49	0	11	83	3	75	1.23e-15	70.4
tr|A0A144RC60|A0A144RC60_ENTCL	GCF_003568825.1_WP_040644076.1	23.077	86	83	86	78	56	1	10	83	2	79	1.27e-15	70.4
tr|A0A144RC60|A0A144RC60_ENTCL	GCF_000024825.1_WP_005460845.1	24.359	86	81	85	78	54	2	12	84	4	81	1.31e-15	70.4
tr|A0A144RC60|A0A144RC60_ENTCL	GCF_000321415.2_WP_015260329.1	32.941	86	93	94	85	53	3	1	81	1	85	1.32e-15	70.7
tr|A0A144RC60|A0A144RC60_ENTCL	GCF_001442805.1_WP_057942092.1	24.324	86	88	81	74	49	2	5	74	6	76	1.33e-15	70.4
tr|A0A144RC60|A0A144RC60_ENTCL	GCF_002157225.2_WP_086934278.1	28.767	86	80	85	73	52	0	10	82	5	77	1.43e-15	70.4
tr|A0A144RC60|A0A144RC60_ENTCL	GCF_000026085.1_WP_041454550.1	38.028	86	73	80	71	41	3	6	74	2	71	1.61e-15	70.2
tr|A0A144RC60|A0A144RC60_ENTCL	GCF_005166025.1_WP_137090244.1	28.947	86	84	84	76	47	2	3	74	1	73	1.77e-15	70.2
tr|A0A144RC60|A0A144RC60_ENTCL	GCF_024347195.1_WP_271272618.1	34.247	86	77	80	73	44	3	4	72	1	73	1.99e-15	69.9
tr|A0A144RC60|A0A144RC60_ENTCL	GCF_006364355.1_WP_004727652.1	22.785	86	83	86	79	56	2	10	83	2	80	2.70e-15	69.6
tr|A0A144RC60|A0A144RC60_ENTCL	GCF_024347255.1_WP_091360415.1	32.432	86	79	80	74	45	2	4	72	1	74	2.84e-15	69.6
tr|A0A144RC60|A0A144RC60_ENTCL	GCF_001956695.1_WP_076086043.1	24.000	86	77	84	75	51	2	4	75	1	72	4.12e-15	69.0
tr|A0A144RC60|A0A144RC60_ENTCL	GCF_001431725.1_WP_021820278.1	25.000	86	81	87	80	55	2	10	84	2	81	4.59e-15	69.0
tr|A0A144RC60|A0A144RC60_ENTCL	GCF_000018105.1_WP_012162738.1	16.854	86	86	97	89	65	3	4	86	1	86	6.38e-15	68.8
tr|A0A144RC60|A0A144RC60_ENTCL	GCF_001956695.1_WP_076086034.1	24.051	86	77	87	79	53	2	7	81	2	77	6.38e-15	68.5
tr|A0A144RC60|A0A144RC60_ENTCL	GCF_000227685.2_WP_006746304.1	30.864	86	83	90	81	52	3	1	77	1	81	6.41e-15	68.8
tr|A0A144RC60|A0A144RC60_ENTCL	GCF_000788395.1_WP_038641921.1	27.941	86	85	78	68	48	1	8	74	3	70	6.48e-15	68.8
tr|A0A144RC60|A0A144RC60_ENTCL	GCF_004798725.1_WP_010811758.1	23.077	86	83	86	78	53	2	2	75	3	77	7.22e-15	68.5
tr|A0A144RC60|A0A144RC60_ENTCL	GCF_000024725.1_WP_013031543.1	20.000	86	81	88	80	57	3	4	79	1	77	8.93e-15	68.2
tr|A0A144RC60|A0A144RC60_ENTCL	GCF_001050135.1_WP_048644179.1	25.316	86	88	87	79	52	3	1	75	1	76	1.01e-14	68.2
tr|A0A144RC60|A0A144RC60_ENTCL	GCF_002887615.1_WP_038869703.1	23.377	86	81	84	77	54	2	12	83	4	80	1.02e-14	68.2
tr|A0A144RC60|A0A144RC60_ENTCL	GCF_018389385.1_WP_218082190.1	21.622	86	91	81	74	51	3	4	73	15	85	1.03e-14	68.2
tr|A0A144RC60|A0A144RC60_ENTCL	GCF_019977755.1_WP_126608378.1	31.325	86	103	88	83	50	2	10	85	16	98	1.18e-14	68.5
tr|A0A144RC60|A0A144RC60_ENTCL	GCF_003955735.1_WP_126127786.1	24.359	86	91	86	78	52	3	5	78	7	81	1.30e-14	68.2
tr|A0A144RC60|A0A144RC60_ENTCL	GCF_009363415.1_WP_152430616.1	19.231	86	84	90	78	62	1	10	86	2	79	1.32e-14	67.9
tr|A0A144RC60|A0A144RC60_ENTCL	GCF_000014785.1_WP_011630183.1	29.870	86	83	85	77	50	3	4	76	7	83	1.34e-14	67.9
tr|A0A144RC60|A0A144RC60_ENTCL	GCF_000092245.1_WP_013136435.1	31.507	86	76	81	73	44	2	7	76	2	71	1.46e-14	67.6
tr|A0A144RC60|A0A144RC60_ENTCL	GCF_002157895.1_WP_227874980.1	23.750	86	82	87	80	56	2	10	84	3	82	2.83e-14	67.1
tr|A0A144RC60|A0A144RC60_ENTCL	GCF_017638925.1_WP_208844867.1	25.333	86	81	83	75	52	1	11	81	3	77	3.16e-14	66.8
tr|A0A144RC60|A0A144RC60_ENTCL	GCF_019891175.1_WP_225938383.1	18.519	86	93	90	81	59	2	3	79	8	85	3.33e-14	67.1
tr|A0A144RC60|A0A144RC60_ENTCL	GCF_003722295.1_WP_010573895.1	27.273	86	75	83	77	47	2	4	74	1	74	3.35e-14	66.8
tr|A0A144RC60|A0A144RC60_ENTCL	GCF_000317575.1_WP_015193670.1	24.000	86	74	83	75	50	2	4	74	1	72	6.74e-14	65.9
tr|A0A144RC60|A0A144RC60_ENTCL	GCF_024347215.1_WP_261843265.1	34.247	86	77	80	73	44	3	4	72	1	73	7.08e-14	65.9
tr|A0A144RC60|A0A144RC60_ENTCL	GCF_012295615.1_WP_007018284.1	20.779	86	81	84	77	56	2	12	83	4	80	7.56e-14	65.9
tr|A0A144RC60|A0A144RC60_ENTCL	GCF_013283835.1_WP_071625892.1	25.641	86	79	84	78	49	2	7	78	2	76	1.34e-13	65.4
tr|A0A144RC60|A0A144RC60_ENTCL	GCF_000222485.1_WP_014022977.1	21.795	86	85	86	78	54	3	1	74	1	75	1.55e-13	65.1
tr|A0A144RC60|A0A144RC60_ENTCL	GCF_002309535.1_WP_096047558.1	25.000	86	88	90	80	54	2	9	85	4	80	4.61e-13	64.0
tr|A0A144RC60|A0A144RC60_ENTCL	GCF_000014705.1_WP_011637758.1	21.687	86	88	91	83	60	3	9	86	3	85	5.07e-13	64.0
tr|A0A144RC60|A0A144RC60_ENTCL	GCF_000265505.1_WP_014796533.1	23.529	86	97	86	85	54	2	4	77	3	87	5.38e-13	64.0
tr|A0A144RC60|A0A144RC60_ENTCL	GCF_009937995.1_WP_179954406.1	24.051	86	79	86	79	55	2	4	77	1	79	6.29e-13	63.4
tr|A0A144RC60|A0A144RC60_ENTCL	GCF_013201665.1_WP_128358834.1	24.675	86	76	86	77	52	2	7	80	2	75	8.49e-13	63.1
tr|A0A144RC60|A0A144RC60_ENTCL	GCF_000012325.1_WP_011045621.1	26.866	86	84	78	67	49	0	10	76	5	71	1.06e-12	63.1
tr|A0A144RC60|A0A144RC60_ENTCL	GCF_000238255.3_WP_010559905.1	24.390	86	86	92	82	59	2	8	86	3	84	1.40e-12	62.9
tr|A0A144RC60|A0A144RC60_ENTCL	GCF_000019185.1_WP_012277931.1	24.490	86	100	86	98	50	3	10	83	2	99	1.60e-12	62.9
tr|A0A144RC60|A0A144RC60_ENTCL	GCF_013282625.1_WP_173286717.1	27.941	86	67	79	68	46	1	9	76	2	66	1.84e-12	62.3
tr|A0A144RC60|A0A144RC60_ENTCL	GCF_013201935.1_WP_128987185.1	23.377	86	76	86	77	53	2	7	80	2	75	1.86e-12	62.3
tr|A0A144RC60|A0A144RC60_ENTCL	GCF_013177635.1_WP_129095951.1	24.675	86	76	86	77	52	2	7	80	2	75	1.86e-12	62.3
tr|A0A144RC60|A0A144RC60_ENTCL	GCF_003544815.1_WP_118886031.1	24.675	86	76	86	77	52	2	7	80	2	75	1.86e-12	62.3
tr|A0A144RC60|A0A144RC60_ENTCL	GCF_000973725.1_WP_046311560.1	25.641	86	91	86	78	51	2	3	76	1	75	3.23e-12	62.0
tr|A0A144RC60|A0A144RC60_ENTCL	GCF_003346815.1_WP_114840344.1	25.000	86	84	85	76	51	3	4	76	1	73	8.45e-12	60.9
tr|A0A144RC60|A0A144RC60_ENTCL	GCF_001705075.2_WP_065970077.1	25.641	86	78	86	78	54	2	3	76	1	78	9.79e-12	60.6
tr|A0A144RC60|A0A144RC60_ENTCL	GCF_000568815.1_WP_025346049.1	23.377	86	76	86	77	53	2	8	81	3	76	1.44e-11	60.0
tr|A0A144RC60|A0A144RC60_ENTCL	GCF_013177675.1_WP_172126669.1	27.273	86	77	86	77	50	2	7	80	2	75	1.80e-11	59.8
tr|A0A144RC60|A0A144RC60_ENTCL	GCF_003855395.1_WP_124730567.1	21.687	86	88	91	83	60	3	9	86	3	85	2.55e-11	59.5
tr|A0A144RC60|A0A144RC60_ENTCL	GCF_000006765.1_NP_249630.1	34.118	86	108	92	85	50	1	4	82	1	85	3.06e-11	59.8
tr|A0A144RC60|A0A144RC60_ENTCL	GCF_013283835.1_WP_071628250.1	24.051	86	81	88	79	54	2	4	79	1	76	3.15e-11	59.2
tr|A0A144RC60|A0A144RC60_ENTCL	GCF_011398355.1_WP_173270160.1	24.615	86	65	76	65	46	1	9	73	2	63	7.63e-11	58.1
tr|A0A144RC60|A0A144RC60_ENTCL	GCF_001723605.1_WP_069479051.1	24.324	86	76	83	74	50	2	10	80	5	75	7.77e-11	58.1
tr|A0A144RC60|A0A144RC60_ENTCL	GCF_021654855.1_WP_237262080.1	25.000	86	70	74	68	44	2	10	73	3	67	7.78e-11	58.1
tr|A0A144RC60|A0A144RC60_ENTCL	GCF_004293625.1_WP_130538367.1	33.898	86	71	69	59	36	1	9	67	2	57	8.76e-11	58.1
tr|A0A144RC60|A0A144RC60_ENTCL	GCF_003967275.1_WP_197721837.1	28.378	86	78	81	74	49	3	3	72	1	74	1.03e-10	57.8
tr|A0A144RC60|A0A144RC60_ENTCL	GCF_006385555.1_WP_140234395.1	28.750	86	87	87	80	52	3	8	82	2	81	1.03e-10	58.1
tr|A0A144RC60|A0A144RC60_ENTCL	GCF_000265295.1_WP_014770430.1	23.377	86	76	86	77	53	2	8	81	3	76	1.08e-10	57.8
tr|A0A144RC60|A0A144RC60_ENTCL	GCF_000147355.1_WP_013326989.1	24.615	86	67	70	65	44	2	23	82	1	65	2.15e-10	56.9
tr|A0A144RC60|A0A144RC60_ENTCL	GCF_026278345.1_WP_266369249.1	27.027	86	90	81	74	47	3	4	73	1	71	2.61e-10	56.9
tr|A0A144RC60|A0A144RC60_ENTCL	GCF_020511155.1_WP_226415657.1	18.750	86	87	87	80	60	2	8	82	3	82	4.40e-10	56.4
tr|A0A144RC60|A0A144RC60_ENTCL	GCF_009931655.1_WP_161888514.1	17.722	86	89	87	79	58	2	3	77	1	76	4.80e-10	56.4
tr|A0A144RC60|A0A144RC60_ENTCL	GCF_024347675.1_WP_261833361.1	37.209	86	54	50	43	27	0	10	52	2	44	5.13e-10	55.8
tr|A0A144RC60|A0A144RC60_ENTCL	GCF_014217805.1_WP_185274331.1	18.421	86	91	84	76	55	2	5	76	6	78	8.79e-10	55.8
tr|A0A144RC60|A0A144RC60_ENTCL	GCF_003260975.1_WP_112783789.1	19.231	86	81	87	78	57	3	6	80	2	76	1.25e-09	55.3
tr|A0A144RC60|A0A144RC60_ENTCL	GCF_005281475.1_WP_137401239.1	23.288	86	81	81	73	50	3	6	75	2	71	1.32e-09	55.0
tr|A0A144RC60|A0A144RC60_ENTCL	GCF_000018285.1_WP_012155987.1	20.619	86	102	83	97	51	3	11	81	3	99	1.40e-09	55.5
tr|A0A144RC60|A0A144RC60_ENTCL	GCF_017742995.1_WP_247749573.1	50.000	86	48	42	36	18	0	10	45	2	37	1.57e-09	54.4
tr|A0A144RC60|A0A144RC60_ENTCL	GCF_006575665.1_WP_141613356.1	23.288	86	81	81	73	50	3	6	75	2	71	1.66e-09	55.0
tr|A0A144RC60|A0A144RC60_ENTCL	GCF_011398355.1_WP_173270199.1	22.727	86	66	77	66	48	1	9	74	2	64	1.78e-09	54.4
tr|A0A144RC60|A0A144RC60_ENTCL	GCF_001444405.1_WP_058032142.1	27.273	86	87	76	66	47	1	10	74	2	67	2.02e-09	54.7
tr|A0A144RC60|A0A144RC60_ENTCL	GCF_000013765.1_WP_011496543.1	21.176	86	106	93	85	62	2	4	83	17	101	3.50e-09	54.4
tr|A0A144RC60|A0A144RC60_ENTCL	GCF_023650495.1_WP_250655372.1	24.528	86	88	57	53	36	1	8	56	3	55	5.18e-09	53.8
tr|A0A144RC60|A0A144RC60_ENTCL	GCF_002116735.1_WP_041332374.1	17.722	86	86	87	79	58	2	2	76	5	80	8.00e-09	53.3
tr|A0A144RC60|A0A144RC60_ENTCL	GCF_014075995.1_WP_182414414.1	17.949	86	91	86	78	57	2	3	76	4	78	2.18e-08	52.2
tr|A0A144RC60|A0A144RC60_ENTCL	GCF_011398155.1_WP_173291533.1	21.212	86	71	76	66	48	2	10	74	3	65	4.01e-08	51.0
tr|A0A144RC60|A0A144RC60_ENTCL	GCF_000242635.2_WP_014682426.1	20.000	86	83	77	70	49	2	14	79	11	77	6.80e-08	50.8
tr|A0A144RC60|A0A144RC60_ENTCL	GCF_000325705.1_WP_015264554.1	21.622	86	77	83	74	52	3	10	80	6	76	1.76e-07	49.6
tr|A0A144RC60|A0A144RC60_ENTCL	GCF_000484535.1_WP_023173213.1	30.769	86	91	74	65	44	1	12	75	24	88	3.77e-07	49.1
tr|A0A144RC60|A0A144RC60_ENTCL	GCF_011764585.1_WP_188200227.1	30.357	86	63	59	56	34	2	23	73	2	57	6.25e-07	47.9
tr|A0A144RC60|A0A144RC60_ENTCL	GCF_019931735.1_WP_223417223.1	19.231	86	87	85	78	58	3	10	82	4	81	1.01e-06	47.9
tr|A0A144RC60|A0A144RC60_ENTCL	GCF_021018745.1_WP_230843504.1	27.692	86	92	74	65	46	1	12	75	24	88	1.54e-06	47.4
tr|A0A144RC60|A0A144RC60_ENTCL	GCF_001027285.1_WP_047859305.1	24.490	86	80	57	49	37	0	12	60	12	60	1.74e-06	47.1
tr|A0A144RC60|A0A144RC60_ENTCL	GCF_000011385.1_WP_011141833.1	27.692	86	92	74	65	46	1	12	75	24	88	3.40e-06	46.5
tr|A0A144RC60|A0A144RC60_ENTCL	GCF_009937995.1_WP_162085741.1	26.250	86	82	86	80	53	2	3	76	1	80	0.001	39.8
tr|A0A144RC60|A0A144RC60_ENTCL	GCF_003143555.1_WP_109340539.1	16.000	86	84	84	75	60	2	12	83	5	79	0.001	39.8
tr|A0A144RC60|A0A144RC60_ENTCL	GCF_010119975.1_WP_162443195.1	15.190	86	91	87	79	60	2	3	77	1	76	0.002	39.8
tr|A0A144RC60|A0A144RC60_ENTCL	GCF_010119975.1_WP_162441452.1	14.286	86	89	85	77	59	2	3	75	1	74	0.003	39.2
tr|A0A144RC60|A0A144RC60_ENTCL	GCF_003945325.1_WP_125566010.1	28.358	86	327	70	67	41	3	24	83	165	231	0.006	40.3
tr|A0A144RC60|A0A144RC60_ENTCL	GCF_018388465.1_WP_208290210.1	23.529	86	316	76	68	49	2	16	80	139	206	0.006	40.3
tr|A0A144RC60|A0A144RC60_ENTCL	GCF_001263175.1_WP_050726405.1	28.889	86	81	52	45	32	0	12	56	12	56	0.010	37.5
tr|A0A144RC60|A0A144RC60_ENTCL	GCF_009938015.1_WP_147074368.1	20.988	86	82	86	81	56	5	3	76	1	80	0.010	37.5
