tr|A0A257NBF5|A0A257NBF5_9GAMM	GCF_001597285.1_WP_061903727.1	36.364	92	92	96	88	56	0	3	90	4	91	1.97e-34	118
tr|A0A257NBF5|A0A257NBF5_9GAMM	GCF_024205225.1_WP_195881696.1	34.483	92	90	95	87	57	0	3	89	4	90	4.77e-34	117
tr|A0A257NBF5|A0A257NBF5_9GAMM	GCF_000297075.2_WP_003461742.1	30.682	92	90	96	88	61	0	2	89	3	90	7.38e-34	117
tr|A0A257NBF5|A0A257NBF5_9GAMM	GCF_013409125.2_WP_099525265.1	30.682	92	90	96	88	61	0	2	89	3	90	7.87e-34	117
tr|A0A257NBF5|A0A257NBF5_9GAMM	GCF_000733715.2_WP_017362912.1	31.034	92	90	95	87	60	0	3	89	4	90	8.38e-34	117
tr|A0A257NBF5|A0A257NBF5_9GAMM	GCF_001594225.2_WP_064379396.1	38.202	92	92	97	89	55	0	2	90	3	91	2.15e-33	116
tr|A0A257NBF5|A0A257NBF5_9GAMM	GCF_004353845.1_WP_103770713.1	44.578	92	93	90	83	46	0	2	84	6	88	4.38e-33	115
tr|A0A257NBF5|A0A257NBF5_9GAMM	GCF_013200955.2_WP_173204463.1	28.409	92	91	96	88	63	0	2	89	4	91	4.49e-33	115
tr|A0A257NBF5|A0A257NBF5_9GAMM	GCF_002355475.1_WP_004421315.1	35.632	92	91	95	87	56	0	3	89	5	91	4.64e-33	115
tr|A0A257NBF5|A0A257NBF5_9GAMM	GCF_008693605.1_WP_223849061.1	42.169	92	95	90	83	48	0	3	85	8	90	5.04e-33	115
tr|A0A257NBF5|A0A257NBF5_9GAMM	GCF_017167985.1_WP_093053415.1	33.708	92	92	97	89	59	0	2	90	3	91	1.02e-32	114
tr|A0A257NBF5|A0A257NBF5_9GAMM	GCF_020097475.1_WP_000062318.1	23.256	92	86	93	86	61	2	2	87	6	86	1.10e-32	114
tr|A0A257NBF5|A0A257NBF5_9GAMM	GCF_021172065.1_WP_015965827.1	24.419	92	86	93	86	60	2	2	87	6	86	1.45e-32	113
tr|A0A257NBF5|A0A257NBF5_9GAMM	GCF_001461805.1_WP_013367515.1	23.256	92	86	93	86	61	2	2	87	6	86	1.69e-32	113
tr|A0A257NBF5|A0A257NBF5_9GAMM	GCF_001518835.1_WP_059308693.1	22.093	92	86	93	86	62	2	2	87	6	86	1.83e-32	113
tr|A0A257NBF5|A0A257NBF5_9GAMM	GCF_003812345.1_WP_121571778.1	42.353	92	94	92	85	49	0	3	87	7	91	1.88e-32	113
tr|A0A257NBF5|A0A257NBF5_9GAMM	GCF_017167985.1_WP_079784061.1	31.034	92	90	95	87	60	0	3	89	4	90	2.25e-32	113
tr|A0A257NBF5|A0A257NBF5_9GAMM	GCF_009036245.1_WP_025756830.1	22.093	92	86	93	86	62	2	2	87	6	86	2.83e-32	113
tr|A0A257NBF5|A0A257NBF5_9GAMM	GCF_000006925.2_NP_706134.1	22.093	92	86	93	86	62	2	2	87	6	86	4.55e-32	112
tr|A0A257NBF5|A0A257NBF5_9GAMM	GCF_900682675.2_WP_069898892.1	32.584	92	94	97	89	60	0	2	90	3	91	4.69e-32	112
tr|A0A257NBF5|A0A257NBF5_9GAMM	GCF_009176645.1_WP_152083529.1	23.256	92	86	93	86	61	2	2	87	6	86	5.13e-32	112
tr|A0A257NBF5|A0A257NBF5_9GAMM	GCF_003594935.2_WP_006173581.1	20.930	92	86	93	86	63	2	2	87	6	86	6.01e-32	112
tr|A0A257NBF5|A0A257NBF5_9GAMM	GCF_001708425.1_WP_055136127.1	32.558	92	94	93	86	58	0	3	88	4	89	7.37e-32	112
tr|A0A257NBF5|A0A257NBF5_9GAMM	GCF_000005845.2_NP_414731.2	22.093	92	84	93	86	62	2	2	87	4	84	8.84e-32	111
tr|A0A257NBF5|A0A257NBF5_9GAMM	GCF_001022135.1_WP_039078449.1	20.930	92	86	93	86	63	2	2	87	6	86	9.02e-32	111
tr|A0A257NBF5|A0A257NBF5_9GAMM	GCF_001683395.1_WP_017458015.1	22.093	92	86	93	86	62	2	2	87	6	86	1.00e-31	111
tr|A0A257NBF5|A0A257NBF5_9GAMM	GCF_016904755.1_WP_059234959.1	23.529	92	86	92	85	60	2	2	86	6	85	1.36e-31	111
tr|A0A257NBF5|A0A257NBF5_9GAMM	GCF_015137655.1_WP_028015593.1	22.093	92	86	93	86	62	2	2	87	6	86	1.54e-31	111
tr|A0A257NBF5|A0A257NBF5_9GAMM	GCF_000224675.1_WP_010426685.1	22.093	92	86	93	86	62	2	2	87	6	86	1.59e-31	111
tr|A0A257NBF5|A0A257NBF5_9GAMM	GCF_023195735.1_WP_035891978.1	24.419	92	86	93	86	60	2	2	87	6	86	1.62e-31	111
tr|A0A257NBF5|A0A257NBF5_9GAMM	GCF_004684345.1_WP_135321947.1	41.667	92	93	91	84	49	0	2	85	6	89	1.72e-31	111
tr|A0A257NBF5|A0A257NBF5_9GAMM	GCF_011397855.1_WP_044414183.1	33.333	92	90	95	87	58	0	3	89	4	90	1.86e-31	111
tr|A0A257NBF5|A0A257NBF5_9GAMM	GCF_012767755.2_WP_173176508.1	39.326	92	91	97	89	51	1	2	90	3	88	1.88e-31	111
tr|A0A257NBF5|A0A257NBF5_9GAMM	GCF_007632255.1_WP_015368146.1	22.093	92	86	93	86	62	2	2	87	6	86	1.93e-31	110
tr|A0A257NBF5|A0A257NBF5_9GAMM	GCF_001729805.1_WP_008501890.1	22.093	92	86	93	86	62	2	2	87	6	86	2.36e-31	110
tr|A0A257NBF5|A0A257NBF5_9GAMM	GCF_001750725.1_WP_014168720.1	22.093	92	86	93	86	62	2	2	87	6	86	2.57e-31	110
tr|A0A257NBF5|A0A257NBF5_9GAMM	GCF_001658025.2_WP_007373243.1	22.093	92	86	93	86	62	2	2	87	6	86	2.62e-31	110
tr|A0A257NBF5|A0A257NBF5_9GAMM	GCF_009649915.1_WP_062772223.1	24.419	92	86	93	86	60	2	2	87	6	86	3.14e-31	110
tr|A0A257NBF5|A0A257NBF5_9GAMM	GCF_004684345.1_WP_135323069.1	23.256	92	86	93	86	61	2	2	87	6	86	3.24e-31	110
tr|A0A257NBF5|A0A257NBF5_9GAMM	GCF_025914095.1_WP_031518416.1	20.930	92	86	93	86	63	2	2	87	6	86	3.37e-31	110
tr|A0A257NBF5|A0A257NBF5_9GAMM	GCF_008807375.1_WP_151138908.1	35.632	92	91	95	87	56	0	3	89	5	91	3.39e-31	110
tr|A0A257NBF5|A0A257NBF5_9GAMM	GCF_019048625.1_WP_023305471.1	21.176	92	86	92	85	62	2	3	87	7	86	3.59e-31	110
tr|A0A257NBF5|A0A257NBF5_9GAMM	GCF_027886705.1_WP_061497537.1	22.093	92	86	93	86	62	2	2	87	6	86	4.18e-31	110
tr|A0A257NBF5|A0A257NBF5_9GAMM	GCF_018128425.1_WP_042289833.1	24.419	92	86	93	86	60	2	2	87	6	86	4.18e-31	110
tr|A0A257NBF5|A0A257NBF5_9GAMM	GCF_003812345.1_WP_003018503.1	23.256	92	86	93	86	61	2	2	87	6	86	4.25e-31	110
tr|A0A257NBF5|A0A257NBF5_9GAMM	GCF_014524625.1_WP_009050814.1	30.337	92	92	97	89	62	0	2	90	3	91	4.45e-31	110
tr|A0A257NBF5|A0A257NBF5_9GAMM	GCF_021278985.1_WP_012904575.1	24.419	92	86	93	86	60	2	2	87	6	86	4.60e-31	110
tr|A0A257NBF5|A0A257NBF5_9GAMM	GCF_001558935.2_WP_042323659.1	23.256	92	86	93	86	61	2	2	87	6	86	5.30e-31	109
tr|A0A257NBF5|A0A257NBF5_9GAMM	GCF_900638065.1_WP_048212636.1	23.256	92	86	93	86	61	2	2	87	6	86	5.48e-31	109
tr|A0A257NBF5|A0A257NBF5_9GAMM	GCF_004353845.1_WP_103768334.1	23.256	92	86	93	86	61	2	2	87	6	86	5.56e-31	109
tr|A0A257NBF5|A0A257NBF5_9GAMM	GCF_009363135.1_WP_090122691.1	22.093	92	86	93	86	62	2	2	87	6	86	7.12e-31	109
tr|A0A257NBF5|A0A257NBF5_9GAMM	GCF_008693645.1_WP_137347870.1	39.759	92	89	90	83	50	0	2	84	6	88	1.05e-30	109
tr|A0A257NBF5|A0A257NBF5_9GAMM	GCF_001277255.1_WP_007666633.1	22.093	92	86	93	86	62	2	2	87	6	86	1.18e-30	109
tr|A0A257NBF5|A0A257NBF5_9GAMM	GCF_000240185.1_YP_005225236.1	20.930	92	86	93	86	63	2	2	87	6	86	1.19e-30	109
tr|A0A257NBF5|A0A257NBF5_9GAMM	GCF_000439255.1_WP_000062328.1	25.581	92	86	93	86	59	2	2	87	6	86	1.26e-30	109
tr|A0A257NBF5|A0A257NBF5_9GAMM	GCF_022637515.1_WP_064539750.1	22.093	92	86	93	86	62	2	2	87	6	86	1.46e-30	108
tr|A0A257NBF5|A0A257NBF5_9GAMM	GCF_009648935.1_WP_047417117.1	23.256	92	86	93	86	61	2	2	87	6	86	1.64e-30	108
tr|A0A257NBF5|A0A257NBF5_9GAMM	GCF_003261575.2_WP_110272453.1	22.093	92	86	93	86	62	2	2	87	6	86	1.89e-30	108
tr|A0A257NBF5|A0A257NBF5_9GAMM	GCF_025758125.1_WP_023480196.1	25.581	92	86	93	86	59	2	2	87	6	86	1.92e-30	108
tr|A0A257NBF5|A0A257NBF5_9GAMM	GCF_025402875.1_WP_011791024.1	38.095	92	90	91	84	52	0	3	86	4	87	1.92e-30	108
tr|A0A257NBF5|A0A257NBF5_9GAMM	GCF_013234275.1_WP_172895488.1	22.093	92	86	93	86	62	2	2	87	6	86	1.98e-30	108
tr|A0A257NBF5|A0A257NBF5_9GAMM	GCF_002953195.1_WP_038628016.1	22.989	92	87	95	87	62	2	2	88	6	87	2.07e-30	108
tr|A0A257NBF5|A0A257NBF5_9GAMM	GCF_017915135.1_WP_210390879.1	32.184	92	90	95	87	59	0	3	89	4	90	2.48e-30	108
tr|A0A257NBF5|A0A257NBF5_9GAMM	GCF_002355475.1_WP_003455993.1	32.955	92	90	96	88	59	0	3	90	2	89	2.62e-30	108
tr|A0A257NBF5|A0A257NBF5_9GAMM	GCF_023517775.1_WP_249893541.1	20.690	92	87	95	87	64	2	2	88	6	87	2.69e-30	108
tr|A0A257NBF5|A0A257NBF5_9GAMM	GCF_018139045.1_WP_004129134.1	20.930	92	86	93	86	63	2	2	87	6	86	2.70e-30	108
tr|A0A257NBF5|A0A257NBF5_9GAMM	GCF_001277195.1_WP_032966924.1	22.093	92	86	93	86	62	2	2	87	6	86	2.97e-30	108
tr|A0A257NBF5|A0A257NBF5_9GAMM	GCF_012029655.1_WP_041144145.1	22.093	92	86	93	86	62	2	2	87	6	86	3.00e-30	107
tr|A0A257NBF5|A0A257NBF5_9GAMM	GCF_002393445.1_WP_061273728.1	22.619	92	86	91	84	60	2	2	85	6	84	3.10e-30	107
tr|A0A257NBF5|A0A257NBF5_9GAMM	GCF_001277175.1_WP_007760020.1	24.419	92	86	93	86	60	2	2	87	6	86	3.15e-30	107
tr|A0A257NBF5|A0A257NBF5_9GAMM	GCF_003812925.1_WP_004107903.1	20.930	92	86	93	86	63	2	2	87	6	86	3.22e-30	107
tr|A0A257NBF5|A0A257NBF5_9GAMM	GCF_022637595.1_WP_004858152.1	22.093	92	86	93	86	62	2	2	87	6	86	3.75e-30	107
tr|A0A257NBF5|A0A257NBF5_9GAMM	GCF_015139575.1_WP_004098776.1	20.930	92	86	93	86	63	2	2	87	6	86	3.81e-30	107
tr|A0A257NBF5|A0A257NBF5_9GAMM	GCF_006711645.1_WP_100682484.1	23.256	92	86	93	86	61	2	2	87	6	86	3.81e-30	107
tr|A0A257NBF5|A0A257NBF5_9GAMM	GCF_000018045.1_WP_024130681.1	24.419	92	86	93	86	60	2	2	87	6	86	3.87e-30	107
tr|A0A257NBF5|A0A257NBF5_9GAMM	GCF_001277215.2_WP_007776988.1	23.256	92	86	93	86	61	2	2	87	6	86	4.25e-30	107
tr|A0A257NBF5|A0A257NBF5_9GAMM	GCF_002101395.1_WP_085067900.1	21.839	92	87	95	87	63	2	2	88	6	87	4.65e-30	107
tr|A0A257NBF5|A0A257NBF5_9GAMM	GCF_003935895.2_WP_110510858.1	22.353	92	86	92	85	61	2	2	86	6	85	5.23e-30	107
tr|A0A257NBF5|A0A257NBF5_9GAMM	GCF_002163605.1_WP_157665988.1	25.581	92	86	93	86	59	2	2	87	6	86	5.44e-30	107
tr|A0A257NBF5|A0A257NBF5_9GAMM	GCF_000006945.2_NP_459242.1	23.256	92	86	93	86	61	2	2	87	6	86	5.62e-30	107
tr|A0A257NBF5|A0A257NBF5_9GAMM	GCF_024224615.1_WP_125293588.1	22.353	92	86	92	85	61	2	2	86	6	85	6.96e-30	107
tr|A0A257NBF5|A0A257NBF5_9GAMM	GCF_009914055.1_WP_160619715.1	21.839	92	87	95	87	63	2	2	88	6	87	9.29e-30	106
tr|A0A257NBF5|A0A257NBF5_9GAMM	GCF_900635955.1_WP_126357486.1	23.810	92	86	91	84	59	2	2	85	6	84	1.17e-29	106
tr|A0A257NBF5|A0A257NBF5_9GAMM	GCF_006742785.1_WP_172630283.1	52.326	92	88	93	86	41	0	4	89	3	88	1.22e-29	106
tr|A0A257NBF5|A0A257NBF5_9GAMM	GCF_008807375.1_WP_151133519.1	34.091	92	90	96	88	58	0	3	90	2	89	1.41e-29	106
tr|A0A257NBF5|A0A257NBF5_9GAMM	GCF_020079945.1_WP_039382769.1	22.353	92	87	92	85	61	2	2	86	6	85	1.46e-29	106
tr|A0A257NBF5|A0A257NBF5_9GAMM	GCF_009730655.1_WP_156020461.1	31.034	92	92	95	87	60	0	3	89	4	90	1.67e-29	106
tr|A0A257NBF5|A0A257NBF5_9GAMM	GCF_020683125.1_WP_133842177.1	24.138	92	88	95	87	61	2	2	88	7	88	1.89e-29	105
tr|A0A257NBF5|A0A257NBF5_9GAMM	GCF_024971755.1_WP_259474826.1	29.412	92	88	92	85	60	0	3	87	4	88	1.90e-29	105
tr|A0A257NBF5|A0A257NBF5_9GAMM	GCF_000178875.2_WP_012197738.1	30.952	92	90	91	84	58	0	3	86	4	87	2.07e-29	105
tr|A0A257NBF5|A0A257NBF5_9GAMM	GCF_011068345.1_WP_002436992.1	22.353	92	86	92	85	61	2	2	86	6	85	2.31e-29	105
tr|A0A257NBF5|A0A257NBF5_9GAMM	GCF_019844095.1_WP_062747070.1	25.287	92	88	95	87	60	2	2	88	7	88	2.51e-29	105
tr|A0A257NBF5|A0A257NBF5_9GAMM	GCF_003957745.1_WP_126168493.1	29.412	92	87	92	85	60	0	2	86	3	87	2.57e-29	105
tr|A0A257NBF5|A0A257NBF5_9GAMM	GCF_012767755.2_WP_173171843.1	31.034	92	90	95	87	60	0	3	89	4	90	2.71e-29	105
tr|A0A257NBF5|A0A257NBF5_9GAMM	GCF_017329545.1_WP_047884589.1	37.931	92	95	95	87	54	0	2	88	4	90	2.79e-29	105
tr|A0A257NBF5|A0A257NBF5_9GAMM	GCF_004124235.1_WP_025377303.1	25.882	92	86	92	85	58	2	3	87	7	86	2.80e-29	105
tr|A0A257NBF5|A0A257NBF5_9GAMM	GCF_000834395.1_WP_042546713.1	25.882	92	86	92	85	58	2	3	87	7	86	2.91e-29	105
tr|A0A257NBF5|A0A257NBF5_9GAMM	GCF_000233595.1_WP_013024706.1	25.882	92	86	92	85	58	2	2	86	6	85	3.20e-29	105
tr|A0A257NBF5|A0A257NBF5_9GAMM	GCF_000222975.1_WP_002218374.1	25.882	92	86	92	85	58	2	3	87	7	86	3.25e-29	105
tr|A0A257NBF5|A0A257NBF5_9GAMM	GCF_000026185.1_WP_012440659.1	23.256	92	87	93	86	61	2	3	88	7	87	3.36e-29	105
tr|A0A257NBF5|A0A257NBF5_9GAMM	GCF_900095885.1_WP_035340381.1	23.529	92	86	92	85	60	2	3	87	7	86	3.46e-29	105
tr|A0A257NBF5|A0A257NBF5_9GAMM	GCF_012427845.1_WP_012773648.1	21.176	92	86	92	85	62	2	3	87	7	86	3.66e-29	105
tr|A0A257NBF5|A0A257NBF5_9GAMM	GCF_021029445.1_WP_230924827.1	32.184	92	89	95	87	58	1	3	89	4	89	3.69e-29	105
tr|A0A257NBF5|A0A257NBF5_9GAMM	GCF_003019925.1_WP_162185254.1	22.619	92	86	91	84	60	2	2	85	6	84	4.40e-29	105
tr|A0A257NBF5|A0A257NBF5_9GAMM	GCF_002288545.1_WP_029367608.1	21.176	92	86	92	85	62	2	3	87	7	86	4.40e-29	105
tr|A0A257NBF5|A0A257NBF5_9GAMM	GCF_013282725.1_WP_032813813.1	27.059	92	86	92	85	57	2	3	87	7	86	4.47e-29	105
tr|A0A257NBF5|A0A257NBF5_9GAMM	GCF_019797845.1_WP_222158377.1	21.176	92	86	92	85	62	2	3	87	7	86	5.11e-29	104
tr|A0A257NBF5|A0A257NBF5_9GAMM	GCF_019890955.1_WP_211725887.1	22.353	92	87	92	85	61	2	2	86	6	85	6.06e-29	104
tr|A0A257NBF5|A0A257NBF5_9GAMM	GCF_000520015.2_WP_024910172.1	27.907	92	87	93	86	57	2	3	88	7	87	6.35e-29	104
tr|A0A257NBF5|A0A257NBF5_9GAMM	GCF_005484945.1_WP_137712817.1	21.176	92	86	92	85	62	2	3	87	7	86	6.39e-29	104
tr|A0A257NBF5|A0A257NBF5_9GAMM	GCF_021276285.1_WP_095923198.1	25.301	92	86	90	83	57	2	3	85	7	84	6.54e-29	104
tr|A0A257NBF5|A0A257NBF5_9GAMM	GCF_019047765.1_WP_040231149.1	34.940	92	89	90	83	54	0	2	84	6	88	6.80e-29	104
tr|A0A257NBF5|A0A257NBF5_9GAMM	GCF_002204915.1_WP_052690899.1	37.037	92	101	88	81	51	0	6	86	21	101	7.98e-29	104
tr|A0A257NBF5|A0A257NBF5_9GAMM	GCF_022637475.1_WP_013574214.1	24.096	92	86	90	83	58	2	3	85	7	84	8.04e-29	104
tr|A0A257NBF5|A0A257NBF5_9GAMM	GCF_000834455.1_WP_032817050.1	25.882	92	86	92	85	58	2	3	87	7	86	8.30e-29	104
tr|A0A257NBF5|A0A257NBF5_9GAMM	GCF_020181655.1_WP_225087160.1	21.176	92	86	92	85	62	2	3	87	7	86	9.28e-29	104
tr|A0A257NBF5|A0A257NBF5_9GAMM	GCF_024347355.1_WP_105024956.1	32.927	92	83	89	82	55	0	6	87	2	83	9.68e-29	104
tr|A0A257NBF5|A0A257NBF5_9GAMM	GCF_022647505.1_WP_128179458.1	24.419	92	87	93	86	60	2	3	88	7	87	9.75e-29	104
tr|A0A257NBF5|A0A257NBF5_9GAMM	GCF_025133195.1_WP_032910235.1	25.882	92	86	92	85	58	2	3	87	7	86	9.89e-29	104
tr|A0A257NBF5|A0A257NBF5_9GAMM	GCF_000025065.1_WP_012883679.1	22.619	92	86	91	84	60	2	3	86	7	85	1.01e-28	104
tr|A0A257NBF5|A0A257NBF5_9GAMM	GCF_009873295.1_WP_039312412.1	21.176	92	86	92	85	62	2	3	87	7	86	1.03e-28	104
tr|A0A257NBF5|A0A257NBF5_9GAMM	GCF_000010085.1_WP_011411656.1	25.301	92	86	90	83	57	2	3	85	7	84	1.05e-28	104
tr|A0A257NBF5|A0A257NBF5_9GAMM	GCF_011617105.1_WP_025800203.1	21.176	92	86	92	85	62	2	3	87	7	86	1.11e-28	103
tr|A0A257NBF5|A0A257NBF5_9GAMM	GCF_000517425.1_WP_025421126.1	24.096	92	86	90	83	58	2	3	85	7	84	1.19e-28	103
tr|A0A257NBF5|A0A257NBF5_9GAMM	GCF_009730055.1_WP_032906500.1	25.882	92	86	92	85	58	2	3	87	7	86	1.31e-28	103
tr|A0A257NBF5|A0A257NBF5_9GAMM	GCF_000196615.1_WP_013200864.1	24.138	92	87	95	87	61	2	2	88	6	87	1.32e-28	103
tr|A0A257NBF5|A0A257NBF5_9GAMM	GCF_002215585.1_WP_088903590.1	33.721	92	89	93	86	56	1	3	88	4	88	1.41e-28	103
tr|A0A257NBF5|A0A257NBF5_9GAMM	GCF_011044475.1_WP_033740322.1	24.706	92	86	92	85	59	2	2	86	6	85	1.53e-28	103
tr|A0A257NBF5|A0A257NBF5_9GAMM	GCF_019670705.1_WP_100146025.1	32.184	92	92	95	87	59	0	3	89	4	90	1.60e-28	103
tr|A0A257NBF5|A0A257NBF5_9GAMM	GCF_009931295.1_WP_161528353.1	21.176	92	86	92	85	62	2	3	87	7	86	1.91e-28	103
tr|A0A257NBF5|A0A257NBF5_9GAMM	GCF_001642805.2_WP_004931991.1	29.070	92	87	93	86	56	2	3	88	7	87	2.03e-28	103
tr|A0A257NBF5|A0A257NBF5_9GAMM	GCF_021462285.1_WP_234585968.1	29.070	92	87	93	86	56	2	3	88	7	87	2.26e-28	103
tr|A0A257NBF5|A0A257NBF5_9GAMM	GCF_016026735.1_WP_015673540.1	27.907	92	87	93	86	57	2	3	88	7	87	2.26e-28	103
tr|A0A257NBF5|A0A257NBF5_9GAMM	GCF_000740965.1_WP_011092648.1	21.176	92	86	92	85	62	2	3	87	7	86	2.28e-28	103
tr|A0A257NBF5|A0A257NBF5_9GAMM	GCF_000023565.1_WP_012770818.1	22.619	92	86	91	84	60	2	3	86	7	85	2.31e-28	103
tr|A0A257NBF5|A0A257NBF5_9GAMM	GCF_009817885.1_WP_105232289.1	27.907	92	87	93	86	57	2	3	88	7	87	2.61e-28	103
tr|A0A257NBF5|A0A257NBF5_9GAMM	GCF_000262305.1_WP_002441069.1	25.581	92	86	93	86	59	2	2	87	6	86	2.78e-28	103
tr|A0A257NBF5|A0A257NBF5_9GAMM	GCF_007858975.2_WP_042869176.1	21.429	92	86	91	84	61	2	3	86	7	85	2.94e-28	102
tr|A0A257NBF5|A0A257NBF5_9GAMM	GCF_900187015.1_WP_061796701.1	27.907	92	87	93	86	57	2	3	88	7	87	4.04e-28	102
tr|A0A257NBF5|A0A257NBF5_9GAMM	GCF_017569925.1_WP_208228065.1	21.176	92	86	92	85	62	2	3	87	7	86	4.30e-28	102
tr|A0A257NBF5|A0A257NBF5_9GAMM	GCF_017498685.1_WP_038245151.1	25.882	92	86	92	85	58	2	3	87	7	86	4.69e-28	102
tr|A0A257NBF5|A0A257NBF5_9GAMM	GCF_015999465.1_WP_085688159.1	20.238	92	86	91	84	62	2	3	86	7	85	5.37e-28	102
tr|A0A257NBF5|A0A257NBF5_9GAMM	GCF_001742185.1_WP_005975933.1	21.176	92	86	92	85	62	2	3	87	7	86	5.59e-28	102
tr|A0A257NBF5|A0A257NBF5_9GAMM	GCF_000023545.1_WP_015854637.1	20.000	92	86	92	85	63	2	3	87	7	86	6.10e-28	102
tr|A0A257NBF5|A0A257NBF5_9GAMM	GCF_004792415.1_WP_013356856.1	22.619	92	86	91	84	60	2	2	85	6	84	6.45e-28	101
tr|A0A257NBF5|A0A257NBF5_9GAMM	GCF_020342335.1_WP_067428135.1	22.989	92	87	95	87	62	2	2	88	6	87	6.46e-28	101
tr|A0A257NBF5|A0A257NBF5_9GAMM	GCF_009938225.1_WP_075649723.1	38.272	92	82	88	81	50	0	6	86	2	82	6.93e-28	101
tr|A0A257NBF5|A0A257NBF5_9GAMM	GCF_003515985.1_WP_085653101.1	20.238	92	86	91	84	62	2	3	86	7	85	7.15e-28	101
tr|A0A257NBF5|A0A257NBF5_9GAMM	GCF_009938185.1_WP_162048373.1	37.037	92	82	88	81	51	0	6	86	2	82	9.08e-28	101
tr|A0A257NBF5|A0A257NBF5_9GAMM	GCF_020150375.1_WP_004094310.1	22.353	92	86	92	85	61	2	3	87	7	86	9.37e-28	101
tr|A0A257NBF5|A0A257NBF5_9GAMM	GCF_024347475.1_WP_239840920.1	33.333	92	83	88	81	54	0	6	86	2	82	1.01e-27	101
tr|A0A257NBF5|A0A257NBF5_9GAMM	GCF_002291445.1_WP_048635886.1	21.176	92	86	92	85	62	2	3	87	7	86	1.07e-27	101
tr|A0A257NBF5|A0A257NBF5_9GAMM	GCF_000015245.1_WP_011761423.1	30.488	92	86	89	82	57	0	3	84	4	85	1.14e-27	101
tr|A0A257NBF5|A0A257NBF5_9GAMM	GCF_003992745.1_WP_014700896.1	20.000	92	86	92	85	63	2	3	87	7	86	1.33e-27	101
tr|A0A257NBF5|A0A257NBF5_9GAMM	GCF_016834455.1_WP_203325205.1	31.707	92	86	89	82	56	0	3	84	4	85	1.53e-27	101
tr|A0A257NBF5|A0A257NBF5_9GAMM	GCF_001007935.1_WP_046849946.1	63.095	92	84	91	84	31	0	1	84	1	84	1.55e-27	101
tr|A0A257NBF5|A0A257NBF5_9GAMM	GCF_000264765.2_WP_034163237.1	20.000	92	86	92	85	63	2	3	87	7	86	1.63e-27	101
tr|A0A257NBF5|A0A257NBF5_9GAMM	GCF_002812485.1_WP_038661467.1	20.238	92	86	91	84	62	2	3	86	7	85	1.66e-27	101
tr|A0A257NBF5|A0A257NBF5_9GAMM	GCF_017354925.1_WP_207321174.1	30.952	92	87	91	84	58	0	3	86	4	87	2.77e-27	100
tr|A0A257NBF5|A0A257NBF5_9GAMM	GCF_001010285.1_WP_046974061.1	24.138	92	88	95	87	61	2	1	87	5	86	3.00e-27	100
tr|A0A257NBF5|A0A257NBF5_9GAMM	GCF_000147055.1_WP_022632468.1	20.238	92	86	91	84	62	2	3	86	7	85	3.21e-27	100
tr|A0A257NBF5|A0A257NBF5_9GAMM	GCF_019048385.1_WP_062759648.1	22.619	92	86	91	84	60	2	2	85	6	84	3.45e-27	100
tr|A0A257NBF5|A0A257NBF5_9GAMM	GCF_000009145.1_WP_041356315.1	52.941	92	90	92	85	40	0	1	85	1	85	3.59e-27	100
tr|A0A257NBF5|A0A257NBF5_9GAMM	GCF_022371215.1_WP_239718047.1	35.366	92	83	89	82	53	0	6	87	2	83	4.15e-27	100
tr|A0A257NBF5|A0A257NBF5_9GAMM	GCF_003403135.1_WP_024104894.1	20.238	92	86	91	84	62	2	3	86	7	85	4.62e-27	100
tr|A0A257NBF5|A0A257NBF5_9GAMM	GCF_021733145.1_WP_012847629.1	19.277	92	86	90	83	62	2	3	85	7	84	4.85e-27	99.7
tr|A0A257NBF5|A0A257NBF5_9GAMM	GCF_902387845.1_WP_004237241.1	22.353	92	88	92	85	61	2	3	87	7	86	4.99e-27	99.7
tr|A0A257NBF5|A0A257NBF5_9GAMM	GCF_004768525.1_WP_026822068.1	25.882	92	88	92	85	58	2	3	87	7	86	4.99e-27	99.7
tr|A0A257NBF5|A0A257NBF5_9GAMM	GCF_000196475.1_WP_012776850.1	27.059	92	88	92	85	57	2	3	87	7	86	6.08e-27	99.7
tr|A0A257NBF5|A0A257NBF5_9GAMM	GCF_014905115.1_WP_193151849.1	37.975	92	81	86	79	49	0	6	84	2	80	6.25e-27	99.5
tr|A0A257NBF5|A0A257NBF5_9GAMM	GCF_017354965.1_WP_207380278.1	30.952	92	87	91	84	58	0	3	86	4	87	6.63e-27	99.5
tr|A0A257NBF5|A0A257NBF5_9GAMM	GCF_009646115.1_WP_008925644.1	22.619	92	86	91	84	60	2	2	85	6	84	6.88e-27	99.5
tr|A0A257NBF5|A0A257NBF5_9GAMM	GCF_005484965.1_WP_009114129.1	20.000	92	86	92	85	63	2	3	87	7	86	7.10e-27	99.5
tr|A0A257NBF5|A0A257NBF5_9GAMM	GCF_013460135.1_WP_180816665.1	27.381	92	88	91	84	56	2	3	86	7	85	8.77e-27	99.2
tr|A0A257NBF5|A0A257NBF5_9GAMM	GCF_013423785.1_WP_180308358.1	27.381	92	88	91	84	60	1	2	85	6	88	8.84e-27	99.2
tr|A0A257NBF5|A0A257NBF5_9GAMM	GCF_000214665.1_WP_013819542.1	64.286	92	83	91	84	29	1	1	84	1	83	8.89e-27	99.2
tr|A0A257NBF5|A0A257NBF5_9GAMM	GCF_001558415.2_WP_061055374.1	37.805	92	83	89	82	51	0	6	87	2	83	9.40e-27	99.2
tr|A0A257NBF5|A0A257NBF5_9GAMM	GCF_020268605.1_WP_180560445.1	25.882	92	88	92	85	58	2	3	87	7	86	9.49e-27	99.2
tr|A0A257NBF5|A0A257NBF5_9GAMM	GCF_002291425.1_WP_095847471.1	30.233	92	87	93	86	55	2	3	88	7	87	1.10e-26	98.9
tr|A0A257NBF5|A0A257NBF5_9GAMM	GCF_000968535.2_WP_014147785.1	51.765	92	84	92	85	40	1	1	85	1	84	1.13e-26	98.9
tr|A0A257NBF5|A0A257NBF5_9GAMM	GCF_000517405.1_WP_038469034.1	25.301	92	83	90	83	57	2	3	85	4	81	1.27e-26	98.6
tr|A0A257NBF5|A0A257NBF5_9GAMM	GCF_019669905.1_WP_054759186.1	56.790	92	79	88	81	31	1	4	84	3	79	1.29e-26	98.6
tr|A0A257NBF5|A0A257NBF5_9GAMM	GCF_000968195.1_WP_045972480.1	27.059	92	87	92	85	57	2	3	87	8	87	1.48e-26	98.6
tr|A0A257NBF5|A0A257NBF5_9GAMM	GCF_019090985.1_WP_036781226.1	23.529	92	88	92	85	60	2	3	87	7	86	1.62e-26	98.6
tr|A0A257NBF5|A0A257NBF5_9GAMM	GCF_017348915.1_WP_040077077.1	23.529	92	86	92	85	60	2	3	87	7	86	1.66e-26	98.6
tr|A0A257NBF5|A0A257NBF5_9GAMM	GCF_024346675.1_WP_048897676.1	42.169	92	86	90	83	48	0	2	84	4	86	2.06e-26	98.3
tr|A0A257NBF5|A0A257NBF5_9GAMM	GCF_022647325.1_WP_111140597.1	22.619	92	86	91	84	60	2	2	85	6	84	2.09e-26	98.3
tr|A0A257NBF5|A0A257NBF5_9GAMM	GCF_000091565.1_WP_004159420.1	20.930	92	87	93	86	63	2	3	88	7	87	2.23e-26	98.0
tr|A0A257NBF5|A0A257NBF5_9GAMM	GCF_022592395.1_WP_047255099.1	23.256	92	87	93	86	61	2	3	88	7	87	2.75e-26	98.0
tr|A0A257NBF5|A0A257NBF5_9GAMM	GCF_025946765.1_WP_264497926.1	21.176	92	86	92	85	62	2	3	87	7	86	3.51e-26	97.8
tr|A0A257NBF5|A0A257NBF5_9GAMM	GCF_002843235.3_WP_102139922.1	25.581	92	87	93	86	59	2	3	88	7	87	3.69e-26	97.8
tr|A0A257NBF5|A0A257NBF5_9GAMM	GCF_019047765.1_WP_040230035.1	24.419	92	86	93	86	60	2	2	87	6	86	3.92e-26	97.5
tr|A0A257NBF5|A0A257NBF5_9GAMM	GCF_029277985.1_WP_154623766.1	26.744	92	87	93	86	58	2	3	88	7	87	3.93e-26	97.5
tr|A0A257NBF5|A0A257NBF5_9GAMM	GCF_000214235.1_WP_004952197.1	27.907	92	85	93	86	57	2	3	88	5	85	4.04e-26	97.5
tr|A0A257NBF5|A0A257NBF5_9GAMM	GCF_008329985.2_WP_149283950.1	31.250	92	81	87	80	55	0	6	85	2	81	4.04e-26	97.5
tr|A0A257NBF5|A0A257NBF5_9GAMM	GCF_002214395.1_WP_010453422.1	33.333	92	81	85	78	52	0	8	85	4	81	4.48e-26	97.2
tr|A0A257NBF5|A0A257NBF5_9GAMM	GCF_003204135.1_WP_004908806.1	25.581	92	87	93	86	59	2	3	88	7	87	4.57e-26	97.5
tr|A0A257NBF5|A0A257NBF5_9GAMM	GCF_009938205.1_WP_075706454.1	37.037	92	82	88	81	51	0	6	86	2	82	5.14e-26	97.2
tr|A0A257NBF5|A0A257NBF5_9GAMM	GCF_000196155.1_WP_011145066.1	23.529	92	88	92	85	60	2	3	87	7	86	6.00e-26	97.2
tr|A0A257NBF5|A0A257NBF5_9GAMM	GCF_021365465.1_WP_016190321.1	19.540	92	87	95	87	65	2	2	88	6	87	6.13e-26	97.2
tr|A0A257NBF5|A0A257NBF5_9GAMM	GCF_900475855.1_WP_068441311.1	24.419	92	87	93	86	60	2	3	88	7	87	6.63e-26	96.9
tr|A0A257NBF5|A0A257NBF5_9GAMM	GCF_019670125.1_WP_221076876.1	36.709	92	81	86	79	50	0	6	84	2	80	6.72e-26	96.9
tr|A0A257NBF5|A0A257NBF5_9GAMM	GCF_002407485.1_WP_096780111.1	37.975	92	81	86	79	49	0	6	84	2	80	7.39e-26	96.6
tr|A0A257NBF5|A0A257NBF5_9GAMM	GCF_002393505.1_WP_006658392.1	25.581	92	87	93	86	59	2	3	88	7	87	7.47e-26	96.9
tr|A0A257NBF5|A0A257NBF5_9GAMM	GCF_000968175.1_WP_045959360.1	23.256	92	88	93	86	61	2	3	88	8	88	7.73e-26	96.9
tr|A0A257NBF5|A0A257NBF5_9GAMM	GCF_001006005.1_WP_223499701.1	25.581	92	85	93	86	59	2	3	88	5	85	7.99e-26	96.6
tr|A0A257NBF5|A0A257NBF5_9GAMM	GCF_000261045.2_WP_006318653.1	27.907	92	87	93	86	57	2	3	88	7	87	8.69e-26	96.6
tr|A0A257NBF5|A0A257NBF5_9GAMM	GCF_009068765.1_WP_151900329.1	37.975	92	81	86	79	49	0	6	84	2	80	9.61e-26	96.4
tr|A0A257NBF5|A0A257NBF5_9GAMM	GCF_001558255.2_WP_005504861.1	35.802	92	82	87	81	51	1	6	85	2	82	9.93e-26	96.4
tr|A0A257NBF5|A0A257NBF5_9GAMM	GCF_008364325.2_WP_230090436.1	27.907	92	85	93	86	57	2	3	88	5	85	9.99e-26	96.4
tr|A0A257NBF5|A0A257NBF5_9GAMM	GCF_900638135.1_WP_012146468.1	27.907	92	87	93	86	57	2	3	88	7	87	1.03e-25	96.4
tr|A0A257NBF5|A0A257NBF5_9GAMM	GCF_019670105.1_WP_040307707.1	35.000	92	81	87	80	52	0	6	85	2	81	1.04e-25	96.4
tr|A0A257NBF5|A0A257NBF5_9GAMM	GCF_003258315.1_WP_111337788.1	50.588	92	88	92	85	42	0	1	85	1	85	1.10e-25	96.4
tr|A0A257NBF5|A0A257NBF5_9GAMM	GCF_001007875.1_WP_046858354.1	35.443	92	80	86	79	51	0	6	84	2	80	1.11e-25	96.4
tr|A0A257NBF5|A0A257NBF5_9GAMM	GCF_024582835.1_WP_257083279.1	37.805	92	87	89	82	51	0	6	87	2	83	1.11e-25	96.4
tr|A0A257NBF5|A0A257NBF5_9GAMM	GCF_000016065.1_WP_011864074.1	29.213	92	93	97	89	62	1	3	91	4	91	1.23e-25	96.4
tr|A0A257NBF5|A0A257NBF5_9GAMM	GCF_004295645.1_WP_228350951.1	27.907	92	88	93	86	57	2	3	88	8	88	1.24e-25	96.4
tr|A0A257NBF5|A0A257NBF5_9GAMM	GCF_011045835.1_WP_075671674.1	24.096	92	86	90	83	58	2	3	85	7	84	1.44e-25	96.1
tr|A0A257NBF5|A0A257NBF5_9GAMM	GCF_009831665.3_WP_006709226.1	29.070	92	87	93	86	56	2	3	88	7	87	1.47e-25	96.1
tr|A0A257NBF5|A0A257NBF5_9GAMM	GCF_024347035.1_WP_102941394.1	32.911	92	81	86	79	53	0	6	84	2	80	1.57e-25	95.8
tr|A0A257NBF5|A0A257NBF5_9GAMM	GCF_024347595.1_WP_176681244.1	29.268	92	83	89	82	58	0	6	87	2	83	1.64e-25	95.8
tr|A0A257NBF5|A0A257NBF5_9GAMM	GCF_024347635.1_WP_139683960.1	31.707	92	83	89	82	56	0	6	87	2	83	1.78e-25	95.8
tr|A0A257NBF5|A0A257NBF5_9GAMM	GCF_017743015.1_WP_209027287.1	23.256	92	88	93	86	61	2	3	88	7	87	1.93e-25	95.8
tr|A0A257NBF5|A0A257NBF5_9GAMM	GCF_002952315.1_WP_012667243.1	20.930	92	87	93	86	63	2	3	88	7	87	1.97e-25	95.8
tr|A0A257NBF5|A0A257NBF5_9GAMM	GCF_029457395.1_WP_024766443.1	29.213	92	92	92	89	59	2	3	87	4	92	2.33e-25	95.8
tr|A0A257NBF5|A0A257NBF5_9GAMM	GCF_001995825.2_WP_017057338.1	34.146	92	83	89	82	54	0	6	87	2	83	2.38e-25	95.5
tr|A0A257NBF5|A0A257NBF5_9GAMM	GCF_022369495.1_WP_072064250.1	24.096	92	86	90	83	58	2	3	85	7	84	2.83e-25	95.2
tr|A0A257NBF5|A0A257NBF5_9GAMM	GCF_014295015.1_WP_013185414.1	22.353	92	87	92	85	61	2	3	87	8	87	2.95e-25	95.2
tr|A0A257NBF5|A0A257NBF5_9GAMM	GCF_003096015.2_WP_230514010.1	25.581	92	88	93	86	59	2	3	88	8	88	3.01e-25	95.2
tr|A0A257NBF5|A0A257NBF5_9GAMM	GCF_000091465.1_WP_004733849.1	32.927	92	83	89	82	55	0	6	87	2	83	3.05e-25	95.2
tr|A0A257NBF5|A0A257NBF5_9GAMM	GCF_000069965.1_WP_004245453.1	20.482	92	86	90	83	61	2	3	85	7	84	3.43e-25	95.2
tr|A0A257NBF5|A0A257NBF5_9GAMM	GCF_024347455.1_WP_135458404.1	32.927	92	83	89	82	55	0	6	87	2	83	3.46e-25	95.0
tr|A0A257NBF5|A0A257NBF5_9GAMM	GCF_002005305.1_WP_077753428.1	34.524	92	86	91	84	55	0	2	85	3	86	3.48e-25	95.2
tr|A0A257NBF5|A0A257NBF5_9GAMM	GCF_008369605.1_WP_000253074.1	32.500	92	81	87	80	54	0	6	85	2	81	3.51e-25	95.0
tr|A0A257NBF5|A0A257NBF5_9GAMM	GCF_014879975.1_WP_192888672.1	26.829	92	83	89	82	60	0	6	87	2	83	4.22e-25	95.0
tr|A0A257NBF5|A0A257NBF5_9GAMM	GCF_002504285.1_WP_005282992.1	21.176	92	86	92	85	62	2	3	87	7	86	4.32e-25	95.0
tr|A0A257NBF5|A0A257NBF5_9GAMM	GCF_024362845.1_WP_255230807.1	36.709	92	82	86	79	50	0	6	84	2	80	4.46e-25	94.7
tr|A0A257NBF5|A0A257NBF5_9GAMM	GCF_900638655.1_WP_047781753.1	25.581	92	88	93	86	59	2	3	88	8	88	5.59e-25	94.7
tr|A0A257NBF5|A0A257NBF5_9GAMM	GCF_024347655.1_WP_060467732.1	30.488	92	83	89	82	57	0	6	87	2	83	5.71e-25	94.4
tr|A0A257NBF5|A0A257NBF5_9GAMM	GCF_005931095.1_WP_017839868.1	52.941	92	84	92	85	39	1	1	85	1	84	5.72e-25	94.7
tr|A0A257NBF5|A0A257NBF5_9GAMM	GCF_024494545.1_WP_256384876.1	34.177	92	81	86	79	52	0	7	85	3	81	5.88e-25	94.4
tr|A0A257NBF5|A0A257NBF5_9GAMM	GCF_001721185.1_WP_069317984.1	20.930	92	87	93	86	63	2	3	88	7	87	7.08e-25	94.4
tr|A0A257NBF5|A0A257NBF5_9GAMM	GCF_024360925.2_WP_255188929.1	61.905	92	83	91	84	31	1	1	84	1	83	8.17e-25	94.1
tr|A0A257NBF5|A0A257NBF5_9GAMM	GCF_001831495.1_WP_068547707.1	43.750	92	81	87	80	45	0	6	85	2	81	8.81e-25	94.1
tr|A0A257NBF5|A0A257NBF5_9GAMM	GCF_900233005.1_WP_102521318.1	38.750	92	81	87	80	49	0	6	85	2	81	1.10e-24	93.8
tr|A0A257NBF5|A0A257NBF5_9GAMM	GCF_020541225.1_WP_226811316.1	27.711	92	86	90	83	55	2	3	85	7	84	1.12e-24	93.8
tr|A0A257NBF5|A0A257NBF5_9GAMM	GCF_012971725.1_WP_169940133.1	28.090	92	92	92	89	60	2	3	87	4	92	1.26e-24	93.8
tr|A0A257NBF5|A0A257NBF5_9GAMM	GCF_008033135.1_WP_148717358.1	32.099	92	87	88	81	54	1	3	83	4	83	1.29e-24	93.8
tr|A0A257NBF5|A0A257NBF5_9GAMM	GCF_900478135.1_WP_111739359.1	24.419	92	88	93	86	60	2	3	88	8	88	1.44e-24	93.5
tr|A0A257NBF5|A0A257NBF5_9GAMM	GCF_000014765.1_WP_011633385.1	51.190	92	89	91	84	41	0	4	87	3	86	1.49e-24	93.5
tr|A0A257NBF5|A0A257NBF5_9GAMM	GCF_016026395.1_WP_024524235.1	20.000	92	86	92	85	63	2	3	87	7	86	2.20e-24	93.0
tr|A0A257NBF5|A0A257NBF5_9GAMM	GCF_001456255.1_WP_020335096.1	31.169	92	81	84	77	53	0	8	84	4	80	2.27e-24	93.0
tr|A0A257NBF5|A0A257NBF5_9GAMM	GCF_024347495.1_WP_137371745.1	40.506	92	80	86	79	47	0	6	84	2	80	2.61e-24	92.7
tr|A0A257NBF5|A0A257NBF5_9GAMM	GCF_000014885.1_WP_020912292.1	30.120	92	87	90	83	58	0	3	85	4	86	3.36e-24	92.7
tr|A0A257NBF5|A0A257NBF5_9GAMM	GCF_000770115.1_WP_069687890.1	32.468	92	81	84	77	52	0	8	84	4	80	4.39e-24	92.1
tr|A0A257NBF5|A0A257NBF5_9GAMM	GCF_004328865.1_WP_104643907.1	32.911	92	83	86	79	53	0	6	84	2	80	4.76e-24	92.1
tr|A0A257NBF5|A0A257NBF5_9GAMM	GCF_003025345.2_WP_003155955.1	36.782	92	91	89	87	50	1	3	84	4	90	7.43e-24	91.9
tr|A0A257NBF5|A0A257NBF5_9GAMM	GCF_002906475.1_WP_012130247.1	32.468	92	81	84	77	52	0	8	84	4	80	7.96e-24	91.6
tr|A0A257NBF5|A0A257NBF5_9GAMM	GCF_005671395.1_WP_138095872.1	24.286	92	86	76	70	52	1	2	71	6	74	8.28e-24	91.6
tr|A0A257NBF5|A0A257NBF5_9GAMM	GCF_000024825.1_WP_005460845.1	29.870	92	81	84	77	54	0	8	84	4	80	8.97e-24	91.3
tr|A0A257NBF5|A0A257NBF5_9GAMM	GCF_004116975.1_WP_064720954.1	22.892	92	86	90	83	59	2	3	85	7	84	9.33e-24	91.6
tr|A0A257NBF5|A0A257NBF5_9GAMM	GCF_001455205.1_WP_062560013.1	53.571	92	84	91	84	38	1	1	84	1	83	1.16e-23	91.3
tr|A0A257NBF5|A0A257NBF5_9GAMM	GCF_002021755.1_WP_005434844.1	32.468	92	81	84	77	52	0	8	84	4	80	1.23e-23	91.0
tr|A0A257NBF5|A0A257NBF5_9GAMM	GCF_000772105.1_WP_004748349.1	39.241	92	81	86	79	48	0	6	84	2	80	1.27e-23	91.0
tr|A0A257NBF5|A0A257NBF5_9GAMM	GCF_019670485.1_WP_221071211.1	33.766	92	81	84	77	51	0	8	84	4	80	1.51e-23	90.7
tr|A0A257NBF5|A0A257NBF5_9GAMM	GCF_001677435.1_WP_068615618.1	21.839	92	90	95	87	67	1	2	88	5	90	1.68e-23	91.0
tr|A0A257NBF5|A0A257NBF5_9GAMM	GCF_000146165.2_WP_164925808.1	29.070	92	89	92	86	60	1	3	87	4	89	1.69e-23	91.0
tr|A0A257NBF5|A0A257NBF5_9GAMM	GCF_008632455.1_WP_150048082.1	50.588	92	84	92	85	41	1	1	85	1	84	1.80e-23	90.7
tr|A0A257NBF5|A0A257NBF5_9GAMM	GCF_000148645.1_WP_013347076.1	35.897	92	80	85	78	50	0	8	85	3	80	2.34e-23	90.5
tr|A0A257NBF5|A0A257NBF5_9GAMM	GCF_000238395.3_WP_010553578.1	31.646	92	83	86	79	54	0	6	84	2	80	4.20e-23	89.9
tr|A0A257NBF5|A0A257NBF5_9GAMM	GCF_003074995.2_WP_015870269.1	20.732	92	86	89	82	60	2	3	84	7	83	4.64e-23	89.6
tr|A0A257NBF5|A0A257NBF5_9GAMM	GCF_005877035.1_WP_039486662.1	31.646	92	83	86	79	54	0	6	84	2	80	4.77e-23	89.6
tr|A0A257NBF5|A0A257NBF5_9GAMM	GCF_000019525.1_WP_012323084.1	39.241	92	81	86	79	48	0	6	84	2	80	4.83e-23	89.6
tr|A0A257NBF5|A0A257NBF5_9GAMM	GCF_003515105.1_WP_036973086.1	22.222	92	73	78	72	56	0	1	72	1	72	5.19e-23	89.3
tr|A0A257NBF5|A0A257NBF5_9GAMM	GCF_019977755.1_WP_126608378.1	29.412	92	103	86	85	54	1	6	84	16	100	5.85e-23	89.9
tr|A0A257NBF5|A0A257NBF5_9GAMM	GCF_001999225.1_WP_077537996.1	37.975	92	82	86	79	49	0	6	84	2	80	6.75e-23	89.3
tr|A0A257NBF5|A0A257NBF5_9GAMM	GCF_003668795.1_WP_054981706.1	34.177	92	83	86	79	52	0	6	84	2	80	7.93e-23	89.0
tr|A0A257NBF5|A0A257NBF5_9GAMM	GCF_008364325.2_WP_020826409.1	37.647	92	84	92	85	50	1	2	86	3	84	8.46e-23	89.0
tr|A0A257NBF5|A0A257NBF5_9GAMM	GCF_009363415.1_WP_152430616.1	35.802	92	84	88	81	52	0	6	86	2	82	1.03e-22	88.8
tr|A0A257NBF5|A0A257NBF5_9GAMM	GCF_024347675.1_WP_261835500.1	31.646	92	81	86	79	54	0	6	84	2	80	1.07e-22	88.8
tr|A0A257NBF5|A0A257NBF5_9GAMM	GCF_002221525.1_WP_089349457.1	34.177	92	83	86	79	52	0	6	84	2	80	1.18e-22	88.5
tr|A0A257NBF5|A0A257NBF5_9GAMM	GCF_006364355.1_WP_004727652.1	29.268	92	83	89	82	58	0	6	87	2	83	1.42e-22	88.5
tr|A0A257NBF5|A0A257NBF5_9GAMM	GCF_002887615.1_WP_038869703.1	31.169	92	81	84	77	53	0	8	84	4	80	3.03e-22	87.6
tr|A0A257NBF5|A0A257NBF5_9GAMM	GCF_002157895.1_WP_227874980.1	35.000	92	82	87	80	52	0	6	85	3	82	3.78e-22	87.4
tr|A0A257NBF5|A0A257NBF5_9GAMM	GCF_002849875.1_WP_232379112.1	35.294	92	113	89	85	52	1	3	84	29	113	3.86e-22	87.9
tr|A0A257NBF5|A0A257NBF5_9GAMM	GCF_004358345.1_WP_121852852.1	29.577	92	76	77	71	50	0	3	73	5	75	5.37e-22	86.8
tr|A0A257NBF5|A0A257NBF5_9GAMM	GCF_008931805.1_WP_019441510.1	32.911	92	81	86	79	53	0	6	84	2	80	6.86e-22	86.5
tr|A0A257NBF5|A0A257NBF5_9GAMM	GCF_020405345.1_WP_017780573.1	28.235	92	89	92	85	56	3	2	86	3	82	8.68e-22	86.5
tr|A0A257NBF5|A0A257NBF5_9GAMM	GCF_016026875.1_WP_045525981.1	25.882	92	89	92	85	58	3	2	86	3	82	1.07e-21	86.2
tr|A0A257NBF5|A0A257NBF5_9GAMM	GCF_019703835.1_WP_087020305.1	27.160	92	79	88	81	55	1	8	88	3	79	1.45e-21	85.7
tr|A0A257NBF5|A0A257NBF5_9GAMM	GCF_001431725.1_WP_021820278.1	32.911	92	81	86	79	53	0	6	84	2	80	2.75e-21	85.1
tr|A0A257NBF5|A0A257NBF5_9GAMM	GCF_020423125.1_WP_226170850.1	18.605	92	84	93	86	65	3	3	88	4	84	2.95e-21	85.1
tr|A0A257NBF5|A0A257NBF5_9GAMM	GCF_000785705.2_WP_036272019.1	53.571	92	82	91	84	37	2	1	84	1	82	5.55e-21	84.3
tr|A0A257NBF5|A0A257NBF5_9GAMM	GCF_900637545.1_WP_042651794.1	23.256	92	84	93	86	61	3	3	88	4	84	5.83e-21	84.3
tr|A0A257NBF5|A0A257NBF5_9GAMM	GCF_012295615.1_WP_007018284.1	33.333	92	81	85	78	52	0	8	85	4	81	6.04e-21	84.3
tr|A0A257NBF5|A0A257NBF5_9GAMM	GCF_007197555.1_WP_144048375.1	28.889	92	94	91	90	58	1	2	85	3	92	2.62e-20	82.9
tr|A0A257NBF5|A0A257NBF5_9GAMM	GCF_020149575.1_WP_224431657.1	19.767	92	85	93	86	64	3	3	88	4	84	3.54e-20	82.3
tr|A0A257NBF5|A0A257NBF5_9GAMM	GCF_028355655.1_WP_087756847.1	25.000	92	84	91	84	58	3	3	86	4	82	3.65e-20	82.3
tr|A0A257NBF5|A0A257NBF5_9GAMM	GCF_024746855.1_WP_260492542.1	24.051	92	79	86	79	59	1	6	84	2	79	4.99e-20	81.7
tr|A0A257NBF5|A0A257NBF5_9GAMM	GCF_019797925.1_WP_193521737.1	22.785	92	80	86	79	60	1	7	85	3	80	5.11e-20	81.7
tr|A0A257NBF5|A0A257NBF5_9GAMM	GCF_003015165.1_WP_106887831.1	18.605	92	84	93	86	65	3	3	88	4	84	9.47e-20	81.2
tr|A0A257NBF5|A0A257NBF5_9GAMM	GCF_015209785.1_WP_193988300.1	23.188	92	73	75	69	53	0	1	69	1	69	1.16e-19	80.9
tr|A0A257NBF5|A0A257NBF5_9GAMM	GCF_003568825.1_WP_040644076.1	34.146	92	83	86	82	51	1	6	84	2	83	2.38e-19	80.3
tr|A0A257NBF5|A0A257NBF5_9GAMM	GCF_014169735.1_WP_134997272.1	17.442	92	86	93	86	66	3	3	88	4	84	2.65e-19	80.0
tr|A0A257NBF5|A0A257NBF5_9GAMM	GCF_000019185.1_WP_012277931.1	29.293	92	100	87	99	51	1	6	85	2	100	2.70e-19	80.3
tr|A0A257NBF5|A0A257NBF5_9GAMM	GCF_003990335.1_WP_127025819.1	31.868	92	91	98	91	60	2	1	90	1	90	3.18e-19	80.0
tr|A0A257NBF5|A0A257NBF5_9GAMM	GCF_008693705.1_WP_127008315.1	25.000	92	84	91	84	58	3	3	86	4	82	4.08e-19	79.5
tr|A0A257NBF5|A0A257NBF5_9GAMM	GCF_020991025.1_WP_152109250.1	25.316	92	83	85	79	53	3	3	80	5	78	4.48e-19	79.5
tr|A0A257NBF5|A0A257NBF5_9GAMM	GCF_010093065.1_WP_238430213.1	21.918	92	83	76	73	51	2	2	71	7	76	4.74e-19	79.5
tr|A0A257NBF5|A0A257NBF5_9GAMM	GCF_026427595.1_WP_251812951.1	40.741	92	88	84	81	44	3	8	84	7	87	6.46e-19	79.2
tr|A0A257NBF5|A0A257NBF5_9GAMM	GCF_002215215.1_WP_088918776.1	22.989	92	101	93	87	64	3	3	88	17	101	1.47e-18	78.6
tr|A0A257NBF5|A0A257NBF5_9GAMM	GCF_000940995.1_WP_082060442.1	26.744	92	93	93	86	63	0	2	87	4	89	1.57e-18	78.4
tr|A0A257NBF5|A0A257NBF5_9GAMM	GCF_016026615.1_WP_197928313.1	23.596	92	89	97	89	63	3	3	91	4	87	1.75e-18	78.1
tr|A0A257NBF5|A0A257NBF5_9GAMM	GCF_001596155.1_WP_068342236.1	26.250	92	90	84	80	52	4	3	79	5	80	1.75e-18	78.1
tr|A0A257NBF5|A0A257NBF5_9GAMM	GCF_016127195.1_WP_042032742.1	26.316	92	89	83	76	52	2	3	78	4	75	3.22e-18	77.5
tr|A0A257NBF5|A0A257NBF5_9GAMM	GCF_001507645.1_WP_068195976.1	20.930	92	90	90	86	62	2	3	85	5	87	3.93e-18	77.2
tr|A0A257NBF5|A0A257NBF5_9GAMM	GCF_017638925.1_WP_208844867.1	33.766	92	81	84	77	50	1	7	83	3	78	1.06e-17	75.8
tr|A0A257NBF5|A0A257NBF5_9GAMM	GCF_003966655.1_WP_113527441.1	29.730	92	77	80	74	51	1	2	75	4	76	1.07e-17	75.8
tr|A0A257NBF5|A0A257NBF5_9GAMM	GCF_004001245.1_WP_127478562.1	21.333	92	85	77	75	55	2	3	73	7	81	1.30e-17	75.8
tr|A0A257NBF5|A0A257NBF5_9GAMM	GCF_013462805.1_WP_009566961.1	28.378	92	77	80	74	52	1	2	75	4	76	1.58e-17	75.5
tr|A0A257NBF5|A0A257NBF5_9GAMM	GCF_002218045.2_WP_089137819.1	25.000	92	79	75	72	51	1	3	71	6	77	1.76e-17	75.3
tr|A0A257NBF5|A0A257NBF5_9GAMM	GCF_001020955.1_WP_047250467.1	22.973	92	82	77	74	54	2	3	73	7	80	2.24e-17	75.3
tr|A0A257NBF5|A0A257NBF5_9GAMM	GCF_002762215.1_WP_085750011.1	24.324	92	87	77	74	50	3	3	73	6	76	3.08e-17	75.0
tr|A0A257NBF5|A0A257NBF5_9GAMM	GCF_000147355.1_WP_013326989.1	30.303	92	67	72	66	46	0	19	84	1	66	3.62e-17	74.4
tr|A0A257NBF5|A0A257NBF5_9GAMM	GCF_010093065.1_WP_162331416.1	20.000	92	84	84	80	58	3	2	78	7	83	3.83e-17	74.7
tr|A0A257NBF5|A0A257NBF5_9GAMM	GCF_000026085.1_WP_041454550.1	23.611	92	73	77	72	53	2	1	71	1	71	5.22e-17	74.1
tr|A0A257NBF5|A0A257NBF5_9GAMM	GCF_003584645.1_WP_197716612.1	20.513	92	80	82	78	56	3	3	77	5	79	7.73e-17	73.9
tr|A0A257NBF5|A0A257NBF5_9GAMM	GCF_004355185.1_WP_133271280.1	21.333	92	81	76	75	50	3	2	71	3	73	9.36e-17	73.6
tr|A0A257NBF5|A0A257NBF5_9GAMM	GCF_003855395.1_WP_124730567.1	33.721	92	88	89	86	53	2	5	86	3	88	1.05e-16	73.6
tr|A0A257NBF5|A0A257NBF5_9GAMM	GCF_024347195.1_WP_271272618.1	30.000	92	77	73	70	46	2	3	69	4	73	1.64e-16	72.7
tr|A0A257NBF5|A0A257NBF5_9GAMM	GCF_003353065.1_WP_114983154.1	17.978	92	84	95	89	59	3	3	89	8	84	2.83e-16	72.4
tr|A0A257NBF5|A0A257NBF5_9GAMM	GCF_000024005.1_WP_012793320.1	18.987	92	84	83	79	58	2	3	78	8	83	3.04e-16	72.2
tr|A0A257NBF5|A0A257NBF5_9GAMM	GCF_000014705.1_WP_011637758.1	38.372	92	88	89	86	49	2	5	86	3	88	4.37e-16	71.9
tr|A0A257NBF5|A0A257NBF5_9GAMM	GCF_001955715.1_WP_029708890.1	26.923	92	80	80	78	49	3	2	75	3	76	4.95e-16	71.6
tr|A0A257NBF5|A0A257NBF5_9GAMM	GCF_000018285.1_WP_012155987.1	27.273	92	102	85	99	51	1	7	84	3	101	5.96e-16	71.9
tr|A0A257NBF5|A0A257NBF5_9GAMM	GCF_006337165.1_WP_139515111.1	20.270	92	82	75	74	50	3	3	71	5	74	7.68e-16	71.3
tr|A0A257NBF5|A0A257NBF5_9GAMM	GCF_000021985.1_WP_012639500.1	25.352	92	82	73	71	49	2	3	69	5	75	8.93e-16	71.0
tr|A0A257NBF5|A0A257NBF5_9GAMM	GCF_013137895.1_WP_135435790.1	22.667	92	83	76	75	49	3	2	71	5	75	9.01e-16	71.0
tr|A0A257NBF5|A0A257NBF5_9GAMM	GCF_003149515.1_WP_109656005.1	17.722	92	90	83	79	59	2	2	77	4	79	1.02e-15	71.0
tr|A0A257NBF5|A0A257NBF5_9GAMM	GCF_018736065.1_WP_144074266.1	25.000	92	76	78	72	49	3	2	73	9	75	1.15e-15	70.8
tr|A0A257NBF5|A0A257NBF5_9GAMM	GCF_009662475.1_WP_031573754.1	31.579	92	79	83	76	51	1	3	78	5	79	1.22e-15	70.8
tr|A0A257NBF5|A0A257NBF5_9GAMM	GCF_027625995.1_WP_270126807.1	24.000	92	82	76	75	48	3	2	71	4	74	1.27e-15	70.8
tr|A0A257NBF5|A0A257NBF5_9GAMM	GCF_009938015.1_WP_223264517.1	20.270	92	90	76	74	55	3	2	71	6	79	1.55e-15	70.5
tr|A0A257NBF5|A0A257NBF5_9GAMM	GCF_003970675.1_WP_126615366.1	24.286	92	76	76	70	48	3	2	71	9	73	1.61e-15	70.2
tr|A0A257NBF5|A0A257NBF5_9GAMM	GCF_902810445.1_WP_197744199.1	24.675	92	78	79	77	50	4	2	74	3	75	1.71e-15	70.2
tr|A0A257NBF5|A0A257NBF5_9GAMM	GCF_013283835.1_WP_071626507.1	20.270	92	83	77	74	52	3	3	73	5	74	1.71e-15	70.5
tr|A0A257NBF5|A0A257NBF5_9GAMM	GCF_000006765.1_NP_249630.1	35.789	92	108	98	95	56	1	2	91	3	97	1.97e-15	70.8
tr|A0A257NBF5|A0A257NBF5_9GAMM	GCF_016613475.2_WP_200606805.1	21.622	92	90	77	74	52	2	2	72	7	77	2.11e-15	70.2
tr|A0A257NBF5|A0A257NBF5_9GAMM	GCF_000576555.1_WP_044000633.1	22.973	92	83	75	74	48	3	3	71	6	75	2.14e-15	70.2
tr|A0A257NBF5|A0A257NBF5_9GAMM	GCF_000788395.1_WP_038641921.1	32.877	92	85	78	73	47	2	6	77	5	76	2.97e-15	69.9
tr|A0A257NBF5|A0A257NBF5_9GAMM	GCF_001651805.1_WP_067384150.1	26.027	92	78	74	73	48	4	2	69	3	74	3.05e-15	69.6
tr|A0A257NBF5|A0A257NBF5_9GAMM	GCF_002157225.2_WP_086934278.1	30.986	92	80	77	71	48	1	6	76	5	74	3.10e-15	69.6
tr|A0A257NBF5|A0A257NBF5_9GAMM	GCF_009755585.1_WP_157030071.1	21.918	92	85	76	73	51	2	2	71	4	73	3.17e-15	69.6
tr|A0A257NBF5|A0A257NBF5_9GAMM	GCF_022811645.1_WP_243511723.1	22.222	92	90	75	72	50	2	3	71	5	73	3.29e-15	69.6
tr|A0A257NBF5|A0A257NBF5_9GAMM	GCF_008728635.1_WP_151087836.1	19.512	92	90	86	82	59	4	3	81	5	82	3.48e-15	69.6
tr|A0A257NBF5|A0A257NBF5_9GAMM	GCF_013343005.1_WP_078482823.1	23.377	92	84	79	77	55	2	3	75	5	81	3.56e-15	69.6
tr|A0A257NBF5|A0A257NBF5_9GAMM	GCF_020844025.1_WP_215848879.1	29.167	92	77	78	72	50	1	5	76	7	77	4.02e-15	69.4
tr|A0A257NBF5|A0A257NBF5_9GAMM	GCF_000014785.1_WP_011630183.1	27.027	92	83	77	74	51	2	3	73	10	83	5.08e-15	69.1
tr|A0A257NBF5|A0A257NBF5_9GAMM	GCF_002355735.1_WP_096359192.1	21.918	92	83	76	73	54	2	3	72	10	82	5.38e-15	69.1
tr|A0A257NBF5|A0A257NBF5_9GAMM	GCF_013177675.1_WP_172128285.1	23.077	92	81	82	78	53	3	2	76	4	77	6.24e-15	68.8
tr|A0A257NBF5|A0A257NBF5_9GAMM	GCF_020511155.1_WP_226415657.1	31.765	92	87	88	85	54	2	4	84	3	87	6.96e-15	68.8
tr|A0A257NBF5|A0A257NBF5_9GAMM	GCF_002355415.1_WP_148665551.1	16.667	92	87	75	72	57	2	3	71	14	85	6.96e-15	68.8
tr|A0A257NBF5|A0A257NBF5_9GAMM	GCF_022827545.1_WP_243798205.1	21.333	92	82	76	75	50	3	2	71	4	74	9.58e-15	68.5
tr|A0A257NBF5|A0A257NBF5_9GAMM	GCF_000012805.1_WP_011330264.1	20.000	92	85	78	75	54	3	3	74	4	75	1.15e-14	68.2
tr|A0A257NBF5|A0A257NBF5_9GAMM	GCF_000801295.1_WP_171816254.1	22.222	92	99	75	72	52	3	2	70	6	76	1.19e-14	68.5
tr|A0A257NBF5|A0A257NBF5_9GAMM	GCF_004028275.1_WP_128384077.1	25.333	92	77	77	75	51	3	5	75	2	75	1.20e-14	68.2
tr|A0A257NBF5|A0A257NBF5_9GAMM	GCF_000092245.1_WP_013136435.1	23.611	92	76	76	72	50	2	3	72	2	70	1.24e-14	67.9
tr|A0A257NBF5|A0A257NBF5_9GAMM	GCF_002356115.1_WP_096526481.1	22.973	92	78	77	74	51	2	3	73	4	74	1.29e-14	67.9
tr|A0A257NBF5|A0A257NBF5_9GAMM	GCF_010119975.1_WP_162445115.1	19.481	92	365	80	77	55	2	3	76	11	83	1.55e-14	72.4
tr|A0A257NBF5|A0A257NBF5_9GAMM	GCF_003346815.1_WP_114840342.1	20.513	92	82	82	78	55	3	2	76	4	77	1.59e-14	67.9
tr|A0A257NBF5|A0A257NBF5_9GAMM	GCF_002557795.1_WP_098194977.1	18.987	92	89	79	79	54	3	1	73	6	80	1.63e-14	67.9
tr|A0A257NBF5|A0A257NBF5_9GAMM	GCF_000212735.1_WP_013764159.1	17.500	92	83	83	80	58	3	3	78	7	82	1.67e-14	67.9
tr|A0A257NBF5|A0A257NBF5_9GAMM	GCF_003063625.1_WP_108601906.1	32.394	92	85	77	71	47	1	6	76	5	74	1.79e-14	67.7
tr|A0A257NBF5|A0A257NBF5_9GAMM	GCF_000143085.1_WP_013221711.1	20.000	92	82	78	75	54	3	3	74	4	75	1.91e-14	67.7
tr|A0A257NBF5|A0A257NBF5_9GAMM	GCF_013201725.1_WP_014475480.1	28.000	92	74	78	75	47	3	2	73	4	74	2.25e-14	67.4
tr|A0A257NBF5|A0A257NBF5_9GAMM	GCF_002142475.1_WP_026148861.1	18.667	92	86	77	75	53	3	3	73	4	74	2.25e-14	67.7
tr|A0A257NBF5|A0A257NBF5_9GAMM	GCF_000321415.2_WP_015260329.1	18.421	92	93	79	76	59	2	3	75	7	82	2.27e-14	67.7
tr|A0A257NBF5|A0A257NBF5_9GAMM	GCF_003574965.1_WP_119445661.1	27.027	92	82	75	74	45	3	3	71	5	74	2.37e-14	67.4
tr|A0A257NBF5|A0A257NBF5_9GAMM	GCF_024347275.1_WP_019620968.1	26.582	92	82	82	79	54	3	3	77	4	82	2.80e-14	67.4
tr|A0A257NBF5|A0A257NBF5_9GAMM	GCF_004798725.1_WP_010811758.1	20.548	92	83	76	73	52	2	3	72	8	77	3.03e-14	67.1
tr|A0A257NBF5|A0A257NBF5_9GAMM	GCF_018389385.1_WP_218082190.1	22.535	92	91	74	71	49	2	3	70	18	85	5.17e-14	66.8
tr|A0A257NBF5|A0A257NBF5_9GAMM	GCF_008807855.1_WP_063240334.1	19.178	92	83	76	73	53	2	3	72	8	77	5.68e-14	66.5
tr|A0A257NBF5|A0A257NBF5_9GAMM	GCF_004421105.1_WP_134356453.1	20.000	92	80	78	75	54	3	3	74	4	75	6.13e-14	66.3
tr|A0A257NBF5|A0A257NBF5_9GAMM	GCF_024347255.1_WP_091360415.1	23.944	92	79	73	71	50	2	3	69	4	74	6.22e-14	66.3
tr|A0A257NBF5|A0A257NBF5_9GAMM	GCF_013177635.1_WP_129095542.1	25.000	92	72	75	72	47	3	2	70	4	71	7.05e-14	66.0
tr|A0A257NBF5|A0A257NBF5_9GAMM	GCF_001956695.1_WP_076086034.1	17.808	92	77	76	73	54	3	3	72	2	71	7.58e-14	66.0
tr|A0A257NBF5|A0A257NBF5_9GAMM	GCF_003955735.1_WP_126127786.1	20.779	92	91	80	77	55	3	2	75	8	81	7.87e-14	66.3
tr|A0A257NBF5|A0A257NBF5_9GAMM	GCF_020091585.1_WP_224339804.1	16.216	92	82	77	74	56	2	2	72	3	73	9.57e-14	66.0
tr|A0A257NBF5|A0A257NBF5_9GAMM	GCF_024347215.1_WP_261843265.1	24.286	92	77	73	70	50	2	3	69	4	73	1.08e-13	65.7
tr|A0A257NBF5|A0A257NBF5_9GAMM	GCF_001442805.1_WP_057942092.1	17.808	92	88	76	73	54	2	3	72	8	77	1.21e-13	65.7
tr|A0A257NBF5|A0A257NBF5_9GAMM	GCF_000828615.1_WP_041064380.1	16.216	92	80	76	74	58	3	3	72	7	80	1.25e-13	65.4
tr|A0A257NBF5|A0A257NBF5_9GAMM	GCF_003346775.1_WP_114843067.1	18.919	92	84	78	74	55	2	2	73	4	74	1.48e-13	65.4
tr|A0A257NBF5|A0A257NBF5_9GAMM	GCF_003967195.1_WP_172597571.1	27.632	92	83	78	76	51	3	3	74	6	81	1.53e-13	65.4
tr|A0A257NBF5|A0A257NBF5_9GAMM	GCF_004214795.1_WP_130234502.1	22.973	92	78	77	74	50	3	2	72	4	73	1.84e-13	65.1
tr|A0A257NBF5|A0A257NBF5_9GAMM	GCF_013283835.1_WP_071625892.1	13.158	92	79	76	76	56	3	3	72	2	73	2.11e-13	64.9
tr|A0A257NBF5|A0A257NBF5_9GAMM	GCF_013201935.1_WP_129014602.1	25.000	92	72	75	72	47	3	2	70	4	71	2.83e-13	64.6
tr|A0A257NBF5|A0A257NBF5_9GAMM	GCF_000013765.1_WP_011496543.1	27.059	92	106	88	85	58	2	4	84	21	105	3.38e-13	64.9
tr|A0A257NBF5|A0A257NBF5_9GAMM	GCF_000227685.2_WP_006746304.1	14.865	92	83	77	74	60	2	3	73	7	80	3.78e-13	64.3
tr|A0A257NBF5|A0A257NBF5_9GAMM	GCF_013201665.1_WP_128359868.1	28.947	92	81	79	76	47	3	3	75	5	76	3.99e-13	64.3
tr|A0A257NBF5|A0A257NBF5_9GAMM	GCF_023733635.1_WP_039959400.1	26.027	92	89	74	73	48	3	2	69	3	74	7.17e-13	63.7
tr|A0A257NBF5|A0A257NBF5_9GAMM	GCF_003544915.1_WP_118918525.1	26.027	92	73	76	73	47	3	2	71	4	72	9.38e-13	63.2
tr|A0A257NBF5|A0A257NBF5_9GAMM	GCF_000222485.1_WP_014022977.1	15.789	92	85	79	76	58	3	2	74	6	78	1.10e-12	63.2
tr|A0A257NBF5|A0A257NBF5_9GAMM	GCF_006385555.1_WP_140234395.1	31.765	92	87	88	85	54	3	4	84	2	86	1.13e-12	63.2
tr|A0A257NBF5|A0A257NBF5_9GAMM	GCF_013201665.1_WP_128358834.1	16.667	92	76	76	72	55	2	3	72	2	70	1.19e-12	62.9
tr|A0A257NBF5|A0A257NBF5_9GAMM	GCF_013201935.1_WP_128987185.1	15.278	92	76	76	72	56	2	3	72	2	70	1.84e-12	62.6
tr|A0A257NBF5|A0A257NBF5_9GAMM	GCF_021654855.1_WP_237262080.1	34.783	92	70	71	69	40	2	6	70	3	70	1.99e-12	62.3
tr|A0A257NBF5|A0A257NBF5_9GAMM	GCF_003544815.1_WP_118886031.1	15.278	92	76	76	72	56	2	3	72	2	70	2.06e-12	62.3
tr|A0A257NBF5|A0A257NBF5_9GAMM	GCF_005281475.1_WP_137401239.1	23.457	92	81	85	81	55	4	1	78	1	77	2.58e-12	62.3
tr|A0A257NBF5|A0A257NBF5_9GAMM	GCF_005166025.1_WP_137090244.1	28.000	92	84	77	75	46	3	3	73	5	75	3.81e-12	61.8
tr|A0A257NBF5|A0A257NBF5_9GAMM	GCF_013177635.1_WP_129095951.1	15.278	92	76	76	72	56	2	3	72	2	70	4.62e-12	61.5
tr|A0A257NBF5|A0A257NBF5_9GAMM	GCF_000265505.1_WP_014796533.1	17.073	92	97	78	82	58	2	2	73	5	86	5.88e-12	61.5
tr|A0A257NBF5|A0A257NBF5_9GAMM	GCF_001050135.1_WP_048644179.1	21.622	92	88	77	74	52	3	2	72	6	76	6.20e-12	61.5
tr|A0A257NBF5|A0A257NBF5_9GAMM	GCF_009937995.1_WP_179954406.1	23.377	92	79	79	77	55	2	2	74	3	79	7.33e-12	60.9
tr|A0A257NBF5|A0A257NBF5_9GAMM	GCF_000024725.1_WP_013031543.1	21.333	92	81	78	75	53	3	3	74	4	75	7.88e-12	60.9
tr|A0A257NBF5|A0A257NBF5_9GAMM	GCF_000012325.1_WP_011045621.1	39.706	92	84	74	68	40	1	6	73	5	71	9.78e-12	60.9
tr|A0A257NBF5|A0A257NBF5_9GAMM	GCF_000317125.1_WP_015155280.1	20.270	92	81	76	74	51	4	2	71	3	72	1.18e-11	60.6
tr|A0A257NBF5|A0A257NBF5_9GAMM	GCF_019931735.1_WP_223417223.1	27.711	92	87	86	83	56	2	6	84	4	86	1.69e-11	60.4
tr|A0A257NBF5|A0A257NBF5_9GAMM	GCF_001444405.1_WP_058032142.1	30.435	92	87	75	69	48	0	6	74	2	70	1.81e-11	60.1
tr|A0A257NBF5|A0A257NBF5_9GAMM	GCF_008122265.1_WP_148863603.1	21.333	92	84	77	75	51	3	2	72	3	73	2.03e-11	60.1
tr|A0A257NBF5|A0A257NBF5_9GAMM	GCF_002309535.1_WP_096047558.1	18.571	92	88	74	70	52	2	5	72	4	70	2.22e-11	60.1
tr|A0A257NBF5|A0A257NBF5_9GAMM	GCF_019891175.1_WP_225938383.1	18.056	92	93	75	72	53	2	3	71	12	80	2.51e-11	59.8
tr|A0A257NBF5|A0A257NBF5_9GAMM	GCF_001723605.1_WP_069479051.1	18.310	92	76	75	71	53	2	4	72	3	70	2.55e-11	59.5
tr|A0A257NBF5|A0A257NBF5_9GAMM	GCF_017742995.1_WP_247749573.1	40.476	92	48	46	42	25	0	6	47	2	43	2.89e-11	58.9
tr|A0A257NBF5|A0A257NBF5_9GAMM	GCF_013282625.1_WP_173286717.1	28.571	92	67	76	70	46	2	5	74	2	67	3.34e-11	59.2
tr|A0A257NBF5|A0A257NBF5_9GAMM	GCF_000317575.1_WP_015193670.1	20.548	92	74	76	73	52	2	2	71	3	72	3.81e-11	59.2
tr|A0A257NBF5|A0A257NBF5_9GAMM	GCF_003722295.1_WP_010573895.1	16.216	92	75	75	74	54	3	3	71	4	74	4.10e-11	58.9
tr|A0A257NBF5|A0A257NBF5_9GAMM	GCF_003260975.1_WP_112783789.1	20.253	92	81	83	79	56	4	1	76	1	75	4.10e-11	59.2
tr|A0A257NBF5|A0A257NBF5_9GAMM	GCF_001956695.1_WP_076086043.1	25.000	92	77	79	76	50	3	3	75	4	75	4.73e-11	58.9
tr|A0A257NBF5|A0A257NBF5_9GAMM	GCF_006575665.1_WP_141613356.1	22.785	92	81	83	79	54	4	1	76	1	75	4.85e-11	58.9
tr|A0A257NBF5|A0A257NBF5_9GAMM	GCF_000238255.3_WP_010559905.1	28.571	92	86	75	70	48	2	6	74	5	73	6.22e-11	58.7
tr|A0A257NBF5|A0A257NBF5_9GAMM	GCF_000568815.1_WP_025346049.1	16.901	92	76	75	71	54	2	4	72	3	70	6.54e-11	58.7
tr|A0A257NBF5|A0A257NBF5_9GAMM	GCF_013177675.1_WP_172126669.1	15.068	92	77	76	73	55	3	3	72	2	70	1.04e-10	58.1
tr|A0A257NBF5|A0A257NBF5_9GAMM	GCF_000265295.1_WP_014770430.1	16.901	92	76	75	71	54	2	4	72	3	70	1.68e-10	57.5
tr|A0A257NBF5|A0A257NBF5_9GAMM	GCF_023650495.1_WP_250655372.1	41.176	92	88	88	85	46	2	4	84	3	87	1.80e-10	57.5
tr|A0A257NBF5|A0A257NBF5_9GAMM	GCF_000018105.1_WP_012162738.1	18.571	92	86	72	70	49	3	6	71	7	72	3.23e-10	57.0
tr|A0A257NBF5|A0A257NBF5_9GAMM	GCF_004293625.1_WP_130538367.1	30.000	92	71	65	60	38	2	5	64	2	57	5.99e-10	56.1
tr|A0A257NBF5|A0A257NBF5_9GAMM	GCF_011398355.1_WP_173270160.1	24.242	92	65	72	66	46	2	5	70	2	63	9.85e-10	55.3
tr|A0A257NBF5|A0A257NBF5_9GAMM	GCF_024347675.1_WP_261833361.1	45.455	92	54	48	44	23	1	6	49	2	44	2.61e-09	54.2
tr|A0A257NBF5|A0A257NBF5_9GAMM	GCF_003967275.1_WP_197721837.1	18.571	92	78	73	70	54	2	3	69	5	74	6.51e-09	53.6
tr|A0A257NBF5|A0A257NBF5_9GAMM	GCF_000973725.1_WP_046311560.1	19.178	92	91	76	73	53	3	2	71	4	73	1.26e-08	53.0
tr|A0A257NBF5|A0A257NBF5_9GAMM	GCF_026278345.1_WP_266369249.1	18.519	92	90	85	81	59	4	2	79	3	79	1.56e-08	52.8
tr|A0A257NBF5|A0A257NBF5_9GAMM	GCF_000242635.2_WP_014682426.1	20.588	92	83	71	68	48	2	10	74	11	75	3.20e-08	51.9
tr|A0A257NBF5|A0A257NBF5_9GAMM	GCF_011398355.1_WP_173270199.1	20.896	92	66	73	67	49	2	5	71	2	64	3.57e-08	51.3
tr|A0A257NBF5|A0A257NBF5_9GAMM	GCF_011398155.1_WP_173291533.1	23.944	92	71	76	71	49	3	6	75	3	69	4.48e-08	51.3
tr|A0A257NBF5|A0A257NBF5_9GAMM	GCF_000325705.1_WP_015264554.1	22.368	92	77	79	76	52	4	1	73	1	72	5.11e-08	51.1
tr|A0A257NBF5|A0A257NBF5_9GAMM	GCF_001705075.2_WP_065970077.1	22.857	92	78	72	70	49	3	2	67	4	72	8.62e-08	50.5
tr|A0A257NBF5|A0A257NBF5_9GAMM	GCF_003346815.1_WP_114840344.1	20.270	92	84	77	74	52	4	2	72	3	72	6.60e-07	48.5
tr|A0A257NBF5|A0A257NBF5_9GAMM	GCF_011764585.1_WP_188200227.1	12.281	92	63	58	57	46	2	18	70	1	57	6.72e-06	45.4
tr|A0A257NBF5|A0A257NBF5_9GAMM	GCF_014217805.1_WP_185274331.1	14.865	92	91	77	74	57	3	2	72	7	77	1.54e-04	42.6
tr|A0A257NBF5|A0A257NBF5_9GAMM	GCF_013283835.1_WP_071628250.1	21.053	92	81	79	76	53	3	2	74	3	74	1.92e-04	42.1
tr|A0A257NBF5|A0A257NBF5_9GAMM	GCF_003143555.1_WP_109340539.1	21.127	92	84	75	71	54	1	8	76	5	75	2.32e-04	42.1
tr|A0A257NBF5|A0A257NBF5_9GAMM	GCF_000484535.1_WP_023173213.1	23.529	92	91	74	68	52	0	8	75	24	91	5.16e-04	41.2
tr|A0A257NBF5|A0A257NBF5_9GAMM	GCF_001027285.1_WP_047859305.1	22.000	92	80	54	50	38	1	8	57	12	60	0.001	39.8
tr|A0A257NBF5|A0A257NBF5_9GAMM	GCF_021018745.1_WP_230843504.1	21.212	92	92	71	66	50	2	8	72	24	88	0.002	39.8
tr|A0A257NBF5|A0A257NBF5_9GAMM	GCF_018388465.1_WP_208290210.1	20.588	92	316	72	68	52	1	12	77	139	206	0.002	41.8
tr|A0A257NBF5|A0A257NBF5_9GAMM	GCF_000011385.1_WP_011141833.1	21.538	92	92	71	65	51	0	8	72	24	88	0.002	39.8
tr|A0A257NBF5|A0A257NBF5_9GAMM	GCF_014075995.1_WP_182414414.1	13.699	92	91	76	73	57	3	3	72	8	77	0.005	38.7
tr|A0A257NBF5|A0A257NBF5_9GAMM	GCF_003945325.1_WP_125566010.1	14.286	92	327	62	63	48	2	20	76	165	227	0.007	40.1
