tr|A0A333FHM5|Release	GCF_001518835.1_WP_059308693.1	67.442	88	86	98	86	28	0	1	86	1	86	1.78e-38	128
tr|A0A333FHM5|Release	GCF_001461805.1_WP_013367515.1	69.767	88	86	98	86	26	0	1	86	1	86	1.88e-38	128
tr|A0A333FHM5|Release	GCF_021172065.1_WP_015965827.1	63.953	88	86	98	86	31	0	1	86	1	86	2.71e-38	128
tr|A0A333FHM5|Release	GCF_009036245.1_WP_025756830.1	65.116	88	86	98	86	30	0	1	86	1	86	2.82e-38	128
tr|A0A333FHM5|Release	GCF_009176645.1_WP_152083529.1	65.116	88	86	98	86	30	0	1	86	1	86	3.52e-38	128
tr|A0A333FHM5|Release	GCF_020097475.1_WP_000062318.1	67.442	88	86	98	86	28	0	1	86	1	86	4.40e-38	127
tr|A0A333FHM5|Release	GCF_001683395.1_WP_017458015.1	65.116	88	86	98	86	30	0	1	86	1	86	8.24e-38	127
tr|A0A333FHM5|Release	GCF_007632255.1_WP_015368146.1	65.116	88	86	98	86	30	0	1	86	1	86	8.58e-38	127
tr|A0A333FHM5|Release	GCF_003594935.2_WP_006173581.1	66.279	88	86	98	86	29	0	1	86	1	86	1.06e-37	127
tr|A0A333FHM5|Release	GCF_001658025.2_WP_007373243.1	65.116	88	86	98	86	30	0	1	86	1	86	1.17e-37	126
tr|A0A333FHM5|Release	GCF_001022135.1_WP_039078449.1	66.279	88	86	98	86	29	0	1	86	1	86	1.17e-37	126
tr|A0A333FHM5|Release	GCF_000224675.1_WP_010426685.1	65.116	88	86	98	86	30	0	1	86	1	86	1.52e-37	126
tr|A0A333FHM5|Release	GCF_015137655.1_WP_028015593.1	63.953	88	86	98	86	31	0	1	86	1	86	1.71e-37	126
tr|A0A333FHM5|Release	GCF_000006925.2_NP_706134.1	66.279	88	86	98	86	29	0	1	86	1	86	1.74e-37	126
tr|A0A333FHM5|Release	GCF_027886705.1_WP_061497537.1	65.116	88	86	98	86	30	0	1	86	1	86	1.77e-37	126
tr|A0A333FHM5|Release	GCF_001729805.1_WP_008501890.1	63.953	88	86	98	86	31	0	1	86	1	86	1.81e-37	126
tr|A0A333FHM5|Release	GCF_023195735.1_WP_035891978.1	68.605	88	86	98	86	27	0	1	86	1	86	2.32e-37	125
tr|A0A333FHM5|Release	GCF_025914095.1_WP_031518416.1	65.116	88	86	98	86	30	0	1	86	1	86	2.35e-37	125
tr|A0A333FHM5|Release	GCF_016904755.1_WP_059234959.1	63.953	88	86	98	86	31	0	1	86	1	86	2.43e-37	125
tr|A0A333FHM5|Release	GCF_009363135.1_WP_090122691.1	66.279	88	86	98	86	29	0	1	86	1	86	3.13e-37	125
tr|A0A333FHM5|Release	GCF_001750725.1_WP_014168720.1	63.953	88	86	98	86	31	0	1	86	1	86	3.29e-37	125
tr|A0A333FHM5|Release	GCF_009649915.1_WP_062772223.1	67.442	88	86	98	86	28	0	1	86	1	86	3.34e-37	125
tr|A0A333FHM5|Release	GCF_019048625.1_WP_023305471.1	66.279	88	86	98	86	29	0	1	86	1	86	5.21e-37	125
tr|A0A333FHM5|Release	GCF_003812345.1_WP_003018503.1	65.116	88	86	98	86	30	0	1	86	1	86	6.21e-37	125
tr|A0A333FHM5|Release	GCF_001277255.1_WP_007666633.1	62.791	88	86	98	86	32	0	1	86	1	86	6.21e-37	125
tr|A0A333FHM5|Release	GCF_001558935.2_WP_042323659.1	66.279	88	86	98	86	29	0	1	86	1	86	6.41e-37	124
tr|A0A333FHM5|Release	GCF_021278985.1_WP_012904575.1	65.116	88	86	98	86	30	0	1	86	1	86	6.67e-37	124
tr|A0A333FHM5|Release	GCF_004684345.1_WP_135323069.1	66.279	88	86	98	86	29	0	1	86	1	86	6.77e-37	124
tr|A0A333FHM5|Release	GCF_002393445.1_WP_061273728.1	61.176	88	86	97	85	33	0	1	85	1	85	6.88e-37	124
tr|A0A333FHM5|Release	GCF_004353845.1_WP_103768334.1	63.953	88	86	98	86	31	0	1	86	1	86	7.69e-37	124
tr|A0A333FHM5|Release	GCF_022637515.1_WP_064539750.1	61.628	88	86	98	86	33	0	1	86	1	86	9.16e-37	124
tr|A0A333FHM5|Release	GCF_900638065.1_WP_048212636.1	65.116	88	86	98	86	30	0	1	86	1	86	9.31e-37	124
tr|A0A333FHM5|Release	GCF_001277175.1_WP_007760020.1	60.465	88	86	98	86	34	0	1	86	1	86	1.02e-36	124
tr|A0A333FHM5|Release	GCF_018128425.1_WP_042289833.1	65.116	88	86	98	86	30	0	1	86	1	86	1.09e-36	124
tr|A0A333FHM5|Release	GCF_000240185.1_YP_005225236.1	63.953	88	86	98	86	31	0	1	86	1	86	1.09e-36	124
tr|A0A333FHM5|Release	GCF_003261575.2_WP_110272453.1	65.116	88	86	98	86	30	0	1	86	1	86	1.20e-36	124
tr|A0A333FHM5|Release	GCF_003812925.1_WP_004107903.1	62.791	88	86	98	86	32	0	1	86	1	86	1.34e-36	124
tr|A0A333FHM5|Release	GCF_001277215.2_WP_007776988.1	60.465	88	86	98	86	34	0	1	86	1	86	1.42e-36	123
tr|A0A333FHM5|Release	GCF_001277195.1_WP_032966924.1	62.791	88	86	98	86	32	0	1	86	1	86	1.49e-36	123
tr|A0A333FHM5|Release	GCF_018139045.1_WP_004129134.1	62.791	88	86	98	86	32	0	1	86	1	86	1.66e-36	123
tr|A0A333FHM5|Release	GCF_900635955.1_WP_126357486.1	61.176	88	86	97	85	33	0	1	85	1	85	2.18e-36	123
tr|A0A333FHM5|Release	GCF_009648935.1_WP_047417117.1	63.953	88	86	98	86	31	0	1	86	1	86	2.25e-36	123
tr|A0A333FHM5|Release	GCF_015139575.1_WP_004098776.1	63.953	88	86	98	86	31	0	1	86	1	86	2.40e-36	123
tr|A0A333FHM5|Release	GCF_006711645.1_WP_100682484.1	65.116	88	86	98	86	30	0	1	86	1	86	2.42e-36	123
tr|A0A333FHM5|Release	GCF_003935895.2_WP_110510858.1	65.882	88	86	97	85	29	0	1	85	1	85	2.79e-36	123
tr|A0A333FHM5|Release	GCF_000834395.1_WP_042546713.1	67.442	88	86	98	86	28	0	1	86	1	86	3.09e-36	123
tr|A0A333FHM5|Release	GCF_012029655.1_WP_041144145.1	63.953	88	86	98	86	31	0	1	86	1	86	3.14e-36	123
tr|A0A333FHM5|Release	GCF_022637595.1_WP_004858152.1	65.116	88	86	98	86	30	0	1	86	1	86	3.17e-36	123
tr|A0A333FHM5|Release	GCF_000439255.1_WP_000062328.1	62.791	88	86	98	86	32	0	1	86	1	86	5.26e-36	122
tr|A0A333FHM5|Release	GCF_004124235.1_WP_025377303.1	67.442	88	86	98	86	28	0	1	86	1	86	5.48e-36	122
tr|A0A333FHM5|Release	GCF_024224615.1_WP_125293588.1	62.353	88	86	97	85	32	0	1	85	1	85	5.57e-36	122
tr|A0A333FHM5|Release	GCF_011068345.1_WP_002436992.1	61.176	88	86	97	85	33	0	1	85	1	85	6.68e-36	122
tr|A0A333FHM5|Release	GCF_000222975.1_WP_002218374.1	67.442	88	86	98	86	28	0	1	86	1	86	7.18e-36	122
tr|A0A333FHM5|Release	GCF_000018045.1_WP_024130681.1	62.791	88	86	98	86	32	0	1	86	1	86	8.09e-36	121
tr|A0A333FHM5|Release	GCF_000517425.1_WP_025421126.1	57.143	88	86	95	84	36	0	1	84	1	84	8.55e-36	121
tr|A0A333FHM5|Release	GCF_000010085.1_WP_011411656.1	57.143	88	86	95	84	36	0	1	84	1	84	8.75e-36	121
tr|A0A333FHM5|Release	GCF_013282725.1_WP_032813813.1	67.442	88	86	98	86	28	0	1	86	1	86	8.97e-36	121
tr|A0A333FHM5|Release	GCF_002163605.1_WP_157665988.1	66.279	88	86	98	86	29	0	1	86	1	86	9.04e-36	121
tr|A0A333FHM5|Release	GCF_013234275.1_WP_172895488.1	60.465	88	86	98	86	34	0	1	86	1	86	9.33e-36	121
tr|A0A333FHM5|Release	GCF_000834455.1_WP_032817050.1	67.442	88	86	98	86	28	0	1	86	1	86	9.33e-36	121
tr|A0A333FHM5|Release	GCF_021276285.1_WP_095923198.1	67.857	88	86	95	84	27	0	1	84	1	84	1.08e-35	121
tr|A0A333FHM5|Release	GCF_000005845.2_NP_414731.2	65.476	88	84	95	84	29	0	3	86	1	84	1.47e-35	121
tr|A0A333FHM5|Release	GCF_025133195.1_WP_032910235.1	65.116	88	86	98	86	30	0	1	86	1	86	1.67e-35	121
tr|A0A333FHM5|Release	GCF_000520015.2_WP_024910172.1	57.471	88	87	99	87	37	0	1	87	1	87	1.87e-35	121
tr|A0A333FHM5|Release	GCF_025758125.1_WP_023480196.1	65.116	88	86	98	86	30	0	1	86	1	86	1.94e-35	121
tr|A0A333FHM5|Release	GCF_000006945.2_NP_459242.1	62.791	88	86	98	86	32	0	1	86	1	86	2.20e-35	121
tr|A0A333FHM5|Release	GCF_022637475.1_WP_013574214.1	66.667	88	86	95	84	28	0	1	84	1	84	2.64e-35	120
tr|A0A333FHM5|Release	GCF_005484945.1_WP_137712817.1	61.628	88	86	98	86	33	0	1	86	1	86	3.38e-35	120
tr|A0A333FHM5|Release	GCF_002953195.1_WP_038628016.1	57.471	88	87	99	87	37	0	1	87	1	87	3.53e-35	120
tr|A0A333FHM5|Release	GCF_009730055.1_WP_032906500.1	67.442	88	86	98	86	28	0	1	86	1	86	3.87e-35	120
tr|A0A333FHM5|Release	GCF_002101395.1_WP_085067900.1	57.471	88	87	99	87	37	0	1	87	1	87	4.27e-35	120
tr|A0A333FHM5|Release	GCF_900095885.1_WP_035340381.1	58.140	88	86	98	86	36	0	1	86	1	86	4.32e-35	120
tr|A0A333FHM5|Release	GCF_009914055.1_WP_160619715.1	58.621	88	87	99	87	36	0	1	87	1	87	4.33e-35	120
tr|A0A333FHM5|Release	GCF_001642805.2_WP_004931991.1	57.471	88	87	99	87	37	0	1	87	1	87	5.08e-35	119
tr|A0A333FHM5|Release	GCF_017498685.1_WP_038245151.1	66.279	88	86	98	86	29	0	1	86	1	86	5.19e-35	119
tr|A0A333FHM5|Release	GCF_016026735.1_WP_015673540.1	55.172	88	87	99	87	39	0	1	87	1	87	5.55e-35	119
tr|A0A333FHM5|Release	GCF_000233595.1_WP_013024706.1	57.647	88	86	97	85	36	0	1	85	1	85	6.64e-35	119
tr|A0A333FHM5|Release	GCF_021462285.1_WP_234585968.1	57.471	88	87	99	87	37	0	1	87	1	87	6.98e-35	119
tr|A0A333FHM5|Release	GCF_003515985.1_WP_085653101.1	58.140	88	86	98	86	36	0	1	86	1	86	7.66e-35	119
tr|A0A333FHM5|Release	GCF_003019925.1_WP_162185254.1	65.476	88	86	95	84	29	0	1	84	1	84	8.36e-35	119
tr|A0A333FHM5|Release	GCF_015999465.1_WP_085688159.1	56.977	88	86	98	86	37	0	1	86	1	86	8.98e-35	119
tr|A0A333FHM5|Release	GCF_012427845.1_WP_012773648.1	60.465	88	86	98	86	34	0	1	86	1	86	9.65e-35	119
tr|A0A333FHM5|Release	GCF_900187015.1_WP_061796701.1	57.471	88	87	99	87	37	0	1	87	1	87	9.99e-35	119
tr|A0A333FHM5|Release	GCF_023517775.1_WP_249893541.1	59.770	88	87	99	87	35	0	1	87	1	87	1.04e-34	119
tr|A0A333FHM5|Release	GCF_009817885.1_WP_105232289.1	57.471	88	87	99	87	37	0	1	87	1	87	1.13e-34	119
tr|A0A333FHM5|Release	GCF_000262305.1_WP_002441069.1	58.140	88	86	98	86	36	0	1	86	1	86	1.17e-34	119
tr|A0A333FHM5|Release	GCF_000025065.1_WP_012883679.1	59.302	88	86	98	86	35	0	1	86	1	86	1.20e-34	119
tr|A0A333FHM5|Release	GCF_002288545.1_WP_029367608.1	60.465	88	86	98	86	34	0	1	86	1	86	1.28e-34	119
tr|A0A333FHM5|Release	GCF_019797845.1_WP_222158377.1	62.791	88	86	98	86	32	0	1	86	1	86	1.64e-34	118
tr|A0A333FHM5|Release	GCF_011044475.1_WP_033740322.1	57.647	88	86	97	85	36	0	1	85	1	85	2.31e-34	118
tr|A0A333FHM5|Release	GCF_000023565.1_WP_012770818.1	58.140	88	86	98	86	36	0	1	86	1	86	2.46e-34	118
tr|A0A333FHM5|Release	GCF_009873295.1_WP_039312412.1	60.465	88	86	98	86	34	0	1	86	1	86	2.82e-34	118
tr|A0A333FHM5|Release	GCF_017569925.1_WP_208228065.1	59.302	88	86	98	86	35	0	1	86	1	86	2.87e-34	118
tr|A0A333FHM5|Release	GCF_000026185.1_WP_012440659.1	52.874	88	87	99	87	41	0	1	87	1	87	3.24e-34	118
tr|A0A333FHM5|Release	GCF_020079945.1_WP_039382769.1	61.176	88	87	97	85	33	0	1	85	1	85	3.26e-34	118
tr|A0A333FHM5|Release	GCF_007858975.2_WP_042869176.1	60.465	88	86	98	86	34	0	1	86	1	86	3.44e-34	118
tr|A0A333FHM5|Release	GCF_000023545.1_WP_015854637.1	59.302	88	86	98	86	35	0	1	86	1	86	5.59e-34	117
tr|A0A333FHM5|Release	GCF_002291445.1_WP_048635886.1	59.302	88	86	98	86	35	0	1	86	1	86	6.60e-34	117
tr|A0A333FHM5|Release	GCF_000740965.1_WP_011092648.1	59.302	88	86	98	86	35	0	1	86	1	86	6.60e-34	117
tr|A0A333FHM5|Release	GCF_020181655.1_WP_225087160.1	61.628	88	86	98	86	33	0	1	86	1	86	6.98e-34	117
tr|A0A333FHM5|Release	GCF_009931295.1_WP_161528353.1	60.465	88	86	98	86	34	0	1	86	1	86	7.38e-34	117
tr|A0A333FHM5|Release	GCF_000264765.2_WP_034163237.1	63.953	88	86	98	86	31	0	1	86	1	86	1.35e-33	116
tr|A0A333FHM5|Release	GCF_001742185.1_WP_005975933.1	59.302	88	86	98	86	35	0	1	86	1	86	1.43e-33	116
tr|A0A333FHM5|Release	GCF_000196615.1_WP_013200864.1	57.471	88	87	99	87	37	0	1	87	1	87	1.43e-33	116
tr|A0A333FHM5|Release	GCF_001010285.1_WP_046974061.1	65.909	88	88	100	88	30	0	1	88	1	88	1.62e-33	116
tr|A0A333FHM5|Release	GCF_005484965.1_WP_009114129.1	62.791	88	86	98	86	32	0	1	86	1	86	2.06e-33	116
tr|A0A333FHM5|Release	GCF_002291425.1_WP_095847471.1	58.621	88	87	99	87	36	0	1	87	1	87	2.08e-33	116
tr|A0A333FHM5|Release	GCF_002812485.1_WP_038661467.1	59.302	88	86	98	86	35	0	1	86	1	86	2.21e-33	115
tr|A0A333FHM5|Release	GCF_019890955.1_WP_211725887.1	58.824	88	87	97	85	35	0	1	85	1	85	2.62e-33	115
tr|A0A333FHM5|Release	GCF_020150375.1_WP_004094310.1	63.953	88	86	98	86	31	0	1	86	1	86	3.42e-33	115
tr|A0A333FHM5|Release	GCF_003992745.1_WP_014700896.1	58.140	88	86	98	86	36	0	1	86	1	86	3.53e-33	115
tr|A0A333FHM5|Release	GCF_000147055.1_WP_022632468.1	58.140	88	86	98	86	36	0	1	86	1	86	3.79e-33	115
tr|A0A333FHM5|Release	GCF_011617105.1_WP_025800203.1	65.116	88	86	98	86	30	0	1	86	1	86	4.31e-33	115
tr|A0A333FHM5|Release	GCF_022647505.1_WP_128179458.1	57.471	88	87	99	87	37	0	1	87	1	87	4.32e-33	115
tr|A0A333FHM5|Release	GCF_004792415.1_WP_013356856.1	55.952	88	86	95	84	37	0	1	84	1	84	5.13e-33	114
tr|A0A333FHM5|Release	GCF_021733145.1_WP_012847629.1	61.628	88	86	98	86	33	0	1	86	1	86	5.92e-33	114
tr|A0A333FHM5|Release	GCF_003403135.1_WP_024104894.1	59.302	88	86	98	86	35	0	1	86	1	86	6.67e-33	114
tr|A0A333FHM5|Release	GCF_019090985.1_WP_036781226.1	63.636	88	88	100	88	32	0	1	88	1	88	7.79e-33	114
tr|A0A333FHM5|Release	GCF_020541225.1_WP_226811316.1	54.762	88	86	95	84	38	0	1	84	1	84	9.09e-33	114
tr|A0A333FHM5|Release	GCF_003812345.1_WP_121571778.1	31.818	88	94	99	88	59	1	1	87	1	88	1.46e-32	114
tr|A0A333FHM5|Release	GCF_902387845.1_WP_004237241.1	100.000	88	88	100	88	0	0	1	88	1	88	1.66e-32	113
tr|A0A333FHM5|Release	GCF_017348915.1_WP_040077077.1	67.442	88	86	98	86	28	0	1	86	1	86	1.93e-32	113
tr|A0A333FHM5|Release	GCF_000196475.1_WP_012776850.1	64.773	88	88	100	88	31	0	1	88	1	88	1.94e-32	113
tr|A0A333FHM5|Release	GCF_020683125.1_WP_133842177.1	57.955	88	88	99	88	36	1	1	87	1	88	3.31e-32	112
tr|A0A333FHM5|Release	GCF_000196155.1_WP_011145066.1	61.364	88	88	100	88	34	0	1	88	1	88	3.82e-32	112
tr|A0A333FHM5|Release	GCF_019048385.1_WP_062759648.1	55.952	88	86	95	84	37	0	1	84	1	84	4.02e-32	112
tr|A0A333FHM5|Release	GCF_022592395.1_WP_047255099.1	60.465	88	87	98	86	34	0	1	86	1	86	4.03e-32	112
tr|A0A333FHM5|Release	GCF_019844095.1_WP_062747070.1	56.818	88	88	99	88	37	1	1	87	1	88	4.66e-32	112
tr|A0A333FHM5|Release	GCF_025946765.1_WP_264497926.1	57.647	88	86	97	85	36	0	1	85	1	85	4.67e-32	112
tr|A0A333FHM5|Release	GCF_009646115.1_WP_008925644.1	55.952	88	86	95	84	37	0	1	84	1	84	5.98e-32	112
tr|A0A333FHM5|Release	GCF_008693605.1_WP_223849061.1	30.682	88	95	99	88	60	1	1	87	2	89	6.22e-32	112
tr|A0A333FHM5|Release	GCF_019047765.1_WP_040230035.1	66.279	88	86	98	86	29	0	1	86	1	86	6.27e-32	112
tr|A0A333FHM5|Release	GCF_000091565.1_WP_004159420.1	52.874	88	87	99	87	41	0	1	87	1	87	7.14e-32	112
tr|A0A333FHM5|Release	GCF_003204135.1_WP_004908806.1	59.302	88	87	98	86	35	0	1	86	1	86	7.25e-32	112
tr|A0A333FHM5|Release	GCF_004353845.1_WP_103770713.1	31.818	88	93	99	88	59	1	1	87	1	88	1.05e-31	111
tr|A0A333FHM5|Release	GCF_900475855.1_WP_068441311.1	59.302	88	87	98	86	35	0	1	86	1	86	1.12e-31	111
tr|A0A333FHM5|Release	GCF_000261045.2_WP_006318653.1	54.023	88	87	99	87	40	0	1	87	1	87	1.33e-31	111
tr|A0A333FHM5|Release	GCF_900638135.1_WP_012146468.1	52.874	88	87	99	87	41	0	1	87	1	87	1.37e-31	111
tr|A0A333FHM5|Release	GCF_020342335.1_WP_067428135.1	52.874	88	87	99	87	41	0	1	87	1	87	1.67e-31	110
tr|A0A333FHM5|Release	GCF_020268605.1_WP_180560445.1	62.500	88	88	100	88	33	0	1	88	1	88	1.71e-31	110
tr|A0A333FHM5|Release	GCF_013460135.1_WP_180816665.1	62.500	88	88	100	88	33	0	1	88	1	88	1.83e-31	110
tr|A0A333FHM5|Release	GCF_002843235.3_WP_102139922.1	59.302	88	87	98	86	35	0	1	86	1	86	1.85e-31	110
tr|A0A333FHM5|Release	GCF_004768525.1_WP_026822068.1	63.636	88	88	100	88	32	0	1	88	1	88	1.87e-31	110
tr|A0A333FHM5|Release	GCF_022647325.1_WP_111140597.1	54.762	88	86	95	84	38	0	1	84	1	84	2.00e-31	110
tr|A0A333FHM5|Release	GCF_009831665.3_WP_006709226.1	49.425	88	87	99	87	44	0	1	87	1	87	2.41e-31	110
tr|A0A333FHM5|Release	GCF_002393505.1_WP_006658392.1	59.302	88	87	98	86	35	0	1	86	1	86	2.71e-31	110
tr|A0A333FHM5|Release	GCF_029277985.1_WP_154623766.1	59.302	88	87	98	86	35	0	1	86	1	86	2.96e-31	110
tr|A0A333FHM5|Release	GCF_002952315.1_WP_012667243.1	49.425	88	87	99	87	44	0	1	87	1	87	3.91e-31	110
tr|A0A333FHM5|Release	GCF_021365465.1_WP_016190321.1	57.471	88	87	99	87	37	0	1	87	1	87	4.40e-31	110
tr|A0A333FHM5|Release	GCF_017743015.1_WP_209027287.1	62.791	88	88	98	86	32	0	1	86	1	86	9.02e-31	109
tr|A0A333FHM5|Release	GCF_000214235.1_WP_004952197.1	54.118	88	85	97	85	39	0	3	87	1	85	9.47e-31	109
tr|A0A333FHM5|Release	GCF_002504285.1_WP_005282992.1	62.791	88	86	98	86	32	0	1	86	1	86	9.72e-31	109
tr|A0A333FHM5|Release	GCF_000069965.1_WP_004245453.1	57.831	88	86	94	83	35	0	1	83	1	83	9.88e-31	109
tr|A0A333FHM5|Release	GCF_000517405.1_WP_038469034.1	56.250	88	83	91	80	35	0	5	84	2	81	9.98e-31	109
tr|A0A333FHM5|Release	GCF_011045835.1_WP_075671674.1	57.831	88	86	94	83	35	0	1	83	1	83	1.34e-30	108
tr|A0A333FHM5|Release	GCF_001006005.1_WP_223499701.1	52.941	88	85	97	85	40	0	3	87	1	85	1.97e-30	108
tr|A0A333FHM5|Release	GCF_000968195.1_WP_045972480.1	59.770	88	87	98	87	34	1	1	86	1	87	2.37e-30	108
tr|A0A333FHM5|Release	GCF_008693645.1_WP_137347870.1	31.818	88	89	99	88	59	1	1	87	1	88	2.64e-30	108
tr|A0A333FHM5|Release	GCF_008364325.2_WP_230090436.1	55.294	88	85	97	85	38	0	3	87	1	85	3.20e-30	107
tr|A0A333FHM5|Release	GCF_022369495.1_WP_072064250.1	56.627	88	86	94	83	36	0	1	83	1	83	3.61e-30	107
tr|A0A333FHM5|Release	GCF_016026395.1_WP_024524235.1	61.628	88	86	98	86	33	0	1	86	1	86	4.06e-30	107
tr|A0A333FHM5|Release	GCF_001721185.1_WP_069317984.1	63.953	88	87	98	86	31	0	1	86	1	86	5.73e-30	107
tr|A0A333FHM5|Release	GCF_002355475.1_WP_004421315.1	34.524	88	91	94	84	54	1	3	85	1	84	8.54e-30	106
tr|A0A333FHM5|Release	GCF_004295645.1_WP_228350951.1	62.500	88	88	99	88	32	1	1	87	1	88	9.78e-30	106
tr|A0A333FHM5|Release	GCF_005671395.1_WP_138095872.1	60.256	88	86	89	78	31	0	1	78	1	78	1.47e-29	106
tr|A0A333FHM5|Release	GCF_013200955.2_WP_173204463.1	32.143	88	91	94	84	56	1	3	85	1	84	1.73e-29	106
tr|A0A333FHM5|Release	GCF_003074995.2_WP_015870269.1	56.977	88	86	98	86	37	0	1	86	1	86	1.87e-29	105
tr|A0A333FHM5|Release	GCF_900478135.1_WP_111739359.1	63.636	88	88	99	88	31	1	1	87	1	88	1.97e-29	105
tr|A0A333FHM5|Release	GCF_001597285.1_WP_061903727.1	35.802	88	92	91	81	51	1	6	85	3	83	2.75e-29	105
tr|A0A333FHM5|Release	GCF_017329545.1_WP_047884589.1	27.586	88	95	98	87	62	1	3	88	1	87	3.64e-29	105
tr|A0A333FHM5|Release	GCF_003096015.2_WP_230514010.1	62.500	88	88	99	88	32	1	1	87	1	88	3.99e-29	105
tr|A0A333FHM5|Release	GCF_013423785.1_WP_180308358.1	32.955	88	88	100	88	59	0	1	88	1	88	4.76e-29	104
tr|A0A333FHM5|Release	GCF_004684345.1_WP_135321947.1	31.461	88	93	100	89	60	1	1	88	1	89	4.89e-29	105
tr|A0A333FHM5|Release	GCF_000968175.1_WP_045959360.1	59.770	88	88	98	87	34	1	1	86	1	87	6.48e-29	104
tr|A0A333FHM5|Release	GCF_900638655.1_WP_047781753.1	60.227	88	88	99	88	34	1	1	87	1	88	7.78e-29	104
tr|A0A333FHM5|Release	GCF_014295015.1_WP_013185414.1	62.069	88	87	98	87	32	1	1	86	1	87	7.83e-29	104
tr|A0A333FHM5|Release	GCF_004116975.1_WP_064720954.1	60.241	88	86	94	83	33	0	1	83	1	83	1.42e-28	103
tr|A0A333FHM5|Release	GCF_024205225.1_WP_195881696.1	30.488	88	90	92	82	56	1	5	85	2	83	2.34e-28	103
tr|A0A333FHM5|Release	GCF_000733715.2_WP_017362912.1	31.707	88	90	92	82	55	1	5	85	2	83	3.43e-28	102
tr|A0A333FHM5|Release	GCF_008807375.1_WP_151138908.1	32.143	88	91	94	84	56	1	3	85	1	84	3.69e-28	102
tr|A0A333FHM5|Release	GCF_000297075.2_WP_003461742.1	31.707	88	90	92	82	55	1	5	85	2	83	3.83e-28	102
tr|A0A333FHM5|Release	GCF_001708425.1_WP_055136127.1	32.927	88	94	92	82	54	1	5	85	2	83	7.79e-28	101
tr|A0A333FHM5|Release	GCF_013409125.2_WP_099525265.1	31.707	88	90	92	82	55	1	5	85	2	83	9.11e-28	101
tr|A0A333FHM5|Release	GCF_001594225.2_WP_064379396.1	32.927	88	92	92	82	54	1	5	85	2	83	1.03e-27	101
tr|A0A333FHM5|Release	GCF_025402875.1_WP_011791024.1	28.049	88	90	92	82	58	1	5	85	2	83	1.13e-27	101
tr|A0A333FHM5|Release	GCF_011397855.1_WP_044414183.1	32.927	88	90	92	82	54	1	5	85	2	83	1.40e-27	101
tr|A0A333FHM5|Release	GCF_900682675.2_WP_069898892.1	34.146	88	94	92	82	53	1	5	85	2	83	1.62e-27	101
tr|A0A333FHM5|Release	GCF_019047765.1_WP_040231149.1	27.273	88	89	99	88	63	1	1	87	1	88	2.01e-27	100
tr|A0A333FHM5|Release	GCF_021029445.1_WP_230924827.1	29.630	88	89	92	81	57	0	5	85	2	82	2.25e-27	100
tr|A0A333FHM5|Release	GCF_017167985.1_WP_079784061.1	32.927	88	90	92	82	54	1	5	85	2	83	6.13e-27	99.4
tr|A0A333FHM5|Release	GCF_017167985.1_WP_093053415.1	31.707	88	92	92	82	55	1	5	85	2	83	6.16e-27	99.4
tr|A0A333FHM5|Release	GCF_024347355.1_WP_105024956.1	23.750	88	83	90	80	60	1	9	87	1	80	1.22e-26	98.6
tr|A0A333FHM5|Release	GCF_017915135.1_WP_210390879.1	31.707	88	90	92	82	55	1	5	85	2	83	1.76e-26	98.3
tr|A0A333FHM5|Release	GCF_000178875.2_WP_012197738.1	32.911	88	90	89	79	52	1	5	82	2	80	2.00e-26	98.3
tr|A0A333FHM5|Release	GCF_024971755.1_WP_259474826.1	31.707	88	88	92	82	55	1	5	85	2	83	2.35e-26	98.0
tr|A0A333FHM5|Release	GCF_002204915.1_WP_052690899.1	22.500	88	101	90	80	61	1	9	87	20	99	2.68e-26	98.0
tr|A0A333FHM5|Release	GCF_016834455.1_WP_203325205.1	31.707	88	86	92	82	55	1	5	85	2	83	3.46e-26	97.5
tr|A0A333FHM5|Release	GCF_012767755.2_WP_173176508.1	31.707	88	91	92	82	52	2	5	85	2	80	3.58e-26	97.5
tr|A0A333FHM5|Release	GCF_003957745.1_WP_126168493.1	32.927	88	87	92	82	54	1	5	85	2	83	7.50e-26	96.6
tr|A0A333FHM5|Release	GCF_009938225.1_WP_075649723.1	26.250	88	82	90	80	58	1	9	87	1	80	7.79e-26	96.6
tr|A0A333FHM5|Release	GCF_002355475.1_WP_003455993.1	28.750	88	90	90	80	56	1	7	85	2	81	1.20e-25	96.3
tr|A0A333FHM5|Release	GCF_006742785.1_WP_172630283.1	23.171	88	88	92	82	62	1	8	88	3	84	1.26e-25	96.1
tr|A0A333FHM5|Release	GCF_008033135.1_WP_148717358.1	27.160	88	87	92	81	59	0	5	85	2	82	1.43e-25	96.1
tr|A0A333FHM5|Release	GCF_000015245.1_WP_011761423.1	31.707	88	86	92	82	55	1	5	85	2	83	1.54e-25	95.8
tr|A0A333FHM5|Release	GCF_024347475.1_WP_239840920.1	22.500	88	83	90	80	61	1	9	87	1	80	2.09e-25	95.5
tr|A0A333FHM5|Release	GCF_022371215.1_WP_239718047.1	23.750	88	83	90	80	60	1	9	87	1	80	2.76e-25	95.2
tr|A0A333FHM5|Release	GCF_024346675.1_WP_048897676.1	22.619	88	86	94	84	64	1	3	85	1	84	4.84e-25	94.7
tr|A0A333FHM5|Release	GCF_009938185.1_WP_162048373.1	23.750	88	82	90	80	60	1	9	87	1	80	5.59e-25	94.4
tr|A0A333FHM5|Release	GCF_008807375.1_WP_151133519.1	26.250	88	90	90	80	58	1	7	85	2	81	7.67e-25	94.1
tr|A0A333FHM5|Release	GCF_008329985.2_WP_149283950.1	25.926	88	81	91	81	59	1	9	88	1	81	8.43e-25	93.8
tr|A0A333FHM5|Release	GCF_014905115.1_WP_193151849.1	28.750	88	81	90	80	56	1	9	87	1	80	9.58e-25	93.8
tr|A0A333FHM5|Release	GCF_001558415.2_WP_061055374.1	23.750	88	83	90	80	60	1	9	87	1	80	1.28e-24	93.5
tr|A0A333FHM5|Release	GCF_017354925.1_WP_207321174.1	32.911	88	87	89	79	52	1	5	82	2	80	1.30e-24	93.5
tr|A0A333FHM5|Release	GCF_019670125.1_WP_221076876.1	25.926	88	81	91	81	59	1	9	88	1	81	1.57e-24	93.3
tr|A0A333FHM5|Release	GCF_019670705.1_WP_100146025.1	32.927	88	92	92	82	54	1	5	85	2	83	1.79e-24	93.3
tr|A0A333FHM5|Release	GCF_014524625.1_WP_009050814.1	23.171	88	92	92	82	62	1	5	85	2	83	1.94e-24	93.3
tr|A0A333FHM5|Release	GCF_012767755.2_WP_173171843.1	28.049	88	90	92	82	58	1	5	85	2	83	2.21e-24	93.0
tr|A0A333FHM5|Release	GCF_009730655.1_WP_156020461.1	32.927	88	92	92	82	54	1	5	85	2	83	2.40e-24	93.0
tr|A0A333FHM5|Release	GCF_000009145.1_WP_041356315.1	23.750	88	90	90	80	60	1	10	88	6	85	2.61e-24	93.0
tr|A0A333FHM5|Release	GCF_017354965.1_WP_207380278.1	32.911	88	87	89	79	52	1	5	82	2	80	3.50e-24	92.4
tr|A0A333FHM5|Release	GCF_002407485.1_WP_096780111.1	26.250	88	81	90	80	58	1	9	87	1	80	3.61e-24	92.4
tr|A0A333FHM5|Release	GCF_001007875.1_WP_046858354.1	25.000	88	80	90	80	59	1	9	87	1	80	5.62e-24	91.8
tr|A0A333FHM5|Release	GCF_002215585.1_WP_088903590.1	30.000	88	89	91	80	56	0	6	85	3	82	1.06e-23	91.3
tr|A0A333FHM5|Release	GCF_009938205.1_WP_075706454.1	26.250	88	82	90	80	58	1	9	87	1	80	1.06e-23	91.0
tr|A0A333FHM5|Release	GCF_001558255.2_WP_005504861.1	25.610	88	82	91	82	59	2	9	88	1	82	1.10e-23	91.0
tr|A0A333FHM5|Release	GCF_003025345.2_WP_003155955.1	31.034	88	91	92	87	54	1	5	85	2	88	1.12e-23	91.3
tr|A0A333FHM5|Release	GCF_001007935.1_WP_046849946.1	19.753	88	84	91	81	64	1	8	87	4	84	1.18e-23	91.0
tr|A0A333FHM5|Release	GCF_020991025.1_WP_152109250.1	43.243	88	83	83	74	41	1	3	75	1	74	1.26e-23	91.0
tr|A0A333FHM5|Release	GCF_019670105.1_WP_040307707.1	22.222	88	81	91	81	62	1	9	88	1	81	1.29e-23	91.0
tr|A0A333FHM5|Release	GCF_019669905.1_WP_054759186.1	24.691	88	79	91	81	56	2	8	87	3	79	1.45e-23	90.7
tr|A0A333FHM5|Release	GCF_009068765.1_WP_151900329.1	26.250	88	81	90	80	58	1	9	87	1	80	1.57e-23	90.7
tr|A0A333FHM5|Release	GCF_024347655.1_WP_060467732.1	21.250	88	83	90	80	62	1	9	87	1	80	1.61e-23	90.7
tr|A0A333FHM5|Release	GCF_002214395.1_WP_010453422.1	20.988	88	81	91	81	63	1	9	88	1	81	1.69e-23	90.7
tr|A0A333FHM5|Release	GCF_000214665.1_WP_013819542.1	22.785	88	83	89	79	59	2	10	87	6	83	1.75e-23	90.7
tr|A0A333FHM5|Release	GCF_024347635.1_WP_139683960.1	22.500	88	83	90	80	61	1	9	87	1	80	2.58e-23	90.2
tr|A0A333FHM5|Release	GCF_024347035.1_WP_102941394.1	25.000	88	81	90	80	59	1	9	87	1	80	2.80e-23	90.2
tr|A0A333FHM5|Release	GCF_029457395.1_WP_024766443.1	28.736	88	92	93	87	57	1	5	86	2	88	2.88e-23	90.2
tr|A0A333FHM5|Release	GCF_024347595.1_WP_176681244.1	25.000	88	83	90	80	59	1	9	87	1	80	3.00e-23	89.9
tr|A0A333FHM5|Release	GCF_000091465.1_WP_004733849.1	21.250	88	83	90	80	62	1	9	87	1	80	4.32e-23	89.6
tr|A0A333FHM5|Release	GCF_024347455.1_WP_135458404.1	21.250	88	83	90	80	62	1	9	87	1	80	4.67e-23	89.6
tr|A0A333FHM5|Release	GCF_001995825.2_WP_017057338.1	21.250	88	83	90	80	62	1	9	87	1	80	5.57e-23	89.3
tr|A0A333FHM5|Release	GCF_002005305.1_WP_077753428.1	28.049	88	86	92	82	58	1	5	85	2	83	6.06e-23	89.3
tr|A0A333FHM5|Release	GCF_000968535.2_WP_014147785.1	27.160	88	84	91	81	57	2	8	87	4	83	8.10e-23	89.0
tr|A0A333FHM5|Release	GCF_014879975.1_WP_192888672.1	22.500	88	83	90	80	61	1	9	87	1	80	1.08e-22	88.5
tr|A0A333FHM5|Release	GCF_001831495.1_WP_068547707.1	25.000	88	81	90	80	59	1	9	87	1	80	1.19e-22	88.5
tr|A0A333FHM5|Release	GCF_024582835.1_WP_257083279.1	20.000	88	87	90	80	63	1	9	87	1	80	1.19e-22	88.5
tr|A0A333FHM5|Release	GCF_008369605.1_WP_000253074.1	25.000	88	81	90	80	59	1	9	87	1	80	1.35e-22	88.2
tr|A0A333FHM5|Release	GCF_024360925.2_WP_255188929.1	25.316	88	83	89	79	57	2	10	87	6	83	1.43e-22	88.2
tr|A0A333FHM5|Release	GCF_024362845.1_WP_255230807.1	22.222	88	82	91	81	62	1	9	88	1	81	1.59e-22	88.2
tr|A0A333FHM5|Release	GCF_003258315.1_WP_111337788.1	25.610	88	88	92	82	60	1	8	88	4	85	1.89e-22	88.2
tr|A0A333FHM5|Release	GCF_000014885.1_WP_020912292.1	29.412	88	87	95	85	59	1	5	88	2	86	1.90e-22	87.9
tr|A0A333FHM5|Release	GCF_900233005.1_WP_102521318.1	20.000	88	81	90	80	63	1	9	87	1	80	1.92e-22	87.9
tr|A0A333FHM5|Release	GCF_002849875.1_WP_232379112.1	26.744	88	113	93	86	59	1	6	87	28	113	2.63e-22	88.2
tr|A0A333FHM5|Release	GCF_000772105.1_WP_004748349.1	21.250	88	81	90	80	62	1	9	87	1	80	2.63e-22	87.6
tr|A0A333FHM5|Release	GCF_000785705.2_WP_036272019.1	24.359	88	82	89	78	58	1	10	87	6	82	2.70e-22	87.6
tr|A0A333FHM5|Release	GCF_012971725.1_WP_169940133.1	29.070	88	92	92	86	56	1	5	85	2	87	3.05e-22	87.6
tr|A0A333FHM5|Release	GCF_004328865.1_WP_104643907.1	31.250	88	83	90	80	54	1	9	87	1	80	3.20e-22	87.3
tr|A0A333FHM5|Release	GCF_024494545.1_WP_256384876.1	22.500	88	81	90	80	61	1	9	87	1	80	3.76e-22	87.1
tr|A0A333FHM5|Release	GCF_001596155.1_WP_068342236.1	23.596	88	90	97	89	60	4	3	87	1	85	4.41e-22	87.1
tr|A0A333FHM5|Release	GCF_000148645.1_WP_013347076.1	29.870	88	80	86	77	53	1	12	87	3	79	5.77e-22	86.8
tr|A0A333FHM5|Release	GCF_016026875.1_WP_045525981.1	30.435	88	89	78	69	45	1	5	73	2	67	6.55e-22	86.8
tr|A0A333FHM5|Release	GCF_001456255.1_WP_020335096.1	21.250	88	81	90	80	62	1	9	87	1	80	8.46e-22	86.2
tr|A0A333FHM5|Release	GCF_020405345.1_WP_017780573.1	30.000	88	89	80	70	46	1	5	74	2	68	8.58e-22	86.5
tr|A0A333FHM5|Release	GCF_004358345.1_WP_121852852.1	32.877	88	76	82	73	48	1	3	74	1	73	1.16e-21	85.9
tr|A0A333FHM5|Release	GCF_003584645.1_WP_197716612.1	25.610	88	80	89	82	54	2	3	80	1	79	1.31e-21	85.7
tr|A0A333FHM5|Release	GCF_005877035.1_WP_039486662.1	31.250	88	83	90	80	54	1	9	87	1	80	1.31e-21	85.9
tr|A0A333FHM5|Release	GCF_002906475.1_WP_012130247.1	21.250	88	81	90	80	62	1	9	87	1	80	1.36e-21	85.7
tr|A0A333FHM5|Release	GCF_000238395.3_WP_010553578.1	30.000	88	83	90	80	55	1	9	87	1	80	1.40e-21	85.7
tr|A0A333FHM5|Release	GCF_024746855.1_WP_260492542.1	22.785	88	79	90	79	61	0	9	87	1	79	1.61e-21	85.7
tr|A0A333FHM5|Release	GCF_003668795.1_WP_054981706.1	30.000	88	83	90	80	55	1	9	87	1	80	1.68e-21	85.7
tr|A0A333FHM5|Release	GCF_001999225.1_WP_077537996.1	26.250	88	82	90	80	58	1	9	87	1	80	1.79e-21	85.4
tr|A0A333FHM5|Release	GCF_000770115.1_WP_069687890.1	22.500	88	81	90	80	61	1	9	87	1	80	1.80e-21	85.4
tr|A0A333FHM5|Release	GCF_019670485.1_WP_221071211.1	26.250	88	81	90	80	58	1	9	87	1	80	1.98e-21	85.4
tr|A0A333FHM5|Release	GCF_002021755.1_WP_005434844.1	22.500	88	81	90	80	61	1	9	87	1	80	2.16e-21	85.1
tr|A0A333FHM5|Release	GCF_024347495.1_WP_137371745.1	22.500	88	80	90	80	61	1	9	87	1	80	2.76e-21	84.8
tr|A0A333FHM5|Release	GCF_000016065.1_WP_011864074.1	28.049	88	93	92	82	57	2	5	85	2	82	2.92e-21	85.1
tr|A0A333FHM5|Release	GCF_002221525.1_WP_089349457.1	30.000	88	83	90	80	55	1	9	87	1	80	3.25e-21	84.8
tr|A0A333FHM5|Release	GCF_001677435.1_WP_068615618.1	29.870	88	90	85	77	51	3	3	77	1	76	3.53e-21	84.8
tr|A0A333FHM5|Release	GCF_005931095.1_WP_017839868.1	24.691	88	84	91	81	59	2	8	87	4	83	3.78e-21	84.5
tr|A0A333FHM5|Release	GCF_000014765.1_WP_011633385.1	20.732	88	89	92	82	64	1	8	88	3	84	3.97e-21	84.8
tr|A0A333FHM5|Release	GCF_000146165.2_WP_164925808.1	31.325	88	89	92	83	55	2	5	85	2	84	4.23e-21	84.5
tr|A0A333FHM5|Release	GCF_019797925.1_WP_193521737.1	25.316	88	80	90	79	59	0	9	87	1	79	4.55e-21	84.2
tr|A0A333FHM5|Release	GCF_020149575.1_WP_224431657.1	30.435	88	85	78	69	45	1	6	74	3	68	5.21e-21	84.2
tr|A0A333FHM5|Release	GCF_000019525.1_WP_012323084.1	26.923	88	81	88	78	56	1	9	85	1	78	5.88e-21	84.2
tr|A0A333FHM5|Release	GCF_003966655.1_WP_113527441.1	22.222	88	77	82	72	56	0	3	74	1	72	6.54e-21	84.0
tr|A0A333FHM5|Release	GCF_028355655.1_WP_087756847.1	29.412	88	84	77	68	45	1	6	73	3	67	6.60e-21	84.0
tr|A0A333FHM5|Release	GCF_020423125.1_WP_226170850.1	28.986	88	84	78	69	46	1	6	74	3	68	8.18e-21	83.7
tr|A0A333FHM5|Release	GCF_013462805.1_WP_009566961.1	22.222	88	77	82	72	56	0	3	74	1	72	8.30e-21	83.7
tr|A0A333FHM5|Release	GCF_000024825.1_WP_005460845.1	22.500	88	81	90	80	61	1	9	87	1	80	9.17e-21	83.7
tr|A0A333FHM5|Release	GCF_001020955.1_WP_047250467.1	29.630	88	82	88	81	53	2	1	77	1	81	1.02e-20	83.4
tr|A0A333FHM5|Release	GCF_024347675.1_WP_261835500.1	27.500	88	81	90	80	57	1	9	87	1	80	1.08e-20	83.4
tr|A0A333FHM5|Release	GCF_006337165.1_WP_139515111.1	32.099	88	82	86	81	47	2	3	78	1	78	1.20e-20	83.4
tr|A0A333FHM5|Release	GCF_009363415.1_WP_152430616.1	20.000	88	84	90	80	63	1	9	87	1	80	2.76e-20	82.6
tr|A0A333FHM5|Release	GCF_000801295.1_WP_171816254.1	30.380	88	99	86	79	52	1	1	76	1	79	2.93e-20	82.6
tr|A0A333FHM5|Release	GCF_027625995.1_WP_270126807.1	29.630	88	82	86	81	49	2	3	78	1	78	3.02e-20	82.3
tr|A0A333FHM5|Release	GCF_002887615.1_WP_038869703.1	21.250	88	81	90	80	62	1	9	87	1	80	4.64e-20	81.7
tr|A0A333FHM5|Release	GCF_001507645.1_WP_068195976.1	24.444	88	90	98	90	61	2	3	88	1	87	5.56e-20	81.7
tr|A0A333FHM5|Release	GCF_008931805.1_WP_019441510.1	23.750	88	81	90	80	60	1	9	87	1	80	5.75e-20	81.7
tr|A0A333FHM5|Release	GCF_001455205.1_WP_062560013.1	25.316	88	84	89	79	57	2	10	87	6	83	5.86e-20	81.7
tr|A0A333FHM5|Release	GCF_006364355.1_WP_004727652.1	26.250	88	83	90	80	58	1	9	87	1	80	6.19e-20	81.4
tr|A0A333FHM5|Release	GCF_016127195.1_WP_042032742.1	27.941	88	89	77	68	46	1	6	73	3	67	6.45e-20	81.7
tr|A0A333FHM5|Release	GCF_900637545.1_WP_042651794.1	31.429	88	84	80	70	45	1	5	74	2	68	6.82e-20	81.4
tr|A0A333FHM5|Release	GCF_003515105.1_WP_036973086.1	38.028	88	73	80	71	43	1	6	75	2	72	7.60e-20	81.2
tr|A0A333FHM5|Release	GCF_001431725.1_WP_021820278.1	20.000	88	81	90	80	63	1	9	87	1	80	8.02e-20	81.2
tr|A0A333FHM5|Release	GCF_013283835.1_WP_071626507.1	24.675	88	83	84	77	52	2	3	76	1	74	8.57e-20	81.2
tr|A0A333FHM5|Release	GCF_003568825.1_WP_040644076.1	21.687	88	83	90	83	61	1	9	87	1	83	1.13e-19	80.9
tr|A0A333FHM5|Release	GCF_019977755.1_WP_126608378.1	25.581	88	103	90	86	57	2	8	86	14	99	1.18e-19	81.2
tr|A0A333FHM5|Release	GCF_008728635.1_WP_151087836.1	19.101	88	90	97	89	64	4	3	87	1	85	1.61e-19	80.6
tr|A0A333FHM5|Release	GCF_008364325.2_WP_020826409.1	23.171	88	84	92	82	59	2	5	85	2	80	1.74e-19	80.3
tr|A0A333FHM5|Release	GCF_008693705.1_WP_127008315.1	29.412	88	84	77	68	45	1	6	73	3	67	1.84e-19	80.3
tr|A0A333FHM5|Release	GCF_017638925.1_WP_208844867.1	25.974	88	81	88	77	57	0	9	85	1	77	2.02e-19	80.3
tr|A0A333FHM5|Release	GCF_019703835.1_WP_087020305.1	25.974	88	79	88	77	54	1	12	88	3	76	2.14e-19	80.0
tr|A0A333FHM5|Release	GCF_004001245.1_WP_127478562.1	30.864	88	85	86	81	51	2	1	76	1	81	2.16e-19	80.3
tr|A0A333FHM5|Release	GCF_004355185.1_WP_133271280.1	34.177	88	81	84	79	44	2	5	78	2	77	2.18e-19	80.0
tr|A0A333FHM5|Release	GCF_003990335.1_WP_127025819.1	21.429	88	91	80	70	55	0	11	80	7	76	2.42e-19	80.3
tr|A0A333FHM5|Release	GCF_003574965.1_WP_119445661.1	30.864	88	82	86	81	48	2	3	78	1	78	2.79e-19	79.7
tr|A0A333FHM5|Release	GCF_000576555.1_WP_044000633.1	31.250	88	83	85	80	47	2	4	78	3	79	2.80e-19	79.7
tr|A0A333FHM5|Release	GCF_010093065.1_WP_238430213.1	25.926	88	83	88	81	53	2	1	77	2	79	3.36e-19	79.7
tr|A0A333FHM5|Release	GCF_014169735.1_WP_134997272.1	24.638	88	86	78	69	49	1	6	74	3	68	3.43e-19	79.7
tr|A0A333FHM5|Release	GCF_008632455.1_WP_150048082.1	23.457	88	84	91	81	60	2	9	88	5	84	3.61e-19	79.7
tr|A0A333FHM5|Release	GCF_013137895.1_WP_135435790.1	31.707	88	83	88	82	47	3	1	77	1	78	4.80e-19	79.2
tr|A0A333FHM5|Release	GCF_022811645.1_WP_243511723.1	23.596	88	90	97	89	60	3	3	87	1	85	5.43e-19	79.2
tr|A0A333FHM5|Release	GCF_002157895.1_WP_227874980.1	23.457	88	82	91	81	61	1	9	88	2	82	5.76e-19	79.2
tr|A0A333FHM5|Release	GCF_020844025.1_WP_215848879.1	22.222	88	77	82	72	56	0	3	74	1	72	6.25e-19	78.9
tr|A0A333FHM5|Release	GCF_003015165.1_WP_106887831.1	27.536	88	84	78	69	47	1	6	74	3	68	7.93e-19	78.6
tr|A0A333FHM5|Release	GCF_003149515.1_WP_109656005.1	21.348	88	90	97	89	62	3	3	87	1	85	8.53e-19	78.9
tr|A0A333FHM5|Release	GCF_009662475.1_WP_031573754.1	23.529	88	79	77	68	52	0	3	70	1	68	8.74e-19	78.6
tr|A0A333FHM5|Release	GCF_022827545.1_WP_243798205.1	32.099	88	82	86	81	47	2	3	78	1	78	9.42e-19	78.6
tr|A0A333FHM5|Release	GCF_016026615.1_WP_197928313.1	27.941	88	89	77	68	46	1	6	73	3	67	9.75e-19	78.6
tr|A0A333FHM5|Release	GCF_012295615.1_WP_007018284.1	17.500	88	81	90	80	65	1	9	87	1	80	9.79e-19	78.3
tr|A0A333FHM5|Release	GCF_009755585.1_WP_157030071.1	23.171	88	85	89	82	56	2	3	80	1	79	1.32e-18	78.3
tr|A0A333FHM5|Release	GCF_000940995.1_WP_082060442.1	22.989	88	93	98	87	66	1	3	88	1	87	1.65e-18	78.1
tr|A0A333FHM5|Release	GCF_002762215.1_WP_085750011.1	26.316	88	87	82	76	49	3	4	75	3	75	1.73e-18	78.1
tr|A0A333FHM5|Release	GCF_002215215.1_WP_088918776.1	33.333	88	101	94	84	54	2	5	87	15	97	1.90e-18	78.1
tr|A0A333FHM5|Release	GCF_003967195.1_WP_172597571.1	30.000	88	83	85	80	51	2	3	77	2	81	2.10e-18	77.8
tr|A0A333FHM5|Release	GCF_000024005.1_WP_012793320.1	27.381	88	84	91	84	54	2	2	81	3	83	3.45e-18	77.2
tr|A0A333FHM5|Release	GCF_026427595.1_WP_251812951.1	24.691	88	88	86	81	56	2	12	87	7	87	3.91e-18	76.9
tr|A0A333FHM5|Release	GCF_013177675.1_WP_172128285.1	23.377	88	81	84	77	53	2	3	76	1	74	4.02e-18	76.9
tr|A0A333FHM5|Release	GCF_010093065.1_WP_162331416.1	24.390	88	84	89	82	55	2	4	81	5	83	6.56e-18	76.4
tr|A0A333FHM5|Release	GCF_007197555.1_WP_144048375.1	28.409	88	94	92	88	56	2	5	85	2	89	9.60e-18	76.1
tr|A0A333FHM5|Release	GCF_003346815.1_WP_114840342.1	24.051	88	82	86	79	54	2	3	78	1	76	1.09e-17	75.8
tr|A0A333FHM5|Release	GCF_013343005.1_WP_078482823.1	28.395	88	84	86	81	53	2	3	78	1	81	1.38e-17	75.5
tr|A0A333FHM5|Release	GCF_000019185.1_WP_012277931.1	19.192	88	100	90	99	60	2	9	87	1	99	1.39e-17	75.8
tr|A0A333FHM5|Release	GCF_004214795.1_WP_130234502.1	21.795	88	78	85	78	55	2	3	77	1	75	1.52e-17	75.2
tr|A0A333FHM5|Release	GCF_000021985.1_WP_012639500.1	32.432	88	82	78	74	45	2	3	71	1	74	1.70e-17	75.2
tr|A0A333FHM5|Release	GCF_902810445.1_WP_197744199.1	22.078	88	78	83	77	53	3	5	77	2	75	2.13e-17	75.0
tr|A0A333FHM5|Release	GCF_000212735.1_WP_013764159.1	26.582	88	83	85	79	51	2	1	75	1	76	2.47e-17	75.0
tr|A0A333FHM5|Release	GCF_003353065.1_WP_114983154.1	27.632	88	84	82	76	48	3	1	72	1	73	2.51e-17	75.0
tr|A0A333FHM5|Release	GCF_000788395.1_WP_038641921.1	25.676	88	85	83	74	54	1	8	80	3	76	4.52e-17	74.4
tr|A0A333FHM5|Release	GCF_013201725.1_WP_014475480.1	25.974	88	74	84	77	51	2	3	76	1	74	4.62e-17	74.1
tr|A0A333FHM5|Release	GCF_002142475.1_WP_026148861.1	30.263	88	86	82	76	46	2	5	76	2	74	5.14e-17	74.1
tr|A0A333FHM5|Release	GCF_013177635.1_WP_129095542.1	22.973	88	72	81	74	51	2	3	73	1	71	5.37e-17	73.8
tr|A0A333FHM5|Release	GCF_018736065.1_WP_144074266.1	32.353	88	76	77	68	42	2	7	74	10	73	5.42e-17	73.8
tr|A0A333FHM5|Release	GCF_000828615.1_WP_041064380.1	27.500	88	80	85	80	53	3	1	75	1	80	5.93e-17	73.8
tr|A0A333FHM5|Release	GCF_001651805.1_WP_067384150.1	33.803	88	78	75	71	42	3	7	72	4	74	6.36e-17	73.8
tr|A0A333FHM5|Release	GCF_003970675.1_WP_126615366.1	33.824	88	76	77	68	41	2	7	74	10	73	7.27e-17	73.6
tr|A0A333FHM5|Release	GCF_002355415.1_WP_148665551.1	30.137	88	87	78	73	47	2	6	74	13	85	8.56e-17	73.6
tr|A0A333FHM5|Release	GCF_003346775.1_WP_114843067.1	24.675	88	84	84	77	52	2	3	76	1	74	1.06e-16	73.3
tr|A0A333FHM5|Release	GCF_013201935.1_WP_129014602.1	22.973	88	72	81	74	51	2	3	73	1	71	1.34e-16	72.7
tr|A0A333FHM5|Release	GCF_002355735.1_WP_096359192.1	25.000	88	83	82	76	53	2	4	75	7	82	1.66e-16	72.7
tr|A0A333FHM5|Release	GCF_003544915.1_WP_118918525.1	25.333	88	73	82	75	50	2	3	74	1	72	1.67e-16	72.7
tr|A0A333FHM5|Release	GCF_009938015.1_WP_223264517.1	29.114	88	90	84	79	51	3	1	74	1	79	1.73e-16	73.0
tr|A0A333FHM5|Release	GCF_001955715.1_WP_029708890.1	24.675	88	80	83	77	51	2	5	77	2	75	2.29e-16	72.4
tr|A0A333FHM5|Release	GCF_002557795.1_WP_098194977.1	22.892	88	89	86	83	54	3	1	76	1	80	2.78e-16	72.4
tr|A0A333FHM5|Release	GCF_002157225.2_WP_086934278.1	26.389	88	80	82	72	53	0	10	81	5	76	3.10e-16	72.2
tr|A0A333FHM5|Release	GCF_004028275.1_WP_128384077.1	22.973	88	77	80	74	53	2	9	78	2	75	3.19e-16	71.9
tr|A0A333FHM5|Release	GCF_016613475.2_WP_200606805.1	23.750	88	90	85	80	53	3	1	75	1	77	3.47e-16	72.2
tr|A0A333FHM5|Release	GCF_010119975.1_WP_162445115.1	23.750	88	365	86	80	53	2	4	79	8	83	3.73e-16	76.7
tr|A0A333FHM5|Release	GCF_015209785.1_WP_193988300.1	39.706	88	73	76	68	40	1	6	72	2	69	5.13e-16	71.3
tr|A0A333FHM5|Release	GCF_002218045.2_WP_089137819.1	38.356	88	79	78	73	41	2	6	74	5	77	6.22e-16	71.3
tr|A0A333FHM5|Release	GCF_003063625.1_WP_108601906.1	37.705	88	85	69	61	38	0	10	70	5	65	6.41e-16	71.3
tr|A0A333FHM5|Release	GCF_001442805.1_WP_057942092.1	23.077	88	88	84	78	53	2	2	75	3	77	8.16e-16	71.0
tr|A0A333FHM5|Release	GCF_004421105.1_WP_134356453.1	21.795	88	80	84	78	54	3	5	78	2	76	8.83e-16	71.0
tr|A0A333FHM5|Release	GCF_020091585.1_WP_224339804.1	24.675	88	82	83	77	51	2	5	77	2	75	9.20e-16	71.0
tr|A0A333FHM5|Release	GCF_013201665.1_WP_128359868.1	18.750	88	81	88	80	59	2	3	79	1	77	1.00e-15	70.7
tr|A0A333FHM5|Release	GCF_000026085.1_WP_041454550.1	38.028	88	73	78	71	41	3	6	74	2	71	1.09e-15	70.5
tr|A0A333FHM5|Release	GCF_008807855.1_WP_063240334.1	24.359	88	83	84	78	52	2	2	75	3	77	1.54e-15	70.5
tr|A0A333FHM5|Release	GCF_005166025.1_WP_137090244.1	25.000	88	84	82	76	50	2	3	74	1	73	2.01e-15	70.2
tr|A0A333FHM5|Release	GCF_002356115.1_WP_096526481.1	18.182	88	78	83	77	56	2	5	77	2	75	2.06e-15	69.9
tr|A0A333FHM5|Release	GCF_008122265.1_WP_148863603.1	19.481	88	84	83	77	55	2	5	77	2	75	2.39e-15	69.9
tr|A0A333FHM5|Release	GCF_000143085.1_WP_013221711.1	23.684	88	82	82	76	51	3	6	77	3	75	3.69e-15	69.3
tr|A0A333FHM5|Release	GCF_000014785.1_WP_011630183.1	32.468	88	83	83	77	48	2	4	76	7	83	4.76e-15	69.1
tr|A0A333FHM5|Release	GCF_000321415.2_WP_015260329.1	32.955	88	93	95	88	53	3	1	84	1	86	5.40e-15	69.1
tr|A0A333FHM5|Release	GCF_024347195.1_WP_271272618.1	33.333	88	77	77	72	44	2	5	72	2	73	5.43e-15	68.8
tr|A0A333FHM5|Release	GCF_000014705.1_WP_011637758.1	21.687	88	88	89	83	60	2	9	86	3	85	7.84e-15	68.8
tr|A0A333FHM5|Release	GCF_000227685.2_WP_006746304.1	30.864	88	83	88	81	52	2	1	77	1	81	8.85e-15	68.5
tr|A0A333FHM5|Release	GCF_000012805.1_WP_011330264.1	22.368	88	85	82	76	52	3	6	77	3	75	9.30e-15	68.5
tr|A0A333FHM5|Release	GCF_000147355.1_WP_013326989.1	23.077	88	67	73	65	49	1	23	86	1	65	1.03e-14	67.9
tr|A0A333FHM5|Release	GCF_018389385.1_WP_218082190.1	21.795	88	91	84	78	54	2	2	75	13	87	1.05e-14	68.5
tr|A0A333FHM5|Release	GCF_001050135.1_WP_048644179.1	20.253	88	88	85	79	56	3	1	75	1	76	1.69e-14	67.7
tr|A0A333FHM5|Release	GCF_023733635.1_WP_039959400.1	27.397	88	89	77	73	48	2	5	72	2	74	1.75e-14	67.7
tr|A0A333FHM5|Release	GCF_003855395.1_WP_124730567.1	21.687	88	88	89	83	60	3	9	86	3	85	2.16e-14	67.7
tr|A0A333FHM5|Release	GCF_024347255.1_WP_091360415.1	27.397	88	79	77	73	48	2	5	72	2	74	2.23e-14	67.4
tr|A0A333FHM5|Release	GCF_024347275.1_WP_019620968.1	28.395	88	82	86	81	53	3	5	80	2	82	2.62e-14	67.1
tr|A0A333FHM5|Release	GCF_000092245.1_WP_013136435.1	28.767	88	76	80	73	46	2	7	76	2	71	2.65e-14	67.1
tr|A0A333FHM5|Release	GCF_004798725.1_WP_010811758.1	23.077	88	83	84	78	53	2	2	75	3	77	3.28e-14	67.1
tr|A0A333FHM5|Release	GCF_001956695.1_WP_076086034.1	20.270	88	77	80	74	52	2	7	76	2	72	3.77e-14	66.8
tr|A0A333FHM5|Release	GCF_000317125.1_WP_015155280.1	18.987	88	81	85	79	57	3	5	79	2	77	4.09e-14	66.8
tr|A0A333FHM5|Release	GCF_003955735.1_WP_126127786.1	23.077	88	91	84	78	53	3	2	75	4	78	5.33e-14	66.5
tr|A0A333FHM5|Release	GCF_019891175.1_WP_225938383.1	22.892	88	93	90	83	56	3	1	79	7	85	6.02e-14	66.5
tr|A0A333FHM5|Release	GCF_000018105.1_WP_012162738.1	12.500	88	86	95	88	68	3	5	88	2	84	9.99e-14	65.7
tr|A0A333FHM5|Release	GCF_003722295.1_WP_010573895.1	25.000	88	75	80	76	48	2	5	74	2	74	1.27e-13	65.4
tr|A0A333FHM5|Release	GCF_000012325.1_WP_011045621.1	29.851	88	84	76	67	47	0	10	76	5	71	1.44e-13	65.4
tr|A0A333FHM5|Release	GCF_000024725.1_WP_013031543.1	20.513	88	81	84	78	55	3	5	78	2	76	1.56e-13	65.1
tr|A0A333FHM5|Release	GCF_000018285.1_WP_012155987.1	19.192	88	102	88	99	58	2	9	85	1	99	1.96e-13	65.4
tr|A0A333FHM5|Release	GCF_013283835.1_WP_071625892.1	24.000	88	79	78	75	48	2	7	75	2	73	2.05e-13	64.8
tr|A0A333FHM5|Release	GCF_001956695.1_WP_076086043.1	24.675	88	77	84	77	52	2	5	78	2	75	2.41e-13	64.6
tr|A0A333FHM5|Release	GCF_024347215.1_WP_261843265.1	30.556	88	77	77	72	46	2	5	72	2	73	2.43e-13	64.6
tr|A0A333FHM5|Release	GCF_000265505.1_WP_014796533.1	23.529	88	97	84	85	54	2	4	77	3	87	2.56e-13	64.8
tr|A0A333FHM5|Release	GCF_000222485.1_WP_014022977.1	24.359	88	85	84	78	52	3	1	74	1	75	3.58e-13	64.3
tr|A0A333FHM5|Release	GCF_020511155.1_WP_226415657.1	17.647	88	87	91	85	65	2	8	87	3	87	3.65e-13	64.3
tr|A0A333FHM5|Release	GCF_000317575.1_WP_015193670.1	24.324	88	74	80	74	49	3	5	74	2	72	7.33e-13	63.4
tr|A0A333FHM5|Release	GCF_006385555.1_WP_140234395.1	27.711	88	87	89	83	55	2	8	85	2	84	1.12e-12	63.2
tr|A0A333FHM5|Release	GCF_013282625.1_WP_173286717.1	29.412	88	67	77	68	45	1	9	76	2	66	2.38e-12	62.0
tr|A0A333FHM5|Release	GCF_013201665.1_WP_128358834.1	23.611	88	76	78	72	49	2	7	75	2	70	2.80e-12	62.0
tr|A0A333FHM5|Release	GCF_013201935.1_WP_128987185.1	23.611	88	76	78	72	49	2	7	75	2	70	3.18e-12	61.7
tr|A0A333FHM5|Release	GCF_000238255.3_WP_010559905.1	23.171	88	86	92	82	60	2	8	88	3	82	3.61e-12	61.7
tr|A0A333FHM5|Release	GCF_000973725.1_WP_046311560.1	20.225	88	91	97	89	63	4	3	87	1	85	3.96e-12	61.7
tr|A0A333FHM5|Release	GCF_013177635.1_WP_129095951.1	23.611	88	76	78	72	49	2	7	75	2	70	4.70e-12	61.5
tr|A0A333FHM5|Release	GCF_003544815.1_WP_118886031.1	23.611	88	76	78	72	49	2	7	75	2	70	4.89e-12	61.2
tr|A0A333FHM5|Release	GCF_009937995.1_WP_179954406.1	24.359	88	79	83	78	54	2	5	77	2	79	7.75e-12	60.9
tr|A0A333FHM5|Release	GCF_001705075.2_WP_065970077.1	23.611	88	78	77	72	51	2	3	70	1	72	1.61e-11	60.1
tr|A0A333FHM5|Release	GCF_000006765.1_NP_249630.1	27.586	88	108	92	87	57	1	5	85	2	88	4.09e-11	59.5
tr|A0A333FHM5|Release	GCF_024347675.1_WP_261833361.1	34.091	88	54	50	44	29	0	9	52	1	44	4.64e-11	58.4
tr|A0A333FHM5|Release	GCF_011398355.1_WP_173270160.1	26.154	88	65	74	65	45	1	9	73	2	63	5.94e-11	58.4
tr|A0A333FHM5|Release	GCF_013177675.1_WP_172126669.1	25.000	88	77	78	72	48	2	7	75	2	70	6.60e-11	58.4
tr|A0A333FHM5|Release	GCF_021654855.1_WP_237262080.1	24.638	88	70	74	69	45	2	10	74	3	68	7.21e-11	58.1
tr|A0A333FHM5|Release	GCF_000013765.1_WP_011496543.1	21.687	88	106	89	83	60	2	10	87	23	105	7.93e-11	58.6
tr|A0A333FHM5|Release	GCF_001444405.1_WP_058032142.1	21.429	88	87	78	70	54	1	9	77	1	70	8.62e-11	58.4
tr|A0A333FHM5|Release	GCF_003346815.1_WP_114840344.1	25.000	88	84	83	76	51	2	5	77	2	74	9.68e-11	58.1
tr|A0A333FHM5|Release	GCF_004293625.1_WP_130538367.1	33.898	88	71	67	59	36	1	9	67	2	57	1.17e-10	57.8
tr|A0A333FHM5|Release	GCF_002309535.1_WP_096047558.1	23.944	88	88	77	71	48	2	9	76	4	71	1.46e-10	57.8
tr|A0A333FHM5|Release	GCF_009931655.1_WP_161888514.1	16.854	88	89	97	89	66	3	3	87	1	85	1.65e-10	57.5
tr|A0A333FHM5|Release	GCF_000568815.1_WP_025346049.1	22.222	88	76	78	72	50	2	8	76	3	71	2.12e-10	57.2
tr|A0A333FHM5|Release	GCF_017742995.1_WP_247749573.1	43.243	88	48	42	37	21	0	9	45	1	37	3.52e-10	56.1
tr|A0A333FHM5|Release	GCF_026278345.1_WP_266369249.1	20.732	88	90	89	82	57	4	5	82	2	79	4.25e-10	56.7
tr|A0A333FHM5|Release	GCF_001723605.1_WP_069479051.1	24.286	88	76	76	70	47	2	10	76	5	71	4.29e-10	56.4
tr|A0A333FHM5|Release	GCF_023650495.1_WP_250655372.1	18.824	88	88	91	85	64	2	8	87	3	87	6.99e-10	56.1
tr|A0A333FHM5|Release	GCF_000265295.1_WP_014770430.1	22.222	88	76	78	72	50	2	8	76	3	71	7.85e-10	55.6
tr|A0A333FHM5|Release	GCF_005281475.1_WP_137401239.1	23.377	88	81	84	77	53	3	6	79	2	75	9.20e-10	55.6
tr|A0A333FHM5|Release	GCF_013283835.1_WP_071628250.1	22.973	88	81	81	74	51	2	5	75	2	72	9.72e-10	55.6
tr|A0A333FHM5|Release	GCF_014217805.1_WP_185274331.1	15.294	88	91	92	85	64	3	5	85	6	86	1.14e-09	55.6
tr|A0A333FHM5|Release	GCF_011398355.1_WP_173270199.1	24.242	88	66	75	66	47	1	9	74	2	64	1.66e-09	54.7
tr|A0A333FHM5|Release	GCF_003967275.1_WP_197721837.1	27.027	88	78	80	74	50	3	3	72	1	74	3.99e-09	53.9
tr|A0A333FHM5|Release	GCF_006575665.1_WP_141613356.1	24.000	88	81	82	75	51	3	6	77	2	73	7.95e-09	53.3
tr|A0A333FHM5|Release	GCF_019931735.1_WP_223417223.1	18.293	88	87	88	82	62	3	10	86	4	85	1.65e-08	52.5
tr|A0A333FHM5|Release	GCF_011398155.1_WP_173291533.1	18.571	88	71	78	70	53	2	10	78	3	69	1.88e-08	52.2
tr|A0A333FHM5|Release	GCF_014075995.1_WP_182414414.1	14.943	88	91	94	87	66	3	3	85	4	86	2.36e-08	52.2
tr|A0A333FHM5|Release	GCF_003260975.1_WP_112783789.1	23.288	88	81	80	73	50	3	6	75	2	71	2.57e-08	51.9
tr|A0A333FHM5|Release	GCF_002116735.1_WP_041332374.1	16.667	88	86	84	78	58	2	4	77	7	81	2.57e-08	51.9
tr|A0A333FHM5|Release	GCF_000484535.1_WP_023173213.1	23.529	88	91	76	68	51	1	12	78	24	91	1.32e-07	50.2
tr|A0A333FHM5|Release	GCF_000242635.2_WP_014682426.1	22.059	88	83	73	68	46	2	14	77	11	75	1.51e-07	49.9
tr|A0A333FHM5|Release	GCF_021018745.1_WP_230843504.1	25.373	88	92	75	67	49	1	12	77	24	90	5.65e-07	48.5
tr|A0A333FHM5|Release	GCF_000011385.1_WP_011141833.1	25.373	88	92	75	67	49	1	12	77	24	90	1.29e-06	47.7
tr|A0A333FHM5|Release	GCF_001027285.1_WP_047859305.1	26.531	88	80	56	49	36	0	12	60	12	60	1.36e-06	47.4
tr|A0A333FHM5|Release	GCF_011764585.1_WP_188200227.1	28.571	88	63	58	56	35	2	23	73	2	57	1.86e-06	46.8
tr|A0A333FHM5|Release	GCF_000325705.1_WP_015264554.1	21.127	88	77	77	71	50	3	10	77	6	73	1.47e-04	42.3
tr|A0A333FHM5|Release	GCF_003143555.1_WP_109340539.1	17.333	88	84	82	75	59	1	12	83	5	79	1.74e-04	42.1
tr|A0A333FHM5|Release	GCF_003945325.1_WP_125566010.1	25.714	88	327	72	70	44	4	24	86	165	233	7.83e-04	42.9
tr|A0A333FHM5|Release	GCF_010119975.1_WP_162441452.1	14.444	88	89	98	90	69	3	3	88	1	86	8.77e-04	40.4
tr|A0A333FHM5|Release	GCF_010119975.1_WP_162443195.1	16.667	88	91	98	90	67	3	3	88	1	86	0.001	40.4
tr|A0A333FHM5|Release	GCF_009937995.1_WP_162085741.1	20.779	88	82	81	77	55	2	3	73	1	77	0.001	40.1
tr|A0A333FHM5|Release	GCF_018388465.1_WP_208290210.1	26.471	88	316	74	68	47	2	16	80	139	206	0.002	41.8
tr|A0A333FHM5|Release	GCF_001263175.1_WP_050726405.1	33.333	88	81	51	45	30	0	12	56	12	56	0.004	38.7
tr|A0A333FHM5|Release	GCF_000010305.1_WP_012681958.1	23.438	88	71	70	64	46	2	14	75	7	69	0.008	37.5
