tr|E8XIQ7|E8XIQ7_SALT4	GCF_001461805.1_WP_013367515.1	84.884	86	86	100	86	13	0	1	86	1	86	8.97e-40	132
tr|E8XIQ7|E8XIQ7_SALT4	GCF_001518835.1_WP_059308693.1	83.721	86	86	100	86	14	0	1	86	1	86	1.03e-39	132
tr|E8XIQ7|E8XIQ7_SALT4	GCF_009176645.1_WP_152083529.1	83.721	86	86	100	86	14	0	1	86	1	86	1.56e-39	131
tr|E8XIQ7|E8XIQ7_SALT4	GCF_009036245.1_WP_025756830.1	81.395	86	86	100	86	16	0	1	86	1	86	2.07e-39	131
tr|E8XIQ7|E8XIQ7_SALT4	GCF_021172065.1_WP_015965827.1	81.395	86	86	100	86	16	0	1	86	1	86	2.46e-39	130
tr|E8XIQ7|E8XIQ7_SALT4	GCF_020097475.1_WP_000062318.1	80.233	86	86	100	86	17	0	1	86	1	86	2.52e-39	130
tr|E8XIQ7|E8XIQ7_SALT4	GCF_001683395.1_WP_017458015.1	79.070	86	86	100	86	18	0	1	86	1	86	3.46e-39	130
tr|E8XIQ7|E8XIQ7_SALT4	GCF_003594935.2_WP_006173581.1	83.721	86	86	100	86	14	0	1	86	1	86	6.04e-39	130
tr|E8XIQ7|E8XIQ7_SALT4	GCF_001658025.2_WP_007373243.1	80.233	86	86	100	86	17	0	1	86	1	86	6.09e-39	130
tr|E8XIQ7|E8XIQ7_SALT4	GCF_007632255.1_WP_015368146.1	82.558	86	86	100	86	15	0	1	86	1	86	7.91e-39	129
tr|E8XIQ7|E8XIQ7_SALT4	GCF_001022135.1_WP_039078449.1	81.395	86	86	100	86	16	0	1	86	1	86	8.84e-39	129
tr|E8XIQ7|E8XIQ7_SALT4	GCF_000224675.1_WP_010426685.1	82.558	86	86	100	86	15	0	1	86	1	86	8.84e-39	129
tr|E8XIQ7|E8XIQ7_SALT4	GCF_027886705.1_WP_061497537.1	79.070	86	86	100	86	18	0	1	86	1	86	9.13e-39	129
tr|E8XIQ7|E8XIQ7_SALT4	GCF_000006925.2_NP_706134.1	81.395	86	86	100	86	16	0	1	86	1	86	9.65e-39	129
tr|E8XIQ7|E8XIQ7_SALT4	GCF_015137655.1_WP_028015593.1	81.395	86	86	100	86	16	0	1	86	1	86	1.19e-38	129
tr|E8XIQ7|E8XIQ7_SALT4	GCF_001729805.1_WP_008501890.1	80.233	86	86	100	86	17	0	1	86	1	86	1.23e-38	129
tr|E8XIQ7|E8XIQ7_SALT4	GCF_025914095.1_WP_031518416.1	79.070	86	86	100	86	18	0	1	86	1	86	1.23e-38	129
tr|E8XIQ7|E8XIQ7_SALT4	GCF_009363135.1_WP_090122691.1	79.070	86	86	100	86	18	0	1	86	1	86	1.78e-38	128
tr|E8XIQ7|E8XIQ7_SALT4	GCF_023195735.1_WP_035891978.1	79.070	86	86	100	86	18	0	1	86	1	86	1.99e-38	128
tr|E8XIQ7|E8XIQ7_SALT4	GCF_001750725.1_WP_014168720.1	82.558	86	86	100	86	15	0	1	86	1	86	2.37e-38	128
tr|E8XIQ7|E8XIQ7_SALT4	GCF_019048625.1_WP_023305471.1	81.395	86	86	100	86	16	0	1	86	1	86	2.96e-38	128
tr|E8XIQ7|E8XIQ7_SALT4	GCF_009649915.1_WP_062772223.1	77.907	86	86	100	86	19	0	1	86	1	86	3.36e-38	128
tr|E8XIQ7|E8XIQ7_SALT4	GCF_004684345.1_WP_135323069.1	88.372	86	86	100	86	10	0	1	86	1	86	3.58e-38	128
tr|E8XIQ7|E8XIQ7_SALT4	GCF_016904755.1_WP_059234959.1	81.176	86	86	99	85	16	0	1	85	1	85	4.10e-38	127
tr|E8XIQ7|E8XIQ7_SALT4	GCF_001277255.1_WP_007666633.1	76.744	86	86	100	86	20	0	1	86	1	86	4.13e-38	127
tr|E8XIQ7|E8XIQ7_SALT4	GCF_001558935.2_WP_042323659.1	84.884	86	86	100	86	13	0	1	86	1	86	4.23e-38	127
tr|E8XIQ7|E8XIQ7_SALT4	GCF_003812345.1_WP_003018503.1	86.047	86	86	100	86	12	0	1	86	1	86	4.48e-38	127
tr|E8XIQ7|E8XIQ7_SALT4	GCF_022637515.1_WP_064539750.1	73.256	86	86	100	86	23	0	1	86	1	86	4.51e-38	127
tr|E8XIQ7|E8XIQ7_SALT4	GCF_004353845.1_WP_103768334.1	84.884	86	86	100	86	13	0	1	86	1	86	5.08e-38	127
tr|E8XIQ7|E8XIQ7_SALT4	GCF_021278985.1_WP_012904575.1	84.884	86	86	100	86	13	0	1	86	1	86	5.16e-38	127
tr|E8XIQ7|E8XIQ7_SALT4	GCF_900638065.1_WP_048212636.1	87.209	86	86	100	86	11	0	1	86	1	86	6.15e-38	127
tr|E8XIQ7|E8XIQ7_SALT4	GCF_001277175.1_WP_007760020.1	75.581	86	86	100	86	21	0	1	86	1	86	6.77e-38	127
tr|E8XIQ7|E8XIQ7_SALT4	GCF_018128425.1_WP_042289833.1	84.884	86	86	100	86	13	0	1	86	1	86	8.59e-38	126
tr|E8XIQ7|E8XIQ7_SALT4	GCF_001277215.2_WP_007776988.1	75.581	86	86	100	86	21	0	1	86	1	86	9.22e-38	126
tr|E8XIQ7|E8XIQ7_SALT4	GCF_001277195.1_WP_032966924.1	76.744	86	86	100	86	20	0	1	86	1	86	9.22e-38	126
tr|E8XIQ7|E8XIQ7_SALT4	GCF_003261575.2_WP_110272453.1	80.233	86	86	100	86	17	0	1	86	1	86	9.30e-38	126
tr|E8XIQ7|E8XIQ7_SALT4	GCF_002393445.1_WP_061273728.1	72.941	86	86	99	85	23	0	1	85	1	85	9.91e-38	126
tr|E8XIQ7|E8XIQ7_SALT4	GCF_000240185.1_YP_005225236.1	81.395	86	86	100	86	16	0	1	86	1	86	9.91e-38	126
tr|E8XIQ7|E8XIQ7_SALT4	GCF_018139045.1_WP_004129134.1	80.233	86	86	100	86	17	0	1	86	1	86	1.14e-37	126
tr|E8XIQ7|E8XIQ7_SALT4	GCF_009648935.1_WP_047417117.1	84.884	86	86	100	86	13	0	1	86	1	86	1.39e-37	126
tr|E8XIQ7|E8XIQ7_SALT4	GCF_003812925.1_WP_004107903.1	80.233	86	86	100	86	17	0	1	86	1	86	1.45e-37	126
tr|E8XIQ7|E8XIQ7_SALT4	GCF_015139575.1_WP_004098776.1	81.395	86	86	100	86	16	0	1	86	1	86	1.73e-37	126
tr|E8XIQ7|E8XIQ7_SALT4	GCF_000834395.1_WP_042546713.1	73.256	86	86	100	86	23	0	1	86	1	86	2.01e-37	126
tr|E8XIQ7|E8XIQ7_SALT4	GCF_006711645.1_WP_100682484.1	82.558	86	86	100	86	15	0	1	86	1	86	2.04e-37	126
tr|E8XIQ7|E8XIQ7_SALT4	GCF_003935895.2_WP_110510858.1	82.353	86	86	99	85	15	0	1	85	1	85	2.61e-37	125
tr|E8XIQ7|E8XIQ7_SALT4	GCF_022637595.1_WP_004858152.1	82.558	86	86	100	86	15	0	1	86	1	86	2.74e-37	125
tr|E8XIQ7|E8XIQ7_SALT4	GCF_012029655.1_WP_041144145.1	81.395	86	86	100	86	16	0	1	86	1	86	3.11e-37	125
tr|E8XIQ7|E8XIQ7_SALT4	GCF_900635955.1_WP_126357486.1	72.941	86	86	99	85	23	0	1	85	1	85	3.37e-37	125
tr|E8XIQ7|E8XIQ7_SALT4	GCF_004124235.1_WP_025377303.1	73.256	86	86	100	86	23	0	1	86	1	86	3.56e-37	125
tr|E8XIQ7|E8XIQ7_SALT4	GCF_000439255.1_WP_000062328.1	95.349	86	86	100	86	4	0	1	86	1	86	3.68e-37	125
tr|E8XIQ7|E8XIQ7_SALT4	GCF_000018045.1_WP_024130681.1	83.721	86	86	100	86	14	0	1	86	1	86	5.26e-37	125
tr|E8XIQ7|E8XIQ7_SALT4	GCF_013234275.1_WP_172895488.1	73.256	86	86	100	86	23	0	1	86	1	86	5.38e-37	125
tr|E8XIQ7|E8XIQ7_SALT4	GCF_000222975.1_WP_002218374.1	73.256	86	86	100	86	23	0	1	86	1	86	5.69e-37	125
tr|E8XIQ7|E8XIQ7_SALT4	GCF_024224615.1_WP_125293588.1	80.000	86	86	99	85	17	0	1	85	1	85	6.62e-37	124
tr|E8XIQ7|E8XIQ7_SALT4	GCF_013282725.1_WP_032813813.1	73.256	86	86	100	86	23	0	1	86	1	86	6.78e-37	124
tr|E8XIQ7|E8XIQ7_SALT4	GCF_011068345.1_WP_002436992.1	78.824	86	86	99	85	18	0	1	85	1	85	7.34e-37	124
tr|E8XIQ7|E8XIQ7_SALT4	GCF_000834455.1_WP_032817050.1	73.256	86	86	100	86	23	0	1	86	1	86	7.58e-37	124
tr|E8XIQ7|E8XIQ7_SALT4	GCF_000005845.2_NP_414731.2	80.952	86	84	98	84	16	0	3	86	1	84	8.30e-37	124
tr|E8XIQ7|E8XIQ7_SALT4	GCF_025133195.1_WP_032910235.1	70.930	86	86	100	86	25	0	1	86	1	86	9.93e-37	124
tr|E8XIQ7|E8XIQ7_SALT4	GCF_002163605.1_WP_157665988.1	75.581	86	86	100	86	21	0	1	86	1	86	1.04e-36	124
tr|E8XIQ7|E8XIQ7_SALT4	GCF_025758125.1_WP_023480196.1	77.907	86	86	100	86	19	0	1	86	1	86	1.08e-36	124
tr|E8XIQ7|E8XIQ7_SALT4	GCF_021276285.1_WP_095923198.1	73.810	86	86	98	84	22	0	1	84	1	84	1.17e-36	124
tr|E8XIQ7|E8XIQ7_SALT4	GCF_000006945.2_NP_459242.1	100.000	86	86	100	86	0	0	1	86	1	86	1.32e-36	123
tr|E8XIQ7|E8XIQ7_SALT4	GCF_000010085.1_WP_011411656.1	60.714	86	86	98	84	33	0	1	84	1	84	1.36e-36	123
tr|E8XIQ7|E8XIQ7_SALT4	GCF_000517425.1_WP_025421126.1	61.905	86	86	98	84	32	0	1	84	1	84	1.42e-36	123
tr|E8XIQ7|E8XIQ7_SALT4	GCF_005484945.1_WP_137712817.1	63.953	86	86	100	86	31	0	1	86	1	86	1.85e-36	123
tr|E8XIQ7|E8XIQ7_SALT4	GCF_019797845.1_WP_222158377.1	63.953	86	86	100	86	31	0	1	86	1	86	2.15e-36	123
tr|E8XIQ7|E8XIQ7_SALT4	GCF_022637475.1_WP_013574214.1	72.619	86	86	98	84	23	0	1	84	1	84	2.70e-36	123
tr|E8XIQ7|E8XIQ7_SALT4	GCF_009730055.1_WP_032906500.1	73.256	86	86	100	86	23	0	1	86	1	86	2.90e-36	123
tr|E8XIQ7|E8XIQ7_SALT4	GCF_012427845.1_WP_012773648.1	67.442	86	86	100	86	28	0	1	86	1	86	3.46e-36	123
tr|E8XIQ7|E8XIQ7_SALT4	GCF_900095885.1_WP_035340381.1	66.279	86	86	100	86	29	0	1	86	1	86	4.42e-36	122
tr|E8XIQ7|E8XIQ7_SALT4	GCF_017498685.1_WP_038245151.1	73.256	86	86	100	86	23	0	1	86	1	86	4.98e-36	122
tr|E8XIQ7|E8XIQ7_SALT4	GCF_002288545.1_WP_029367608.1	67.442	86	86	100	86	28	0	1	86	1	86	5.27e-36	122
tr|E8XIQ7|E8XIQ7_SALT4	GCF_000233595.1_WP_013024706.1	70.588	86	86	99	85	25	0	1	85	1	85	5.35e-36	122
tr|E8XIQ7|E8XIQ7_SALT4	GCF_002953195.1_WP_038628016.1	72.093	86	87	100	86	24	0	1	86	1	86	5.81e-36	122
tr|E8XIQ7|E8XIQ7_SALT4	GCF_000520015.2_WP_024910172.1	67.442	86	87	100	86	28	0	1	86	1	86	7.20e-36	122
tr|E8XIQ7|E8XIQ7_SALT4	GCF_009914055.1_WP_160619715.1	68.605	86	87	100	86	27	0	1	86	1	86	7.43e-36	122
tr|E8XIQ7|E8XIQ7_SALT4	GCF_002101395.1_WP_085067900.1	67.442	86	87	100	86	28	0	1	86	1	86	9.74e-36	121
tr|E8XIQ7|E8XIQ7_SALT4	GCF_000262305.1_WP_002441069.1	70.930	86	86	100	86	25	0	1	86	1	86	1.03e-35	121
tr|E8XIQ7|E8XIQ7_SALT4	GCF_009873295.1_WP_039312412.1	67.442	86	86	100	86	28	0	1	86	1	86	1.19e-35	121
tr|E8XIQ7|E8XIQ7_SALT4	GCF_015999465.1_WP_085688159.1	62.353	86	86	99	85	32	0	1	85	1	85	1.54e-35	121
tr|E8XIQ7|E8XIQ7_SALT4	GCF_003019925.1_WP_162185254.1	77.381	86	86	98	84	19	0	1	84	1	84	1.59e-35	121
tr|E8XIQ7|E8XIQ7_SALT4	GCF_017569925.1_WP_208228065.1	66.279	86	86	100	86	29	0	1	86	1	86	1.89e-35	121
tr|E8XIQ7|E8XIQ7_SALT4	GCF_003515985.1_WP_085653101.1	63.529	86	86	99	85	31	0	1	85	1	85	1.99e-35	121
tr|E8XIQ7|E8XIQ7_SALT4	GCF_016026735.1_WP_015673540.1	66.279	86	87	100	86	29	0	1	86	1	86	2.07e-35	121
tr|E8XIQ7|E8XIQ7_SALT4	GCF_023517775.1_WP_249893541.1	68.605	86	87	100	86	27	0	1	86	1	86	2.19e-35	120
tr|E8XIQ7|E8XIQ7_SALT4	GCF_001642805.2_WP_004931991.1	68.605	86	87	100	86	27	0	1	86	1	86	2.19e-35	120
tr|E8XIQ7|E8XIQ7_SALT4	GCF_011044475.1_WP_033740322.1	71.765	86	86	99	85	24	0	1	85	1	85	2.22e-35	120
tr|E8XIQ7|E8XIQ7_SALT4	GCF_020181655.1_WP_225087160.1	66.279	86	86	100	86	29	0	1	86	1	86	2.37e-35	120
tr|E8XIQ7|E8XIQ7_SALT4	GCF_000023545.1_WP_015854637.1	65.116	86	86	100	86	30	0	1	86	1	86	2.44e-35	120
tr|E8XIQ7|E8XIQ7_SALT4	GCF_000740965.1_WP_011092648.1	66.279	86	86	100	86	29	0	1	86	1	86	2.77e-35	120
tr|E8XIQ7|E8XIQ7_SALT4	GCF_009931295.1_WP_161528353.1	67.442	86	86	100	86	28	0	1	86	1	86	2.93e-35	120
tr|E8XIQ7|E8XIQ7_SALT4	GCF_000025065.1_WP_012883679.1	63.529	86	86	99	85	31	0	1	85	1	85	3.00e-35	120
tr|E8XIQ7|E8XIQ7_SALT4	GCF_021462285.1_WP_234585968.1	68.605	86	87	100	86	27	0	1	86	1	86	3.08e-35	120
tr|E8XIQ7|E8XIQ7_SALT4	GCF_020079945.1_WP_039382769.1	68.235	86	87	99	85	27	0	1	85	1	85	3.08e-35	120
tr|E8XIQ7|E8XIQ7_SALT4	GCF_002291445.1_WP_048635886.1	66.279	86	86	100	86	29	0	1	86	1	86	4.13e-35	120
tr|E8XIQ7|E8XIQ7_SALT4	GCF_900187015.1_WP_061796701.1	68.605	86	87	100	86	27	0	1	86	1	86	4.31e-35	120
tr|E8XIQ7|E8XIQ7_SALT4	GCF_009817885.1_WP_105232289.1	68.605	86	87	100	86	27	0	1	86	1	86	4.31e-35	120
tr|E8XIQ7|E8XIQ7_SALT4	GCF_007858975.2_WP_042869176.1	64.706	86	86	99	85	30	0	1	85	1	85	6.19e-35	119
tr|E8XIQ7|E8XIQ7_SALT4	GCF_001742185.1_WP_005975933.1	66.279	86	86	100	86	29	0	1	86	1	86	6.29e-35	119
tr|E8XIQ7|E8XIQ7_SALT4	GCF_000023565.1_WP_012770818.1	62.353	86	86	99	85	32	0	1	85	1	85	6.54e-35	119
tr|E8XIQ7|E8XIQ7_SALT4	GCF_000264765.2_WP_034163237.1	65.116	86	86	100	86	30	0	1	86	1	86	7.98e-35	119
tr|E8XIQ7|E8XIQ7_SALT4	GCF_005484965.1_WP_009114129.1	66.279	86	86	100	86	29	0	1	86	1	86	1.08e-34	119
tr|E8XIQ7|E8XIQ7_SALT4	GCF_003992745.1_WP_014700896.1	65.116	86	86	100	86	30	0	1	86	1	86	1.33e-34	118
tr|E8XIQ7|E8XIQ7_SALT4	GCF_011617105.1_WP_025800203.1	75.581	86	86	100	86	21	0	1	86	1	86	1.77e-34	118
tr|E8XIQ7|E8XIQ7_SALT4	GCF_000196615.1_WP_013200864.1	66.279	86	87	100	86	29	0	1	86	1	86	1.95e-34	118
tr|E8XIQ7|E8XIQ7_SALT4	GCF_000026185.1_WP_012440659.1	68.235	86	87	99	85	27	0	1	85	1	85	2.09e-34	118
tr|E8XIQ7|E8XIQ7_SALT4	GCF_019890955.1_WP_211725887.1	68.235	86	87	99	85	27	0	1	85	1	85	2.21e-34	118
tr|E8XIQ7|E8XIQ7_SALT4	GCF_022647505.1_WP_128179458.1	66.279	86	87	100	86	29	0	1	86	1	86	2.49e-34	118
tr|E8XIQ7|E8XIQ7_SALT4	GCF_020150375.1_WP_004094310.1	75.581	86	86	100	86	21	0	1	86	1	86	3.85e-34	117
tr|E8XIQ7|E8XIQ7_SALT4	GCF_002812485.1_WP_038661467.1	65.882	86	86	99	85	29	0	1	85	1	85	4.34e-34	117
tr|E8XIQ7|E8XIQ7_SALT4	GCF_001010285.1_WP_046974061.1	66.279	86	88	100	86	29	0	1	86	1	86	4.43e-34	117
tr|E8XIQ7|E8XIQ7_SALT4	GCF_004792415.1_WP_013356856.1	66.667	86	86	98	84	28	0	1	84	1	84	5.64e-34	117
tr|E8XIQ7|E8XIQ7_SALT4	GCF_019090985.1_WP_036781226.1	60.465	86	88	100	86	34	0	1	86	1	86	7.02e-34	117
tr|E8XIQ7|E8XIQ7_SALT4	GCF_000147055.1_WP_022632468.1	64.706	86	86	99	85	30	0	1	85	1	85	8.00e-34	116
tr|E8XIQ7|E8XIQ7_SALT4	GCF_021733145.1_WP_012847629.1	64.286	86	86	98	84	30	0	1	84	1	84	8.32e-34	116
tr|E8XIQ7|E8XIQ7_SALT4	GCF_002291425.1_WP_095847471.1	67.442	86	87	100	86	28	0	1	86	1	86	9.47e-34	116
tr|E8XIQ7|E8XIQ7_SALT4	GCF_017348915.1_WP_040077077.1	83.721	86	86	100	86	14	0	1	86	1	86	9.53e-34	116
tr|E8XIQ7|E8XIQ7_SALT4	GCF_902387845.1_WP_004237241.1	62.791	86	88	100	86	32	0	1	86	1	86	1.36e-33	116
tr|E8XIQ7|E8XIQ7_SALT4	GCF_003403135.1_WP_024104894.1	63.529	86	86	99	85	31	0	1	85	1	85	1.49e-33	116
tr|E8XIQ7|E8XIQ7_SALT4	GCF_000196475.1_WP_012776850.1	60.465	86	88	100	86	34	0	1	86	1	86	1.74e-33	116
tr|E8XIQ7|E8XIQ7_SALT4	GCF_019047765.1_WP_040230035.1	88.372	86	86	100	86	10	0	1	86	1	86	3.32e-33	115
tr|E8XIQ7|E8XIQ7_SALT4	GCF_020541225.1_WP_226811316.1	57.143	86	86	98	84	36	0	1	84	1	84	3.95e-33	115
tr|E8XIQ7|E8XIQ7_SALT4	GCF_019048385.1_WP_062759648.1	65.476	86	86	98	84	29	0	1	84	1	84	4.45e-33	114
tr|E8XIQ7|E8XIQ7_SALT4	GCF_000196155.1_WP_011145066.1	61.628	86	88	100	86	33	0	1	86	1	86	4.77e-33	114
tr|E8XIQ7|E8XIQ7_SALT4	GCF_022592395.1_WP_047255099.1	53.488	86	87	100	86	40	0	1	86	1	86	4.87e-33	114
tr|E8XIQ7|E8XIQ7_SALT4	GCF_009646115.1_WP_008925644.1	66.667	86	86	98	84	28	0	1	84	1	84	6.22e-33	114
tr|E8XIQ7|E8XIQ7_SALT4	GCF_020683125.1_WP_133842177.1	64.368	86	88	100	87	30	1	1	86	1	87	6.35e-33	114
tr|E8XIQ7|E8XIQ7_SALT4	GCF_003204135.1_WP_004908806.1	58.140	86	87	100	86	36	0	1	86	1	86	7.07e-33	114
tr|E8XIQ7|E8XIQ7_SALT4	GCF_025946765.1_WP_264497926.1	62.353	86	86	99	85	32	0	1	85	1	85	7.58e-33	114
tr|E8XIQ7|E8XIQ7_SALT4	GCF_019844095.1_WP_062747070.1	65.517	86	88	100	87	29	1	1	86	1	87	1.02e-32	114
tr|E8XIQ7|E8XIQ7_SALT4	GCF_900475855.1_WP_068441311.1	55.814	86	87	100	86	38	0	1	86	1	86	1.13e-32	114
tr|E8XIQ7|E8XIQ7_SALT4	GCF_020268605.1_WP_180560445.1	58.140	86	88	100	86	36	0	1	86	1	86	1.34e-32	113
tr|E8XIQ7|E8XIQ7_SALT4	GCF_004768525.1_WP_026822068.1	56.977	86	88	100	86	37	0	1	86	1	86	1.58e-32	113
tr|E8XIQ7|E8XIQ7_SALT4	GCF_002843235.3_WP_102139922.1	56.977	86	87	100	86	37	0	1	86	1	86	1.72e-32	113
tr|E8XIQ7|E8XIQ7_SALT4	GCF_000091565.1_WP_004159420.1	65.476	86	87	98	84	29	0	1	84	1	84	2.50e-32	113
tr|E8XIQ7|E8XIQ7_SALT4	GCF_029277985.1_WP_154623766.1	56.977	86	87	100	86	37	0	1	86	1	86	2.54e-32	113
tr|E8XIQ7|E8XIQ7_SALT4	GCF_022647325.1_WP_111140597.1	63.095	86	86	98	84	31	0	1	84	1	84	2.56e-32	113
tr|E8XIQ7|E8XIQ7_SALT4	GCF_020342335.1_WP_067428135.1	65.476	86	87	98	84	29	0	1	84	1	84	2.69e-32	112
tr|E8XIQ7|E8XIQ7_SALT4	GCF_002393505.1_WP_006658392.1	55.814	86	87	100	86	38	0	1	86	1	86	3.36e-32	112
tr|E8XIQ7|E8XIQ7_SALT4	GCF_900638135.1_WP_012146468.1	61.628	86	87	100	86	33	0	1	86	1	86	4.06e-32	112
tr|E8XIQ7|E8XIQ7_SALT4	GCF_000261045.2_WP_006318653.1	62.791	86	87	100	86	32	0	1	86	1	86	4.26e-32	112
tr|E8XIQ7|E8XIQ7_SALT4	GCF_013460135.1_WP_180816665.1	58.140	86	88	100	86	36	0	1	86	1	86	4.48e-32	112
tr|E8XIQ7|E8XIQ7_SALT4	GCF_017743015.1_WP_209027287.1	62.791	86	88	100	86	32	0	1	86	1	86	4.59e-32	112
tr|E8XIQ7|E8XIQ7_SALT4	GCF_021365465.1_WP_016190321.1	63.953	86	87	100	86	31	0	1	86	1	86	5.67e-32	112
tr|E8XIQ7|E8XIQ7_SALT4	GCF_000968195.1_WP_045972480.1	61.446	86	87	97	83	32	0	4	86	5	87	7.32e-32	112
tr|E8XIQ7|E8XIQ7_SALT4	GCF_011045835.1_WP_075671674.1	57.831	86	86	97	83	35	0	1	83	1	83	8.36e-32	111
tr|E8XIQ7|E8XIQ7_SALT4	GCF_009831665.3_WP_006709226.1	59.302	86	87	100	86	35	0	1	86	1	86	1.06e-31	111
tr|E8XIQ7|E8XIQ7_SALT4	GCF_002504285.1_WP_005282992.1	62.791	86	86	100	86	32	0	1	86	1	86	1.39e-31	111
tr|E8XIQ7|E8XIQ7_SALT4	GCF_000517405.1_WP_038469034.1	58.750	86	83	93	80	33	0	5	84	2	81	1.41e-31	111
tr|E8XIQ7|E8XIQ7_SALT4	GCF_000069965.1_WP_004245453.1	55.422	86	86	97	83	37	0	1	83	1	83	1.81e-31	110
tr|E8XIQ7|E8XIQ7_SALT4	GCF_022369495.1_WP_072064250.1	56.627	86	86	97	83	36	0	1	83	1	83	1.91e-31	110
tr|E8XIQ7|E8XIQ7_SALT4	GCF_001721185.1_WP_069317984.1	59.302	86	87	100	86	35	0	1	86	1	86	2.65e-31	110
tr|E8XIQ7|E8XIQ7_SALT4	GCF_000214235.1_WP_004952197.1	63.095	86	85	98	84	31	0	3	86	1	84	3.25e-31	110
tr|E8XIQ7|E8XIQ7_SALT4	GCF_002952315.1_WP_012667243.1	61.176	86	87	99	85	33	0	1	85	1	85	4.44e-31	109
tr|E8XIQ7|E8XIQ7_SALT4	GCF_001006005.1_WP_223499701.1	60.714	86	85	98	84	33	0	3	86	1	84	4.94e-31	109
tr|E8XIQ7|E8XIQ7_SALT4	GCF_016026395.1_WP_024524235.1	59.302	86	86	100	86	35	0	1	86	1	86	6.70e-31	109
tr|E8XIQ7|E8XIQ7_SALT4	GCF_008364325.2_WP_230090436.1	61.905	86	85	98	84	32	0	3	86	1	84	1.12e-30	108
tr|E8XIQ7|E8XIQ7_SALT4	GCF_000968175.1_WP_045959360.1	62.069	86	88	100	87	32	1	1	86	1	87	1.75e-30	108
tr|E8XIQ7|E8XIQ7_SALT4	GCF_014295015.1_WP_013185414.1	59.770	86	87	100	87	34	1	1	86	1	87	2.63e-30	107
tr|E8XIQ7|E8XIQ7_SALT4	GCF_003812345.1_WP_121571778.1	33.333	86	94	100	87	57	1	1	86	1	87	3.07e-30	107
tr|E8XIQ7|E8XIQ7_SALT4	GCF_004295645.1_WP_228350951.1	64.706	86	88	98	85	29	1	1	84	1	85	5.27e-30	107
tr|E8XIQ7|E8XIQ7_SALT4	GCF_004116975.1_WP_064720954.1	57.831	86	86	97	83	35	0	1	83	1	83	7.27e-30	106
tr|E8XIQ7|E8XIQ7_SALT4	GCF_005671395.1_WP_138095872.1	64.557	86	86	92	79	28	0	1	79	1	79	7.81e-30	106
tr|E8XIQ7|E8XIQ7_SALT4	GCF_900478135.1_WP_111739359.1	62.353	86	88	98	85	31	1	1	84	1	85	8.56e-30	106
tr|E8XIQ7|E8XIQ7_SALT4	GCF_004353845.1_WP_103770713.1	35.632	86	93	100	87	55	1	1	86	1	87	1.14e-29	106
tr|E8XIQ7|E8XIQ7_SALT4	GCF_003074995.2_WP_015870269.1	59.036	86	86	97	83	34	0	1	83	1	83	1.66e-29	105
tr|E8XIQ7|E8XIQ7_SALT4	GCF_003096015.2_WP_230514010.1	63.529	86	88	98	85	30	1	1	84	1	85	1.86e-29	105
tr|E8XIQ7|E8XIQ7_SALT4	GCF_008693605.1_WP_223849061.1	32.558	86	95	99	86	57	1	1	85	2	87	1.94e-29	105
tr|E8XIQ7|E8XIQ7_SALT4	GCF_900638655.1_WP_047781753.1	64.706	86	88	98	85	29	1	1	84	1	85	3.52e-29	105
tr|E8XIQ7|E8XIQ7_SALT4	GCF_002355475.1_WP_004421315.1	37.037	86	91	93	81	50	1	3	82	1	81	7.79e-29	104
tr|E8XIQ7|E8XIQ7_SALT4	GCF_013200955.2_WP_173204463.1	35.802	86	91	93	81	51	1	3	82	1	81	1.70e-28	103
tr|E8XIQ7|E8XIQ7_SALT4	GCF_001597285.1_WP_061903727.1	35.897	86	92	90	78	49	1	6	82	3	80	1.95e-28	103
tr|E8XIQ7|E8XIQ7_SALT4	GCF_008693645.1_WP_137347870.1	32.184	86	89	100	87	58	1	1	86	1	87	2.88e-28	102
tr|E8XIQ7|E8XIQ7_SALT4	GCF_000733715.2_WP_017362912.1	32.911	86	90	91	79	52	1	5	82	2	80	1.41e-27	101
tr|E8XIQ7|E8XIQ7_SALT4	GCF_024205225.1_WP_195881696.1	31.646	86	90	91	79	53	1	5	82	2	80	1.70e-27	100
tr|E8XIQ7|E8XIQ7_SALT4	GCF_008807375.1_WP_151138908.1	33.333	86	91	93	81	53	1	3	82	1	81	3.31e-27	100
tr|E8XIQ7|E8XIQ7_SALT4	GCF_000297075.2_WP_003461742.1	32.911	86	90	91	79	52	1	5	82	2	80	4.23e-27	 99
tr|E8XIQ7|E8XIQ7_SALT4	GCF_013409125.2_WP_099525265.1	32.911	86	90	91	79	52	1	5	82	2	80	5.90e-27	99.4
tr|E8XIQ7|E8XIQ7_SALT4	GCF_004684345.1_WP_135321947.1	34.568	86	93	93	81	52	1	1	80	1	81	8.77e-27	99.1
tr|E8XIQ7|E8XIQ7_SALT4	GCF_021029445.1_WP_230924827.1	32.051	86	89	91	78	53	0	5	82	2	79	1.00e-26	98.9
tr|E8XIQ7|E8XIQ7_SALT4	GCF_001708425.1_WP_055136127.1	32.911	86	94	91	79	52	1	5	82	2	80	1.45e-26	98.6
tr|E8XIQ7|E8XIQ7_SALT4	GCF_900682675.2_WP_069898892.1	39.744	86	94	90	78	46	1	6	82	3	80	1.96e-26	98.3
tr|E8XIQ7|E8XIQ7_SALT4	GCF_017329545.1_WP_047884589.1	28.235	86	95	98	85	60	1	3	86	1	85	2.03e-26	98.3
tr|E8XIQ7|E8XIQ7_SALT4	GCF_013423785.1_WP_180308358.1	43.421	86	88	88	76	43	0	1	76	1	76	2.20e-26	98.0
tr|E8XIQ7|E8XIQ7_SALT4	GCF_017167985.1_WP_093053415.1	30.380	86	92	91	79	54	1	5	82	2	80	3.00e-26	97.7
tr|E8XIQ7|E8XIQ7_SALT4	GCF_001594225.2_WP_064379396.1	35.443	86	92	91	79	50	1	5	82	2	80	3.30e-26	97.7
tr|E8XIQ7|E8XIQ7_SALT4	GCF_017167985.1_WP_079784061.1	34.177	86	90	91	79	51	1	5	82	2	80	3.79e-26	97.5
tr|E8XIQ7|E8XIQ7_SALT4	GCF_019047765.1_WP_040231149.1	30.233	86	89	99	86	59	1	1	85	1	86	5.15e-26	97.2
tr|E8XIQ7|E8XIQ7_SALT4	GCF_011397855.1_WP_044414183.1	36.709	86	90	91	79	49	1	5	82	2	80	9.15e-26	96.6
tr|E8XIQ7|E8XIQ7_SALT4	GCF_012767755.2_WP_173176508.1	30.380	86	91	91	79	51	2	5	82	2	77	1.40e-25	96.0
tr|E8XIQ7|E8XIQ7_SALT4	GCF_008033135.1_WP_148717358.1	24.359	86	87	91	78	59	0	5	82	2	79	1.66e-25	95.8
tr|E8XIQ7|E8XIQ7_SALT4	GCF_017915135.1_WP_210390879.1	32.911	86	90	91	79	52	1	5	82	2	80	2.01e-25	95.5
tr|E8XIQ7|E8XIQ7_SALT4	GCF_002355475.1_WP_003455993.1	32.468	86	90	88	77	51	1	7	82	2	78	7.94e-25	94.1
tr|E8XIQ7|E8XIQ7_SALT4	GCF_003957745.1_WP_126168493.1	34.177	86	87	91	79	51	1	5	82	2	80	9.54e-25	93.8
tr|E8XIQ7|E8XIQ7_SALT4	GCF_016834455.1_WP_203325205.1	35.443	86	86	91	79	50	1	5	82	2	80	1.01e-24	93.8
tr|E8XIQ7|E8XIQ7_SALT4	GCF_025402875.1_WP_011791024.1	29.487	86	90	90	78	54	1	6	82	3	80	1.25e-24	93.5
tr|E8XIQ7|E8XIQ7_SALT4	GCF_020991025.1_WP_152109250.1	44.872	86	83	90	78	42	1	3	79	1	78	1.85e-24	93.0
tr|E8XIQ7|E8XIQ7_SALT4	GCF_014524625.1_WP_009050814.1	26.582	86	92	91	79	57	1	5	82	2	80	2.75e-24	92.7
tr|E8XIQ7|E8XIQ7_SALT4	GCF_000015245.1_WP_011761423.1	35.443	86	86	91	79	50	1	5	82	2	80	2.92e-24	92.7
tr|E8XIQ7|E8XIQ7_SALT4	GCF_000178875.2_WP_012197738.1	30.769	86	90	90	78	53	1	6	82	3	80	3.86e-24	92.4
tr|E8XIQ7|E8XIQ7_SALT4	GCF_008807375.1_WP_151133519.1	29.870	86	90	88	77	53	1	7	82	2	78	5.26e-24	92.1
tr|E8XIQ7|E8XIQ7_SALT4	GCF_019670705.1_WP_100146025.1	31.646	86	92	91	79	53	1	5	82	2	80	1.18e-23	91.3
tr|E8XIQ7|E8XIQ7_SALT4	GCF_024346675.1_WP_048897676.1	25.000	86	86	97	84	62	1	3	85	1	84	1.45e-23	90.7
tr|E8XIQ7|E8XIQ7_SALT4	GCF_009730655.1_WP_156020461.1	31.646	86	92	91	79	53	1	5	82	2	80	1.62e-23	90.7
tr|E8XIQ7|E8XIQ7_SALT4	GCF_024971755.1_WP_259474826.1	32.051	86	88	90	78	52	1	6	82	3	80	1.72e-23	90.7
tr|E8XIQ7|E8XIQ7_SALT4	GCF_017354925.1_WP_207321174.1	34.177	86	87	91	79	51	1	5	82	2	80	2.31e-23	90.4
tr|E8XIQ7|E8XIQ7_SALT4	GCF_012767755.2_WP_173171843.1	32.468	86	90	88	77	51	1	7	82	4	80	2.55e-23	90.1
tr|E8XIQ7|E8XIQ7_SALT4	GCF_017354965.1_WP_207380278.1	34.177	86	87	91	79	51	1	5	82	2	80	6.03e-23	89.3
tr|E8XIQ7|E8XIQ7_SALT4	GCF_002215585.1_WP_088903590.1	28.205	86	89	91	78	56	0	5	82	2	79	1.13e-22	88.5
tr|E8XIQ7|E8XIQ7_SALT4	GCF_006742785.1_WP_172630283.1	29.114	86	88	91	79	55	1	8	85	3	81	1.20e-22	88.5
tr|E8XIQ7|E8XIQ7_SALT4	GCF_024347355.1_WP_105024956.1	29.268	86	83	90	82	53	2	10	86	2	83	2.39e-22	87.6
tr|E8XIQ7|E8XIQ7_SALT4	GCF_029457395.1_WP_024766443.1	31.707	86	92	90	82	51	1	6	82	3	84	2.96e-22	87.6
tr|E8XIQ7|E8XIQ7_SALT4	GCF_024347475.1_WP_239840920.1	29.114	86	83	86	79	51	2	10	83	2	80	2.98e-22	87.3
tr|E8XIQ7|E8XIQ7_SALT4	GCF_003584645.1_WP_197716612.1	25.610	86	80	91	82	54	2	3	80	1	79	7.00e-22	86.5
tr|E8XIQ7|E8XIQ7_SALT4	GCF_003025345.2_WP_003155955.1	31.034	86	91	94	87	54	1	5	85	2	88	8.36e-22	86.5
tr|E8XIQ7|E8XIQ7_SALT4	GCF_002005305.1_WP_077753428.1	30.769	86	86	90	78	53	1	6	82	3	80	1.83e-21	85.4
tr|E8XIQ7|E8XIQ7_SALT4	GCF_009938225.1_WP_075649723.1	31.646	86	82	86	79	49	2	10	83	2	80	1.84e-21	85.4
tr|E8XIQ7|E8XIQ7_SALT4	GCF_016026875.1_WP_045525981.1	41.176	86	89	79	68	37	1	6	73	3	67	1.89e-21	85.4
tr|E8XIQ7|E8XIQ7_SALT4	GCF_012971725.1_WP_169940133.1	31.707	86	92	90	82	51	1	6	82	3	84	2.37e-21	85.4
tr|E8XIQ7|E8XIQ7_SALT4	GCF_002204915.1_WP_052690899.1	26.250	86	101	87	80	54	2	10	84	21	100	2.50e-21	85.4
tr|E8XIQ7|E8XIQ7_SALT4	GCF_006337165.1_WP_139515111.1	32.099	86	82	88	81	47	2	3	78	1	78	2.71e-21	84.8
tr|E8XIQ7|E8XIQ7_SALT4	GCF_020405345.1_WP_017780573.1	41.176	86	89	79	68	37	1	7	74	4	68	3.48e-21	84.8
tr|E8XIQ7|E8XIQ7_SALT4	GCF_004358345.1_WP_121852852.1	34.286	86	76	80	70	45	1	3	71	1	70	3.61e-21	84.5
tr|E8XIQ7|E8XIQ7_SALT4	GCF_000014885.1_WP_020912292.1	34.177	86	87	91	79	51	1	5	82	2	80	4.06e-21	84.5
tr|E8XIQ7|E8XIQ7_SALT4	GCF_000009145.1_WP_041356315.1	28.571	86	90	88	77	54	1	10	85	6	82	4.35e-21	84.5
tr|E8XIQ7|E8XIQ7_SALT4	GCF_001596155.1_WP_068342236.1	27.273	86	90	85	77	49	2	3	75	1	74	5.57e-21	84.2
tr|E8XIQ7|E8XIQ7_SALT4	GCF_001677435.1_WP_068615618.1	32.468	86	90	87	77	49	3	3	77	1	76	7.30e-21	83.9
tr|E8XIQ7|E8XIQ7_SALT4	GCF_019669905.1_WP_054759186.1	31.646	86	79	91	79	49	2	8	85	3	77	7.76e-21	83.7
tr|E8XIQ7|E8XIQ7_SALT4	GCF_000968535.2_WP_014147785.1	25.000	86	84	87	76	55	2	8	82	4	78	8.46e-21	83.7
tr|E8XIQ7|E8XIQ7_SALT4	GCF_001007935.1_WP_046849946.1	22.785	86	84	91	79	60	1	8	85	4	82	9.61e-21	83.7
tr|E8XIQ7|E8XIQ7_SALT4	GCF_027625995.1_WP_270126807.1	29.630	86	82	88	81	49	2	3	78	1	78	1.03e-20	83.4
tr|E8XIQ7|E8XIQ7_SALT4	GCF_020149575.1_WP_224431657.1	39.130	86	85	80	69	39	1	6	74	3	68	1.19e-20	83.4
tr|E8XIQ7|E8XIQ7_SALT4	GCF_020423125.1_WP_226170850.1	37.681	86	84	80	69	40	1	6	74	3	68	1.32e-20	83.1
tr|E8XIQ7|E8XIQ7_SALT4	GCF_022371215.1_WP_239718047.1	29.268	86	83	90	82	53	2	10	86	2	83	1.35e-20	83.1
tr|E8XIQ7|E8XIQ7_SALT4	GCF_000016065.1_WP_011864074.1	25.641	86	93	91	78	58	0	5	82	2	79	1.80e-20	83.1
tr|E8XIQ7|E8XIQ7_SALT4	GCF_000214665.1_WP_013819542.1	25.974	86	83	88	77	55	2	10	85	6	81	1.93e-20	82.8
tr|E8XIQ7|E8XIQ7_SALT4	GCF_000801295.1_WP_171816254.1	32.911	86	99	88	79	50	1	1	76	1	79	2.17e-20	82.8
tr|E8XIQ7|E8XIQ7_SALT4	GCF_003966655.1_WP_113527441.1	26.761	86	77	83	71	52	0	3	73	1	71	2.21e-20	82.5
tr|E8XIQ7|E8XIQ7_SALT4	GCF_001020955.1_WP_047250467.1	30.380	86	82	87	79	51	2	1	75	1	79	2.30e-20	82.5
tr|E8XIQ7|E8XIQ7_SALT4	GCF_028355655.1_WP_087756847.1	37.681	86	84	80	69	40	1	5	73	2	67	2.36e-20	82.5
tr|E8XIQ7|E8XIQ7_SALT4	GCF_014905115.1_WP_193151849.1	29.114	86	81	86	79	51	2	10	83	2	80	2.89e-20	82.3
tr|E8XIQ7|E8XIQ7_SALT4	GCF_013462805.1_WP_009566961.1	26.761	86	77	83	71	52	0	3	73	1	71	2.99e-20	82.3
tr|E8XIQ7|E8XIQ7_SALT4	GCF_024360925.2_WP_255188929.1	28.205	86	83	90	78	54	2	10	86	6	82	3.98e-20	82.0
tr|E8XIQ7|E8XIQ7_SALT4	GCF_000146165.2_WP_164925808.1	31.646	86	89	90	79	52	2	6	82	3	81	5.22e-20	81.7
tr|E8XIQ7|E8XIQ7_SALT4	GCF_013137895.1_WP_135435790.1	30.488	86	83	90	82	48	3	1	77	1	78	7.87e-20	81.1
tr|E8XIQ7|E8XIQ7_SALT4	GCF_016127195.1_WP_042032742.1	33.333	86	89	80	69	43	1	5	73	2	67	8.74e-20	81.1
tr|E8XIQ7|E8XIQ7_SALT4	GCF_004355185.1_WP_133271280.1	32.911	86	81	86	79	45	2	5	78	2	77	9.28e-20	81.1
tr|E8XIQ7|E8XIQ7_SALT4	GCF_003574965.1_WP_119445661.1	28.395	86	82	88	81	50	2	3	78	1	78	1.07e-19	80.9
tr|E8XIQ7|E8XIQ7_SALT4	GCF_003515105.1_WP_036973086.1	40.845	86	73	81	71	41	1	6	75	2	72	1.23e-19	80.6
tr|E8XIQ7|E8XIQ7_SALT4	GCF_001558255.2_WP_005504861.1	30.864	86	82	87	81	50	3	10	84	2	82	1.33e-19	80.6
tr|E8XIQ7|E8XIQ7_SALT4	GCF_000576555.1_WP_044000633.1	29.630	86	83	88	81	49	2	3	78	2	79	1.33e-19	80.6
tr|E8XIQ7|E8XIQ7_SALT4	GCF_014879975.1_WP_192888672.1	29.268	86	83	90	82	53	2	10	86	2	83	1.41e-19	80.6
tr|E8XIQ7|E8XIQ7_SALT4	GCF_013283835.1_WP_071626507.1	28.571	86	83	86	77	49	2	3	76	1	74	1.43e-19	80.6
tr|E8XIQ7|E8XIQ7_SALT4	GCF_003258315.1_WP_111337788.1	25.316	86	88	91	79	58	1	8	85	4	82	1.58e-19	80.6
tr|E8XIQ7|E8XIQ7_SALT4	GCF_008693705.1_WP_127008315.1	37.681	86	84	80	69	40	1	5	73	2	67	1.65e-19	80.3
tr|E8XIQ7|E8XIQ7_SALT4	GCF_002407485.1_WP_096780111.1	27.500	86	81	87	80	53	2	10	84	2	81	1.67e-19	80.3
tr|E8XIQ7|E8XIQ7_SALT4	GCF_009938185.1_WP_162048373.1	29.114	86	82	86	79	51	2	10	83	2	80	1.67e-19	80.3
tr|E8XIQ7|E8XIQ7_SALT4	GCF_000785705.2_WP_036272019.1	27.632	86	82	88	76	54	1	10	85	6	80	1.93e-19	80.3
tr|E8XIQ7|E8XIQ7_SALT4	GCF_009938205.1_WP_075706454.1	32.911	86	82	86	79	48	2	10	83	2	80	1.98e-19	80.3
tr|E8XIQ7|E8XIQ7_SALT4	GCF_900637545.1_WP_042651794.1	35.714	86	84	81	70	42	1	5	74	2	68	2.32e-19	80.0
tr|E8XIQ7|E8XIQ7_SALT4	GCF_009068765.1_WP_151900329.1	27.848	86	81	86	79	52	2	10	83	2	80	2.54e-19	80.0
tr|E8XIQ7|E8XIQ7_SALT4	GCF_024347035.1_WP_102941394.1	26.250	86	81	87	80	54	2	10	84	2	81	2.67e-19	79.7
tr|E8XIQ7|E8XIQ7_SALT4	GCF_001558415.2_WP_061055374.1	24.390	86	83	90	82	57	2	10	86	2	83	2.83e-19	79.7
tr|E8XIQ7|E8XIQ7_SALT4	GCF_010093065.1_WP_238430213.1	27.848	86	83	87	79	50	2	1	75	2	77	3.31e-19	79.7
tr|E8XIQ7|E8XIQ7_SALT4	GCF_003015165.1_WP_106887831.1	35.714	86	84	81	70	42	1	5	74	2	68	3.48e-19	79.7
tr|E8XIQ7|E8XIQ7_SALT4	GCF_008329985.2_WP_149283950.1	26.582	86	81	86	79	53	2	10	83	2	80	3.91e-19	79.4
tr|E8XIQ7|E8XIQ7_SALT4	GCF_022827545.1_WP_243798205.1	32.099	86	82	88	81	47	2	3	78	1	78	4.34e-19	79.4
tr|E8XIQ7|E8XIQ7_SALT4	GCF_001507645.1_WP_068195976.1	27.273	86	90	85	77	49	2	3	75	1	74	4.50e-19	79.4
tr|E8XIQ7|E8XIQ7_SALT4	GCF_004001245.1_WP_127478562.1	27.160	86	85	88	81	54	2	1	76	1	81	4.87e-19	79.2
tr|E8XIQ7|E8XIQ7_SALT4	GCF_001007875.1_WP_046858354.1	27.848	86	80	86	79	52	2	10	83	2	80	4.87e-19	79.2
tr|E8XIQ7|E8XIQ7_SALT4	GCF_008364325.2_WP_020826409.1	25.316	86	84	91	79	55	2	5	82	2	77	5.35e-19	79.2
tr|E8XIQ7|E8XIQ7_SALT4	GCF_005931095.1_WP_017839868.1	24.051	86	84	91	79	58	2	8	85	4	81	6.95e-19	78.9
tr|E8XIQ7|E8XIQ7_SALT4	GCF_019670125.1_WP_221076876.1	28.750	86	81	87	80	52	2	10	84	2	81	8.18e-19	78.6
tr|E8XIQ7|E8XIQ7_SALT4	GCF_022811645.1_WP_243511723.1	25.641	86	90	86	78	51	2	3	76	1	75	8.76e-19	78.6
tr|E8XIQ7|E8XIQ7_SALT4	GCF_009755585.1_WP_157030071.1	29.268	86	85	91	82	51	2	3	80	1	79	8.90e-19	78.6
tr|E8XIQ7|E8XIQ7_SALT4	GCF_014169735.1_WP_134997272.1	33.333	86	86	80	69	43	1	6	74	3	68	1.20e-18	78.3
tr|E8XIQ7|E8XIQ7_SALT4	GCF_016026615.1_WP_197928313.1	33.333	86	89	80	69	43	1	5	73	2	67	1.45e-18	78.0
tr|E8XIQ7|E8XIQ7_SALT4	GCF_024347635.1_WP_139683960.1	26.829	86	83	90	82	55	2	10	86	2	83	1.48e-18	78.0
tr|E8XIQ7|E8XIQ7_SALT4	GCF_024347595.1_WP_176681244.1	29.268	86	83	90	82	53	2	10	86	2	83	1.51e-18	78.0
tr|E8XIQ7|E8XIQ7_SALT4	GCF_009662475.1_WP_031573754.1	26.471	86	79	79	68	50	0	3	70	1	68	1.60e-18	77.8
tr|E8XIQ7|E8XIQ7_SALT4	GCF_001995825.2_WP_017057338.1	25.610	86	83	90	82	56	2	10	86	2	83	1.70e-18	77.8
tr|E8XIQ7|E8XIQ7_SALT4	GCF_008728635.1_WP_151087836.1	24.675	86	90	85	77	51	2	3	75	1	74	2.31e-18	77.5
tr|E8XIQ7|E8XIQ7_SALT4	GCF_004214795.1_WP_130234502.1	20.988	86	78	91	81	58	2	3	80	1	78	2.54e-18	77.2
tr|E8XIQ7|E8XIQ7_SALT4	GCF_000091465.1_WP_004733849.1	25.610	86	83	90	82	56	2	10	86	2	83	2.66e-18	77.2
tr|E8XIQ7|E8XIQ7_SALT4	GCF_024347455.1_WP_135458404.1	25.610	86	83	90	82	56	2	10	86	2	83	2.90e-18	77.2
tr|E8XIQ7|E8XIQ7_SALT4	GCF_024347655.1_WP_060467732.1	24.390	86	83	90	82	57	2	10	86	2	83	2.94e-18	77.2
tr|E8XIQ7|E8XIQ7_SALT4	GCF_019670105.1_WP_040307707.1	24.675	86	81	88	77	57	1	10	85	2	78	3.01e-18	77.2
tr|E8XIQ7|E8XIQ7_SALT4	GCF_002762215.1_WP_085750011.1	28.947	86	87	84	76	47	3	4	75	3	75	3.11e-18	77.2
tr|E8XIQ7|E8XIQ7_SALT4	GCF_020844025.1_WP_215848879.1	28.169	86	77	83	71	51	0	3	73	1	71	3.19e-18	76.9
tr|E8XIQ7|E8XIQ7_SALT4	GCF_003990335.1_WP_127025819.1	25.641	86	91	91	78	56	1	3	80	1	76	3.64e-18	77.2
tr|E8XIQ7|E8XIQ7_SALT4	GCF_000014765.1_WP_011633385.1	27.848	86	89	91	79	56	1	8	85	3	81	3.77e-18	76.9
tr|E8XIQ7|E8XIQ7_SALT4	GCF_000024005.1_WP_012793320.1	28.205	86	84	86	78	49	2	2	75	3	77	4.98e-18	76.6
tr|E8XIQ7|E8XIQ7_SALT4	GCF_024347675.1_WP_261835500.1	27.500	86	81	87	80	53	2	10	84	2	81	5.41e-18	76.6
tr|E8XIQ7|E8XIQ7_SALT4	GCF_002214395.1_WP_010453422.1	30.769	86	81	85	78	49	2	12	84	4	81	5.63e-18	76.4
tr|E8XIQ7|E8XIQ7_SALT4	GCF_000772105.1_WP_004748349.1	27.632	86	81	87	76	54	1	10	84	2	77	7.21e-18	76.1
tr|E8XIQ7|E8XIQ7_SALT4	GCF_000148645.1_WP_013347076.1	28.571	86	80	84	77	50	2	12	83	3	79	7.73e-18	76.1
tr|E8XIQ7|E8XIQ7_SALT4	GCF_024582835.1_WP_257083279.1	28.049	86	87	90	82	54	2	10	86	2	83	8.18e-18	76.1
tr|E8XIQ7|E8XIQ7_SALT4	GCF_003149515.1_WP_109656005.1	24.675	86	90	85	77	51	2	3	75	1	74	8.35e-18	76.1
tr|E8XIQ7|E8XIQ7_SALT4	GCF_000212735.1_WP_013764159.1	26.582	86	83	87	79	51	2	1	75	1	76	1.11e-17	75.8
tr|E8XIQ7|E8XIQ7_SALT4	GCF_002142475.1_WP_026148861.1	29.114	86	86	87	79	49	2	5	79	2	77	1.22e-17	75.8
tr|E8XIQ7|E8XIQ7_SALT4	GCF_013177675.1_WP_172128285.1	23.684	86	81	85	76	52	2	3	75	1	73	1.39e-17	75.5
tr|E8XIQ7|E8XIQ7_SALT4	GCF_010093065.1_WP_162331416.1	24.675	86	84	85	77	51	2	3	75	4	77	1.49e-17	75.5
tr|E8XIQ7|E8XIQ7_SALT4	GCF_001455205.1_WP_062560013.1	22.078	86	84	88	77	58	2	10	85	6	81	1.59e-17	75.2
tr|E8XIQ7|E8XIQ7_SALT4	GCF_004328865.1_WP_104643907.1	29.630	86	83	88	81	52	2	10	85	2	82	1.86e-17	75.2
tr|E8XIQ7|E8XIQ7_SALT4	GCF_013343005.1_WP_078482823.1	38.462	86	84	85	78	43	2	3	75	1	78	1.97e-17	75.2
tr|E8XIQ7|E8XIQ7_SALT4	GCF_024494545.1_WP_256384876.1	26.923	86	81	85	78	52	2	11	83	3	80	2.57e-17	74.7
tr|E8XIQ7|E8XIQ7_SALT4	GCF_003668795.1_WP_054981706.1	33.333	86	83	88	81	49	2	10	85	2	82	2.83e-17	74.7
tr|E8XIQ7|E8XIQ7_SALT4	GCF_001831495.1_WP_068547707.1	25.316	86	81	86	79	54	2	10	83	2	80	2.99e-17	74.7
tr|E8XIQ7|E8XIQ7_SALT4	GCF_003967195.1_WP_172597571.1	35.000	86	83	87	80	47	2	3	77	2	81	3.21e-17	74.7
tr|E8XIQ7|E8XIQ7_SALT4	GCF_024362845.1_WP_255230807.1	24.051	86	82	86	79	55	2	10	83	2	80	3.26e-17	74.7
tr|E8XIQ7|E8XIQ7_SALT4	GCF_003346815.1_WP_114840342.1	27.500	86	82	90	80	52	2	3	79	1	77	3.73e-17	74.4
tr|E8XIQ7|E8XIQ7_SALT4	GCF_003353065.1_WP_114983154.1	26.316	86	84	84	76	49	3	1	72	1	73	4.05e-17	74.4
tr|E8XIQ7|E8XIQ7_SALT4	GCF_008369605.1_WP_000253074.1	29.333	86	81	86	75	52	1	10	83	2	76	4.27e-17	74.1
tr|E8XIQ7|E8XIQ7_SALT4	GCF_000940995.1_WP_082060442.1	24.706	86	93	98	85	63	1	3	86	1	85	4.52e-17	74.4
tr|E8XIQ7|E8XIQ7_SALT4	GCF_900233005.1_WP_102521318.1	24.051	86	81	86	79	55	2	10	83	2	80	4.70e-17	74.1
tr|E8XIQ7|E8XIQ7_SALT4	GCF_002849875.1_WP_232379112.1	26.744	86	113	91	86	55	2	6	83	28	113	5.44e-17	74.7
tr|E8XIQ7|E8XIQ7_SALT4	GCF_013177635.1_WP_129095542.1	24.324	86	72	83	74	50	2	3	73	1	71	5.93e-17	73.8
tr|E8XIQ7|E8XIQ7_SALT4	GCF_002221525.1_WP_089349457.1	33.333	86	83	88	81	49	2	10	85	2	82	6.78e-17	73.8
tr|E8XIQ7|E8XIQ7_SALT4	GCF_024347495.1_WP_137371745.1	28.378	86	80	85	74	52	1	10	82	2	75	7.44e-17	73.5
tr|E8XIQ7|E8XIQ7_SALT4	GCF_001651805.1_WP_067384150.1	39.437	86	78	77	71	38	3	7	72	4	74	7.66e-17	73.5
tr|E8XIQ7|E8XIQ7_SALT4	GCF_902810445.1_WP_197744199.1	23.171	86	78	91	82	55	4	3	80	1	78	7.78e-17	73.5
tr|E8XIQ7|E8XIQ7_SALT4	GCF_000021985.1_WP_012639500.1	33.784	86	82	80	74	44	2	3	71	1	74	7.81e-17	73.5
tr|E8XIQ7|E8XIQ7_SALT4	GCF_000238395.3_WP_010553578.1	28.395	86	83	88	81	53	2	10	85	2	82	8.34e-17	73.5
tr|E8XIQ7|E8XIQ7_SALT4	GCF_001456255.1_WP_020335096.1	29.487	86	81	85	78	50	2	12	84	4	81	8.65e-17	73.5
tr|E8XIQ7|E8XIQ7_SALT4	GCF_013201725.1_WP_014475480.1	29.730	86	74	83	74	46	2	3	73	1	71	9.63e-17	73.3
tr|E8XIQ7|E8XIQ7_SALT4	GCF_003063625.1_WP_108601906.1	28.571	86	85	86	77	52	1	10	83	5	81	9.95e-17	73.3
tr|E8XIQ7|E8XIQ7_SALT4	GCF_018736065.1_WP_144074266.1	30.882	86	76	79	68	43	2	7	74	10	73	1.01e-16	73.3
tr|E8XIQ7|E8XIQ7_SALT4	GCF_003970675.1_WP_126615366.1	30.882	86	76	79	68	43	2	7	74	10	73	1.05e-16	73.3
tr|E8XIQ7|E8XIQ7_SALT4	GCF_005877035.1_WP_039486662.1	29.630	86	83	88	81	52	2	10	85	2	82	1.13e-16	73.3
tr|E8XIQ7|E8XIQ7_SALT4	GCF_024746855.1_WP_260492542.1	26.923	86	79	86	78	53	1	10	83	2	79	1.14e-16	73.0
tr|E8XIQ7|E8XIQ7_SALT4	GCF_009938015.1_WP_223264517.1	31.646	86	90	86	79	49	3	1	74	1	79	1.16e-16	73.3
tr|E8XIQ7|E8XIQ7_SALT4	GCF_003544915.1_WP_118918525.1	27.632	86	73	85	76	49	2	3	75	1	73	1.21e-16	73.0
tr|E8XIQ7|E8XIQ7_SALT4	GCF_003346775.1_WP_114843067.1	23.377	86	84	86	77	53	2	3	76	1	74	1.22e-16	73.0
tr|E8XIQ7|E8XIQ7_SALT4	GCF_001999225.1_WP_077537996.1	24.691	86	82	88	81	56	2	10	85	2	82	1.23e-16	73.0
tr|E8XIQ7|E8XIQ7_SALT4	GCF_002906475.1_WP_012130247.1	28.571	86	81	84	77	50	2	12	83	4	80	1.26e-16	73.0
tr|E8XIQ7|E8XIQ7_SALT4	GCF_008632455.1_WP_150048082.1	23.377	86	84	88	77	57	2	9	84	5	80	1.67e-16	72.7
tr|E8XIQ7|E8XIQ7_SALT4	GCF_001955715.1_WP_029708890.1	30.137	86	80	80	73	44	2	5	73	2	71	1.84e-16	72.7
tr|E8XIQ7|E8XIQ7_SALT4	GCF_002021755.1_WP_005434844.1	28.571	86	81	84	77	50	2	12	83	4	80	1.87e-16	72.7
tr|E8XIQ7|E8XIQ7_SALT4	GCF_000828615.1_WP_041064380.1	31.646	86	80	86	79	49	3	1	74	1	79	1.97e-16	72.4
tr|E8XIQ7|E8XIQ7_SALT4	GCF_000019525.1_WP_012323084.1	26.316	86	81	87	76	55	1	10	84	2	77	2.12e-16	72.4
tr|E8XIQ7|E8XIQ7_SALT4	GCF_016613475.2_WP_200606805.1	21.053	86	90	84	76	53	2	4	75	5	77	2.17e-16	72.7
tr|E8XIQ7|E8XIQ7_SALT4	GCF_002355735.1_WP_096359192.1	27.632	86	83	84	76	51	2	4	75	7	82	2.25e-16	72.4
tr|E8XIQ7|E8XIQ7_SALT4	GCF_000770115.1_WP_069687890.1	27.273	86	81	84	77	51	2	12	83	4	80	2.34e-16	72.4
tr|E8XIQ7|E8XIQ7_SALT4	GCF_013201935.1_WP_129014602.1	24.324	86	72	83	74	50	2	3	73	1	71	2.68e-16	72.1
tr|E8XIQ7|E8XIQ7_SALT4	GCF_007197555.1_WP_144048375.1	26.190	86	94	90	84	55	2	6	82	3	86	2.72e-16	72.4
tr|E8XIQ7|E8XIQ7_SALT4	GCF_010119975.1_WP_162445115.1	25.882	86	365	94	85	55	2	4	84	8	88	2.82e-16	76.9
tr|E8XIQ7|E8XIQ7_SALT4	GCF_002355415.1_WP_148665551.1	31.507	86	87	80	73	46	2	6	74	13	85	3.34e-16	72.1
tr|E8XIQ7|E8XIQ7_SALT4	GCF_019703835.1_WP_087020305.1	32.911	86	79	87	79	46	2	12	86	3	78	3.36e-16	71.9
tr|E8XIQ7|E8XIQ7_SALT4	GCF_019670485.1_WP_221071211.1	31.169	86	81	84	77	48	2	12	83	4	80	4.17e-16	71.6
tr|E8XIQ7|E8XIQ7_SALT4	GCF_008931805.1_WP_019441510.1	25.000	86	81	87	80	55	2	10	84	2	81	4.51e-16	71.6
tr|E8XIQ7|E8XIQ7_SALT4	GCF_002557795.1_WP_098194977.1	24.390	86	89	85	82	50	3	3	75	1	79	5.56e-16	71.6
tr|E8XIQ7|E8XIQ7_SALT4	GCF_000024825.1_WP_005460845.1	28.205	86	81	85	78	51	2	12	84	4	81	5.73e-16	71.3
tr|E8XIQ7|E8XIQ7_SALT4	GCF_004028275.1_WP_128384077.1	24.286	86	77	77	70	49	2	9	74	2	71	5.80e-16	71.3
tr|E8XIQ7|E8XIQ7_SALT4	GCF_008807855.1_WP_063240334.1	24.359	86	83	86	78	52	2	2	75	3	77	5.83e-16	71.3
tr|E8XIQ7|E8XIQ7_SALT4	GCF_026427595.1_WP_251812951.1	25.000	86	88	87	80	55	2	12	86	7	86	6.25e-16	71.3
tr|E8XIQ7|E8XIQ7_SALT4	GCF_002157225.2_WP_086934278.1	28.767	86	80	85	73	52	0	10	82	5	77	8.51e-16	71.0
tr|E8XIQ7|E8XIQ7_SALT4	GCF_019797925.1_WP_193521737.1	27.273	86	80	85	77	52	1	11	83	3	79	8.86e-16	70.7
tr|E8XIQ7|E8XIQ7_SALT4	GCF_015209785.1_WP_193988300.1	42.647	86	73	78	68	38	1	6	72	2	69	9.55e-16	70.7
tr|E8XIQ7|E8XIQ7_SALT4	GCF_002215215.1_WP_088918776.1	35.714	86	101	80	70	43	2	5	73	15	83	9.59e-16	71.3
tr|E8XIQ7|E8XIQ7_SALT4	GCF_013201665.1_WP_128359868.1	21.951	86	81	92	82	58	2	3	81	1	79	9.75e-16	70.7
tr|E8XIQ7|E8XIQ7_SALT4	GCF_002218045.2_WP_089137819.1	38.889	86	79	79	72	40	2	6	73	5	76	1.18e-15	70.4
tr|E8XIQ7|E8XIQ7_SALT4	GCF_003568825.1_WP_040644076.1	21.795	86	83	86	78	57	1	10	83	2	79	1.49e-15	70.4
tr|E8XIQ7|E8XIQ7_SALT4	GCF_006364355.1_WP_004727652.1	20.732	86	83	90	82	60	2	10	86	2	83	1.51e-15	70.2
tr|E8XIQ7|E8XIQ7_SALT4	GCF_020091585.1_WP_224339804.1	22.368	86	82	84	76	52	2	5	76	2	74	1.72e-15	70.2
tr|E8XIQ7|E8XIQ7_SALT4	GCF_000321415.2_WP_015260329.1	30.588	86	93	94	85	55	2	1	81	1	85	1.91e-15	70.2
tr|E8XIQ7|E8XIQ7_SALT4	GCF_001431725.1_WP_021820278.1	20.000	86	81	87	80	59	2	10	84	2	81	2.04e-15	69.9
tr|E8XIQ7|E8XIQ7_SALT4	GCF_004421105.1_WP_134356453.1	20.513	86	80	86	78	55	3	5	78	2	76	2.14e-15	69.9
tr|E8XIQ7|E8XIQ7_SALT4	GCF_008122265.1_WP_148863603.1	22.368	86	84	84	76	52	2	5	76	2	74	2.20e-15	69.9
tr|E8XIQ7|E8XIQ7_SALT4	GCF_000026085.1_WP_041454550.1	40.845	86	73	80	71	39	3	6	74	2	71	2.44e-15	69.6
tr|E8XIQ7|E8XIQ7_SALT4	GCF_005166025.1_WP_137090244.1	27.632	86	84	84	76	48	2	3	74	1	73	2.62e-15	69.6
tr|E8XIQ7|E8XIQ7_SALT4	GCF_002887615.1_WP_038869703.1	27.273	86	81	84	77	51	2	12	83	4	80	4.10e-15	69.0
tr|E8XIQ7|E8XIQ7_SALT4	GCF_001442805.1_WP_057942092.1	26.027	86	88	80	73	47	2	6	74	7	76	4.20e-15	69.3
tr|E8XIQ7|E8XIQ7_SALT4	GCF_000143085.1_WP_013221711.1	21.333	86	82	83	75	52	3	5	75	2	73	5.30e-15	68.8
tr|E8XIQ7|E8XIQ7_SALT4	GCF_019977755.1_WP_126608378.1	30.588	86	103	86	85	48	3	10	83	16	100	6.06e-15	69.0
tr|E8XIQ7|E8XIQ7_SALT4	GCF_002157895.1_WP_227874980.1	23.750	86	82	87	80	56	2	10	84	3	82	7.57e-15	68.5
tr|E8XIQ7|E8XIQ7_SALT4	GCF_000014785.1_WP_011630183.1	33.766	86	83	85	77	47	3	4	76	7	83	8.40e-15	68.5
tr|E8XIQ7|E8XIQ7_SALT4	GCF_002356115.1_WP_096526481.1	18.667	86	78	83	75	54	2	5	75	2	73	9.35e-15	68.2
tr|E8XIQ7|E8XIQ7_SALT4	GCF_001956695.1_WP_076086034.1	18.987	86	77	87	79	57	2	7	81	2	77	9.65e-15	68.2
tr|E8XIQ7|E8XIQ7_SALT4	GCF_000227685.2_WP_006746304.1	29.630	86	83	90	81	53	2	1	77	1	81	9.85e-15	68.2
tr|E8XIQ7|E8XIQ7_SALT4	GCF_024347275.1_WP_019620968.1	28.750	86	82	87	80	52	3	6	80	3	82	1.02e-14	68.2
tr|E8XIQ7|E8XIQ7_SALT4	GCF_018389385.1_WP_218082190.1	20.270	86	91	81	74	52	2	4	73	15	85	1.08e-14	68.2
tr|E8XIQ7|E8XIQ7_SALT4	GCF_024347195.1_WP_271272618.1	36.111	86	77	79	72	42	3	5	72	2	73	1.14e-14	67.9
tr|E8XIQ7|E8XIQ7_SALT4	GCF_000012805.1_WP_011330264.1	20.000	86	85	83	75	53	3	5	75	2	73	1.17e-14	68.2
tr|E8XIQ7|E8XIQ7_SALT4	GCF_000788395.1_WP_038641921.1	30.882	86	85	78	68	46	1	8	74	3	70	1.23e-14	67.9
tr|E8XIQ7|E8XIQ7_SALT4	GCF_000317125.1_WP_015155280.1	20.253	86	81	87	79	56	3	5	79	2	77	1.43e-14	67.9
tr|E8XIQ7|E8XIQ7_SALT4	GCF_001050135.1_WP_048644179.1	26.582	86	88	87	79	51	3	1	75	1	76	1.78e-14	67.6
tr|E8XIQ7|E8XIQ7_SALT4	GCF_009363415.1_WP_152430616.1	18.987	86	84	86	79	59	2	10	83	2	80	1.89e-14	67.6
tr|E8XIQ7|E8XIQ7_SALT4	GCF_023733635.1_WP_039959400.1	31.507	86	89	79	73	45	2	5	72	2	74	2.01e-14	67.6
tr|E8XIQ7|E8XIQ7_SALT4	GCF_017638925.1_WP_208844867.1	25.333	86	81	83	75	52	1	11	81	3	77	3.39e-14	66.8
tr|E8XIQ7|E8XIQ7_SALT4	GCF_004798725.1_WP_010811758.1	21.795	86	83	86	78	54	2	2	75	3	77	3.51e-14	66.8
tr|E8XIQ7|E8XIQ7_SALT4	GCF_012295615.1_WP_007018284.1	18.182	86	81	84	77	58	2	12	83	4	80	4.14e-14	66.5
tr|E8XIQ7|E8XIQ7_SALT4	GCF_003955735.1_WP_126127786.1	23.457	86	91	90	81	55	3	2	78	4	81	4.94e-14	66.5
tr|E8XIQ7|E8XIQ7_SALT4	GCF_024347255.1_WP_091360415.1	32.877	86	79	79	73	44	2	5	72	2	74	6.76e-14	65.9
tr|E8XIQ7|E8XIQ7_SALT4	GCF_000092245.1_WP_013136435.1	30.137	86	76	81	73	45	2	7	76	2	71	6.91e-14	65.9
tr|E8XIQ7|E8XIQ7_SALT4	GCF_001956695.1_WP_076086043.1	25.676	86	77	83	74	49	2	5	75	2	72	8.77e-14	65.7
tr|E8XIQ7|E8XIQ7_SALT4	GCF_019891175.1_WP_225938383.1	21.687	86	93	92	83	57	3	1	79	7	85	9.27e-14	65.9
tr|E8XIQ7|E8XIQ7_SALT4	GCF_013283835.1_WP_071625892.1	24.000	86	79	80	75	48	2	7	75	2	73	2.58e-13	64.5
tr|E8XIQ7|E8XIQ7_SALT4	GCF_000222485.1_WP_014022977.1	21.795	86	85	86	78	54	3	1	74	1	75	2.79e-13	64.5
tr|E8XIQ7|E8XIQ7_SALT4	GCF_003722295.1_WP_010573895.1	23.684	86	75	81	76	49	2	5	74	2	74	3.75e-13	64.0
tr|E8XIQ7|E8XIQ7_SALT4	GCF_000018105.1_WP_012162738.1	15.190	86	86	87	79	60	2	5	79	2	77	4.09e-13	64.3
tr|E8XIQ7|E8XIQ7_SALT4	GCF_000024725.1_WP_013031543.1	20.513	86	81	86	78	55	3	5	78	2	76	5.16e-13	63.7
tr|E8XIQ7|E8XIQ7_SALT4	GCF_000012325.1_WP_011045621.1	26.866	86	84	78	67	49	0	10	76	5	71	5.17e-13	64.0
tr|E8XIQ7|E8XIQ7_SALT4	GCF_002309535.1_WP_096047558.1	22.500	86	88	90	80	56	2	9	85	4	80	5.49e-13	64.0
tr|E8XIQ7|E8XIQ7_SALT4	GCF_024347215.1_WP_261843265.1	36.111	86	77	79	72	42	3	5	72	2	73	7.97e-13	63.1
tr|E8XIQ7|E8XIQ7_SALT4	GCF_000265505.1_WP_014796533.1	23.529	86	97	86	85	54	2	4	77	3	87	1.08e-12	63.4
tr|E8XIQ7|E8XIQ7_SALT4	GCF_000014705.1_WP_011637758.1	22.892	86	88	91	83	59	2	9	86	3	85	1.13e-12	63.1
tr|E8XIQ7|E8XIQ7_SALT4	GCF_000973725.1_WP_046311560.1	21.795	86	91	86	78	54	2	3	76	1	75	1.45e-12	62.9
tr|E8XIQ7|E8XIQ7_SALT4	GCF_000019185.1_WP_012277931.1	22.449	86	100	86	98	52	3	10	83	2	99	1.48e-12	63.1
tr|E8XIQ7|E8XIQ7_SALT4	GCF_000317575.1_WP_015193670.1	25.000	86	74	84	76	49	4	3	74	1	72	1.71e-12	62.3
tr|E8XIQ7|E8XIQ7_SALT4	GCF_013201665.1_WP_128358834.1	19.481	86	76	86	77	56	2	7	80	2	75	2.88e-12	61.7
tr|E8XIQ7|E8XIQ7_SALT4	GCF_013282625.1_WP_173286717.1	27.941	86	67	79	68	46	1	9	76	2	66	5.29e-12	60.9
tr|E8XIQ7|E8XIQ7_SALT4	GCF_013201935.1_WP_128987185.1	19.444	86	76	80	72	52	2	7	75	2	70	6.03e-12	60.9
tr|E8XIQ7|E8XIQ7_SALT4	GCF_013177635.1_WP_129095951.1	20.833	86	76	80	72	51	2	7	75	2	70	7.18e-12	60.9
tr|E8XIQ7|E8XIQ7_SALT4	GCF_001705075.2_WP_065970077.1	25.641	86	78	86	78	54	2	3	76	1	78	8.42e-12	60.6
tr|E8XIQ7|E8XIQ7_SALT4	GCF_003544815.1_WP_118886031.1	20.833	86	76	80	72	51	2	7	75	2	70	1.23e-11	60.3
tr|E8XIQ7|E8XIQ7_SALT4	GCF_000568815.1_WP_025346049.1	19.481	86	76	86	77	56	2	8	81	3	76	1.65e-11	59.8
tr|E8XIQ7|E8XIQ7_SALT4	GCF_009937995.1_WP_179954406.1	24.675	86	79	84	77	53	2	5	76	2	78	3.99e-11	58.9
tr|E8XIQ7|E8XIQ7_SALT4	GCF_000238255.3_WP_010559905.1	24.390	86	86	92	82	59	2	8	86	3	84	5.08e-11	58.9
tr|E8XIQ7|E8XIQ7_SALT4	GCF_006385555.1_WP_140234395.1	25.000	86	87	87	80	55	2	8	82	2	81	5.68e-11	58.6
tr|E8XIQ7|E8XIQ7_SALT4	GCF_013177675.1_WP_172126669.1	22.078	86	77	86	77	54	2	7	80	2	75	5.93e-11	58.3
tr|E8XIQ7|E8XIQ7_SALT4	GCF_011398355.1_WP_173270160.1	27.692	86	65	76	65	44	1	9	73	2	63	6.41e-11	58.1
tr|E8XIQ7|E8XIQ7_SALT4	GCF_003855395.1_WP_124730567.1	22.892	86	88	91	83	59	3	9	86	3	85	7.57e-11	58.3
tr|E8XIQ7|E8XIQ7_SALT4	GCF_001723605.1_WP_069479051.1	20.270	86	76	83	74	53	2	10	80	5	75	9.40e-11	58.1
tr|E8XIQ7|E8XIQ7_SALT4	GCF_021654855.1_WP_237262080.1	26.471	86	70	74	68	43	2	10	73	3	67	9.56e-11	57.8
tr|E8XIQ7|E8XIQ7_SALT4	GCF_000147355.1_WP_013326989.1	27.692	86	67	70	65	42	2	23	82	1	65	9.97e-11	57.8
tr|E8XIQ7|E8XIQ7_SALT4	GCF_004293625.1_WP_130538367.1	35.593	86	71	69	59	35	1	9	67	2	57	1.64e-10	57.2
tr|E8XIQ7|E8XIQ7_SALT4	GCF_000265295.1_WP_014770430.1	20.779	86	76	86	77	55	2	8	81	3	76	1.75e-10	57.2
tr|E8XIQ7|E8XIQ7_SALT4	GCF_003346815.1_WP_114840344.1	25.974	86	84	86	77	50	3	3	76	1	73	2.79e-10	56.9
tr|E8XIQ7|E8XIQ7_SALT4	GCF_009931655.1_WP_161888514.1	18.987	86	89	87	79	57	2	3	77	1	76	3.34e-10	56.7
tr|E8XIQ7|E8XIQ7_SALT4	GCF_024347675.1_WP_261833361.1	32.558	86	54	50	43	29	0	10	52	2	44	3.76e-10	56.1
tr|E8XIQ7|E8XIQ7_SALT4	GCF_000006765.1_NP_249630.1	32.143	86	108	91	84	51	1	5	82	2	85	4.62e-10	56.7
tr|E8XIQ7|E8XIQ7_SALT4	GCF_020511155.1_WP_226415657.1	16.250	86	87	87	80	62	2	8	82	3	82	4.65e-10	56.4
tr|E8XIQ7|E8XIQ7_SALT4	GCF_000018285.1_WP_012155987.1	19.588	86	102	83	97	52	3	11	81	3	99	1.27e-09	55.5
tr|E8XIQ7|E8XIQ7_SALT4	GCF_011398355.1_WP_173270199.1	25.758	86	66	77	66	46	1	9	74	2	64	1.81e-09	54.4
tr|E8XIQ7|E8XIQ7_SALT4	GCF_026278345.1_WP_266369249.1	24.658	86	90	80	73	48	3	5	73	2	71	1.91e-09	55.0
tr|E8XIQ7|E8XIQ7_SALT4	GCF_017742995.1_WP_247749573.1	47.222	86	48	42	36	19	0	10	45	2	37	2.09e-09	54.1
tr|E8XIQ7|E8XIQ7_SALT4	GCF_014217805.1_WP_185274331.1	19.737	86	91	84	76	54	2	5	76	6	78	2.31e-09	54.7
tr|E8XIQ7|E8XIQ7_SALT4	GCF_001444405.1_WP_058032142.1	28.788	86	87	76	66	46	1	10	74	2	67	2.56e-09	54.4
tr|E8XIQ7|E8XIQ7_SALT4	GCF_003967275.1_WP_197721837.1	31.081	86	78	81	74	47	3	3	72	1	74	2.63e-09	54.4
tr|E8XIQ7|E8XIQ7_SALT4	GCF_023650495.1_WP_250655372.1	24.528	86	88	57	53	36	1	8	56	3	55	3.24e-09	54.1
tr|E8XIQ7|E8XIQ7_SALT4	GCF_013283835.1_WP_071628250.1	24.658	86	81	81	73	49	2	6	75	3	72	4.20e-09	53.8
tr|E8XIQ7|E8XIQ7_SALT4	GCF_002116735.1_WP_041332374.1	16.456	86	86	87	79	59	2	2	76	5	80	5.51e-09	53.6
tr|E8XIQ7|E8XIQ7_SALT4	GCF_000013765.1_WP_011496543.1	20.253	86	106	86	79	58	2	10	83	23	101	1.68e-08	52.7
tr|E8XIQ7|E8XIQ7_SALT4	GCF_005281475.1_WP_137401239.1	24.658	86	81	81	73	49	3	6	75	2	71	3.00e-08	51.6
tr|E8XIQ7|E8XIQ7_SALT4	GCF_003260975.1_WP_112783789.1	21.918	86	81	81	73	51	3	6	75	2	71	4.29e-08	51.3
tr|E8XIQ7|E8XIQ7_SALT4	GCF_011398155.1_WP_173291533.1	19.697	86	71	76	66	49	2	10	74	3	65	4.34e-08	51.0
tr|E8XIQ7|E8XIQ7_SALT4	GCF_006575665.1_WP_141613356.1	24.658	86	81	81	73	49	3	6	75	2	71	4.40e-08	51.3
tr|E8XIQ7|E8XIQ7_SALT4	GCF_014075995.1_WP_182414414.1	17.949	86	91	86	78	57	2	3	76	4	78	5.86e-08	51.0
tr|E8XIQ7|E8XIQ7_SALT4	GCF_000242635.2_WP_014682426.1	18.571	86	83	77	70	50	2	14	79	11	77	2.90e-07	49.1
tr|E8XIQ7|E8XIQ7_SALT4	GCF_000484535.1_WP_023173213.1	29.231	86	91	74	65	45	1	12	75	24	88	7.56e-07	48.2
tr|E8XIQ7|E8XIQ7_SALT4	GCF_021018745.1_WP_230843504.1	27.692	86	92	74	65	46	1	12	75	24	88	9.29e-07	47.9
tr|E8XIQ7|E8XIQ7_SALT4	GCF_019931735.1_WP_223417223.1	16.667	86	87	85	78	60	3	10	82	4	81	1.41e-06	47.4
tr|E8XIQ7|E8XIQ7_SALT4	GCF_011764585.1_WP_188200227.1	25.000	86	63	59	56	37	2	23	73	2	57	1.84e-06	46.8
tr|E8XIQ7|E8XIQ7_SALT4	GCF_001027285.1_WP_047859305.1	22.449	86	80	57	49	38	0	12	60	12	60	2.09e-06	46.8
tr|E8XIQ7|E8XIQ7_SALT4	GCF_000011385.1_WP_011141833.1	27.692	86	92	74	65	46	1	12	75	24	88	2.95e-06	46.8
tr|E8XIQ7|E8XIQ7_SALT4	GCF_000325705.1_WP_015264554.1	21.622	86	77	83	74	52	3	10	80	6	76	1.11e-04	42.6
tr|E8XIQ7|E8XIQ7_SALT4	GCF_009937995.1_WP_162085741.1	27.500	86	82	86	80	52	2	3	76	1	80	6.04e-04	40.6
tr|E8XIQ7|E8XIQ7_SALT4	GCF_010119975.1_WP_162441452.1	14.286	86	89	85	77	59	2	3	75	1	74	0.002	39.5
tr|E8XIQ7|E8XIQ7_SALT4	GCF_003143555.1_WP_109340539.1	14.667	86	84	84	75	61	2	12	83	5	79	0.002	39.2
tr|E8XIQ7|E8XIQ7_SALT4	GCF_010119975.1_WP_162443195.1	16.456	86	91	87	79	59	2	3	77	1	76	0.003	38.9
tr|E8XIQ7|E8XIQ7_SALT4	GCF_009938015.1_WP_147074368.1	24.691	86	82	86	81	53	5	3	76	1	80	0.006	38.1
tr|E8XIQ7|E8XIQ7_SALT4	GCF_003945325.1_WP_125566010.1	24.590	86	327	63	61	39	3	24	77	165	225	0.008	40.1
tr|E8XIQ7|E8XIQ7_SALT4	GCF_001263175.1_WP_050726405.1	26.667	86	81	52	45	33	0	12	56	12	56	0.008	37.8
