tr|H8GH92|H8GH92_METAL	GCF_004353845.1_WP_103770713.1	42.169	88	93	94	83	48	0	3	85	7	89	8.12e-33	114
tr|H8GH92|H8GH92_METAL	GCF_001597285.1_WP_061903727.1	40.449	88	92	100	89	52	1	1	88	1	89	9.72e-33	114
tr|H8GH92|H8GH92_METAL	GCF_000733715.2_WP_017362912.1	31.395	88	90	98	86	59	0	3	88	4	89	1.28e-32	114
tr|H8GH92|H8GH92_METAL	GCF_008693605.1_WP_223849061.1	43.373	88	95	94	83	47	0	3	85	8	90	1.32e-32	114
tr|H8GH92|H8GH92_METAL	GCF_001461805.1_WP_013367515.1	29.070	88	86	98	86	56	2	2	87	6	86	1.37e-32	113
tr|H8GH92|H8GH92_METAL	GCF_021172065.1_WP_015965827.1	32.558	88	86	98	86	53	2	2	87	6	86	1.38e-32	113
tr|H8GH92|H8GH92_METAL	GCF_020097475.1_WP_000062318.1	29.070	88	86	98	86	56	2	2	87	6	86	1.52e-32	113
tr|H8GH92|H8GH92_METAL	GCF_001518835.1_WP_059308693.1	30.233	88	86	98	86	55	2	2	87	6	86	1.58e-32	113
tr|H8GH92|H8GH92_METAL	GCF_003812345.1_WP_121571778.1	43.373	88	94	94	83	47	0	3	85	7	89	2.11e-32	113
tr|H8GH92|H8GH92_METAL	GCF_009036245.1_WP_025756830.1	30.233	88	86	98	86	55	2	2	87	6	86	2.17e-32	113
tr|H8GH92|H8GH92_METAL	GCF_009176645.1_WP_152083529.1	29.070	88	86	98	86	56	2	2	87	6	86	3.76e-32	112
tr|H8GH92|H8GH92_METAL	GCF_003594935.2_WP_006173581.1	29.070	88	86	98	86	56	2	2	87	6	86	4.81e-32	112
tr|H8GH92|H8GH92_METAL	GCF_002355475.1_WP_004421315.1	35.556	88	91	100	90	56	1	1	88	1	90	4.87e-32	112
tr|H8GH92|H8GH92_METAL	GCF_000297075.2_WP_003461742.1	31.765	88	90	97	85	58	0	2	86	3	87	4.93e-32	112
tr|H8GH92|H8GH92_METAL	GCF_024205225.1_WP_195881696.1	33.333	88	90	95	84	56	0	3	86	4	87	6.06e-32	112
tr|H8GH92|H8GH92_METAL	GCF_000006925.2_NP_706134.1	27.907	88	86	98	86	57	2	2	87	6	86	6.66e-32	112
tr|H8GH92|H8GH92_METAL	GCF_013409125.2_WP_099525265.1	31.765	88	90	97	85	58	0	2	86	3	87	8.27e-32	111
tr|H8GH92|H8GH92_METAL	GCF_000005845.2_NP_414731.2	27.907	88	84	98	86	57	2	2	87	4	84	8.75e-32	111
tr|H8GH92|H8GH92_METAL	GCF_001022135.1_WP_039078449.1	27.907	88	86	98	86	57	2	2	87	6	86	9.75e-32	111
tr|H8GH92|H8GH92_METAL	GCF_015137655.1_WP_028015593.1	30.233	88	86	98	86	55	2	2	87	6	86	9.98e-32	111
tr|H8GH92|H8GH92_METAL	GCF_023195735.1_WP_035891978.1	31.395	88	86	98	86	54	2	2	87	6	86	1.05e-31	111
tr|H8GH92|H8GH92_METAL	GCF_016904755.1_WP_059234959.1	26.744	88	86	98	86	58	2	2	87	6	86	1.08e-31	111
tr|H8GH92|H8GH92_METAL	GCF_000224675.1_WP_010426685.1	27.907	88	86	98	86	57	2	2	87	6	86	1.11e-31	111
tr|H8GH92|H8GH92_METAL	GCF_007632255.1_WP_015368146.1	29.070	88	86	98	86	56	2	2	87	6	86	1.26e-31	111
tr|H8GH92|H8GH92_METAL	GCF_001708425.1_WP_055136127.1	26.506	88	94	94	83	61	0	3	85	4	86	1.26e-31	111
tr|H8GH92|H8GH92_METAL	GCF_001683395.1_WP_017458015.1	27.907	88	86	98	86	57	2	2	87	6	86	1.32e-31	111
tr|H8GH92|H8GH92_METAL	GCF_001594225.2_WP_064379396.1	35.632	88	92	98	87	55	1	1	86	1	87	1.43e-31	111
tr|H8GH92|H8GH92_METAL	GCF_001729805.1_WP_008501890.1	27.907	88	86	98	86	57	2	2	87	6	86	1.55e-31	111
tr|H8GH92|H8GH92_METAL	GCF_013200955.2_WP_173204463.1	30.120	88	91	94	83	58	0	2	84	4	86	1.81e-31	110
tr|H8GH92|H8GH92_METAL	GCF_009649915.1_WP_062772223.1	31.395	88	86	98	86	54	2	2	87	6	86	1.84e-31	110
tr|H8GH92|H8GH92_METAL	GCF_001750725.1_WP_014168720.1	27.907	88	86	98	86	57	2	2	87	6	86	2.01e-31	110
tr|H8GH92|H8GH92_METAL	GCF_017167985.1_WP_093053415.1	34.884	88	92	98	86	56	0	2	87	3	88	2.67e-31	110
tr|H8GH92|H8GH92_METAL	GCF_004684345.1_WP_135323069.1	30.233	88	86	98	86	55	2	2	87	6	86	2.74e-31	110
tr|H8GH92|H8GH92_METAL	GCF_001658025.2_WP_007373243.1	30.233	88	86	98	86	55	2	2	87	6	86	2.92e-31	110
tr|H8GH92|H8GH92_METAL	GCF_003812345.1_WP_003018503.1	30.233	88	86	98	86	55	2	2	87	6	86	3.45e-31	110
tr|H8GH92|H8GH92_METAL	GCF_021278985.1_WP_012904575.1	29.070	88	86	98	86	56	2	2	87	6	86	3.76e-31	110
tr|H8GH92|H8GH92_METAL	GCF_018128425.1_WP_042289833.1	29.070	88	86	98	86	56	2	2	87	6	86	3.98e-31	110
tr|H8GH92|H8GH92_METAL	GCF_900638065.1_WP_048212636.1	30.233	88	86	98	86	55	2	2	87	6	86	4.34e-31	110
tr|H8GH92|H8GH92_METAL	GCF_025914095.1_WP_031518416.1	26.744	88	86	98	86	58	2	2	87	6	86	4.41e-31	110
tr|H8GH92|H8GH92_METAL	GCF_027886705.1_WP_061497537.1	27.907	88	86	98	86	57	2	2	87	6	86	4.70e-31	109
tr|H8GH92|H8GH92_METAL	GCF_025402875.1_WP_011791024.1	32.941	88	90	97	85	57	0	3	87	4	88	4.82e-31	110
tr|H8GH92|H8GH92_METAL	GCF_019048625.1_WP_023305471.1	28.235	88	86	97	85	56	2	3	87	7	86	5.09e-31	109
tr|H8GH92|H8GH92_METAL	GCF_001558935.2_WP_042323659.1	27.907	88	86	98	86	57	2	2	87	6	86	5.21e-31	109
tr|H8GH92|H8GH92_METAL	GCF_900682675.2_WP_069898892.1	33.721	88	94	98	86	57	0	2	87	3	88	5.28e-31	109
tr|H8GH92|H8GH92_METAL	GCF_004353845.1_WP_103768334.1	30.233	88	86	98	86	55	2	2	87	6	86	5.34e-31	109
tr|H8GH92|H8GH92_METAL	GCF_011397855.1_WP_044414183.1	33.708	88	90	100	89	58	1	1	88	1	89	6.47e-31	109
tr|H8GH92|H8GH92_METAL	GCF_009363135.1_WP_090122691.1	30.233	88	86	98	86	55	2	2	87	6	86	7.63e-31	109
tr|H8GH92|H8GH92_METAL	GCF_000240185.1_YP_005225236.1	27.907	88	86	98	86	57	2	2	87	6	86	9.39e-31	109
tr|H8GH92|H8GH92_METAL	GCF_004684345.1_WP_135321947.1	35.714	88	93	95	84	54	0	2	85	6	89	9.86e-31	109
tr|H8GH92|H8GH92_METAL	GCF_008693645.1_WP_137347870.1	37.349	88	89	94	83	52	0	3	85	7	89	1.14e-30	108
tr|H8GH92|H8GH92_METAL	GCF_017167985.1_WP_079784061.1	32.143	88	90	95	84	57	0	3	86	4	87	1.16e-30	108
tr|H8GH92|H8GH92_METAL	GCF_003261575.2_WP_110272453.1	29.070	88	86	98	86	56	2	2	87	6	86	1.24e-30	108
tr|H8GH92|H8GH92_METAL	GCF_001277255.1_WP_007666633.1	30.233	88	86	98	86	55	2	2	87	6	86	1.24e-30	108
tr|H8GH92|H8GH92_METAL	GCF_009648935.1_WP_047417117.1	29.070	88	86	98	86	56	2	2	87	6	86	1.37e-30	108
tr|H8GH92|H8GH92_METAL	GCF_013234275.1_WP_172895488.1	29.070	88	86	98	86	56	2	2	87	6	86	1.60e-30	108
tr|H8GH92|H8GH92_METAL	GCF_022637515.1_WP_064539750.1	29.070	88	86	98	86	56	2	2	87	6	86	1.77e-30	108
tr|H8GH92|H8GH92_METAL	GCF_018139045.1_WP_004129134.1	29.070	88	86	98	86	56	2	2	87	6	86	1.83e-30	108
tr|H8GH92|H8GH92_METAL	GCF_003812925.1_WP_004107903.1	27.907	88	86	98	86	57	2	2	87	6	86	1.84e-30	108
tr|H8GH92|H8GH92_METAL	GCF_000439255.1_WP_000062328.1	27.907	88	86	98	86	57	2	2	87	6	86	2.00e-30	108
tr|H8GH92|H8GH92_METAL	GCF_006711645.1_WP_100682484.1	29.070	88	86	98	86	56	2	2	87	6	86	2.34e-30	108
tr|H8GH92|H8GH92_METAL	GCF_012029655.1_WP_041144145.1	27.907	88	86	98	86	57	2	2	87	6	86	2.36e-30	108
tr|H8GH92|H8GH92_METAL	GCF_022637595.1_WP_004858152.1	27.907	88	86	98	86	57	2	2	87	6	86	2.60e-30	108
tr|H8GH92|H8GH92_METAL	GCF_015139575.1_WP_004098776.1	27.907	88	86	98	86	57	2	2	87	6	86	2.66e-30	108
tr|H8GH92|H8GH92_METAL	GCF_025758125.1_WP_023480196.1	29.070	88	86	98	86	56	2	2	87	6	86	2.81e-30	107
tr|H8GH92|H8GH92_METAL	GCF_000018045.1_WP_024130681.1	29.070	88	86	98	86	56	2	2	87	6	86	2.92e-30	107
tr|H8GH92|H8GH92_METAL	GCF_001277195.1_WP_032966924.1	30.233	88	86	98	86	55	2	2	87	6	86	3.22e-30	107
tr|H8GH92|H8GH92_METAL	GCF_024971755.1_WP_259474826.1	27.059	88	88	97	85	62	0	3	87	4	88	3.23e-30	107
tr|H8GH92|H8GH92_METAL	GCF_002393445.1_WP_061273728.1	25.581	88	86	98	86	59	2	2	87	6	86	3.74e-30	107
tr|H8GH92|H8GH92_METAL	GCF_002163605.1_WP_157665988.1	29.070	88	86	98	86	56	2	2	87	6	86	4.08e-30	107
tr|H8GH92|H8GH92_METAL	GCF_001277175.1_WP_007760020.1	30.233	88	86	98	86	55	2	2	87	6	86	4.49e-30	107
tr|H8GH92|H8GH92_METAL	GCF_008807375.1_WP_151138908.1	38.824	88	91	97	85	52	0	3	87	5	89	4.54e-30	107
tr|H8GH92|H8GH92_METAL	GCF_000178875.2_WP_012197738.1	28.235	88	90	97	85	61	0	3	87	4	88	5.94e-30	107
tr|H8GH92|H8GH92_METAL	GCF_024224615.1_WP_125293588.1	30.588	88	86	97	85	54	2	2	86	6	85	6.52e-30	107
tr|H8GH92|H8GH92_METAL	GCF_012767755.2_WP_173176508.1	35.632	88	91	99	87	53	1	2	88	3	86	6.92e-30	107
tr|H8GH92|H8GH92_METAL	GCF_003935895.2_WP_110510858.1	26.744	88	86	98	86	58	2	2	87	6	86	7.41e-30	107
tr|H8GH92|H8GH92_METAL	GCF_000006945.2_NP_459242.1	27.907	88	86	98	86	57	2	2	87	6	86	7.83e-30	106
tr|H8GH92|H8GH92_METAL	GCF_001277215.2_WP_007776988.1	29.070	88	86	98	86	56	2	2	87	6	86	9.33e-30	106
tr|H8GH92|H8GH92_METAL	GCF_024347355.1_WP_105024956.1	39.759	88	83	94	83	50	0	5	87	1	83	1.00e-29	106
tr|H8GH92|H8GH92_METAL	GCF_900635955.1_WP_126357486.1	25.581	88	86	98	86	59	2	2	87	6	86	1.14e-29	106
tr|H8GH92|H8GH92_METAL	GCF_000834395.1_WP_042546713.1	29.412	88	86	97	85	55	2	3	87	7	86	1.23e-29	106
tr|H8GH92|H8GH92_METAL	GCF_002953195.1_WP_038628016.1	25.581	88	87	98	86	59	2	2	87	6	86	1.28e-29	106
tr|H8GH92|H8GH92_METAL	GCF_017329545.1_WP_047884589.1	36.905	88	95	95	84	53	0	3	86	5	88	1.49e-29	106
tr|H8GH92|H8GH92_METAL	GCF_004124235.1_WP_025377303.1	29.412	88	86	97	85	55	2	3	87	7	86	1.64e-29	105
tr|H8GH92|H8GH92_METAL	GCF_002355475.1_WP_003455993.1	33.721	88	90	98	86	57	0	3	88	2	87	1.88e-29	105
tr|H8GH92|H8GH92_METAL	GCF_011068345.1_WP_002436992.1	30.588	88	86	97	85	54	2	2	86	6	85	1.97e-29	105
tr|H8GH92|H8GH92_METAL	GCF_000222975.1_WP_002218374.1	29.412	88	86	97	85	55	2	3	87	7	86	2.13e-29	105
tr|H8GH92|H8GH92_METAL	GCF_020079945.1_WP_039382769.1	24.706	88	87	97	85	59	2	2	86	6	85	2.17e-29	105
tr|H8GH92|H8GH92_METAL	GCF_002204915.1_WP_052690899.1	34.940	88	101	94	83	54	0	4	86	19	101	2.27e-29	105
tr|H8GH92|H8GH92_METAL	GCF_013282725.1_WP_032813813.1	30.588	88	86	97	85	54	2	3	87	7	86	2.48e-29	105
tr|H8GH92|H8GH92_METAL	GCF_002101395.1_WP_085067900.1	24.419	88	87	98	86	60	2	2	87	6	86	2.78e-29	105
tr|H8GH92|H8GH92_METAL	GCF_009914055.1_WP_160619715.1	25.581	88	87	98	86	59	2	2	87	6	86	3.20e-29	105
tr|H8GH92|H8GH92_METAL	GCF_011617105.1_WP_025800203.1	27.059	88	86	97	85	57	2	3	87	7	86	3.25e-29	105
tr|H8GH92|H8GH92_METAL	GCF_000233595.1_WP_013024706.1	29.070	88	86	98	86	56	2	2	87	6	86	3.27e-29	105
tr|H8GH92|H8GH92_METAL	GCF_014524625.1_WP_009050814.1	29.070	88	92	98	86	61	0	2	87	3	88	3.32e-29	105
tr|H8GH92|H8GH92_METAL	GCF_023517775.1_WP_249893541.1	24.419	88	87	98	86	60	2	2	87	6	86	3.39e-29	105
tr|H8GH92|H8GH92_METAL	GCF_000834455.1_WP_032817050.1	29.412	88	86	97	85	55	2	3	87	7	86	3.60e-29	105
tr|H8GH92|H8GH92_METAL	GCF_003957745.1_WP_126168493.1	29.412	88	87	97	85	60	0	2	86	3	87	4.30e-29	105
tr|H8GH92|H8GH92_METAL	GCF_019047765.1_WP_040231149.1	33.735	88	89	94	83	55	0	3	85	7	89	4.46e-29	105
tr|H8GH92|H8GH92_METAL	GCF_025133195.1_WP_032910235.1	29.412	88	86	97	85	55	2	3	87	7	86	5.23e-29	104
tr|H8GH92|H8GH92_METAL	GCF_005484945.1_WP_137712817.1	25.882	88	86	97	85	58	2	3	87	7	86	5.36e-29	104
tr|H8GH92|H8GH92_METAL	GCF_900095885.1_WP_035340381.1	25.882	88	86	97	85	58	2	3	87	7	86	5.85e-29	104
tr|H8GH92|H8GH92_METAL	GCF_021276285.1_WP_095923198.1	29.412	88	86	97	85	55	2	3	87	7	86	5.99e-29	104
tr|H8GH92|H8GH92_METAL	GCF_019890955.1_WP_211725887.1	24.706	88	87	97	85	59	2	2	86	6	85	6.71e-29	104
tr|H8GH92|H8GH92_METAL	GCF_017915135.1_WP_210390879.1	29.412	88	90	97	85	60	0	3	87	4	88	6.81e-29	104
tr|H8GH92|H8GH92_METAL	GCF_003019925.1_WP_162185254.1	26.744	88	86	98	86	58	2	2	87	6	86	7.66e-29	104
tr|H8GH92|H8GH92_METAL	GCF_009730055.1_WP_032906500.1	29.412	88	86	97	85	55	2	3	87	7	86	9.42e-29	104
tr|H8GH92|H8GH92_METAL	GCF_020683125.1_WP_133842177.1	27.907	88	88	98	86	57	2	2	87	7	87	9.46e-29	104
tr|H8GH92|H8GH92_METAL	GCF_024347475.1_WP_239840920.1	41.463	88	83	93	82	48	0	5	86	1	82	1.03e-28	103
tr|H8GH92|H8GH92_METAL	GCF_009938225.1_WP_075649723.1	35.366	88	82	93	82	53	0	5	86	1	82	1.04e-28	103
tr|H8GH92|H8GH92_METAL	GCF_022637475.1_WP_013574214.1	28.235	88	86	97	85	56	2	3	87	7	86	1.09e-28	103
tr|H8GH92|H8GH92_METAL	GCF_012427845.1_WP_012773648.1	28.235	88	86	97	85	56	2	3	87	7	86	1.11e-28	103
tr|H8GH92|H8GH92_METAL	GCF_000026185.1_WP_012440659.1	25.882	88	87	97	85	58	2	3	87	7	86	1.14e-28	103
tr|H8GH92|H8GH92_METAL	GCF_019797845.1_WP_222158377.1	25.882	88	86	97	85	58	2	3	87	7	86	1.20e-28	103
tr|H8GH92|H8GH92_METAL	GCF_008807375.1_WP_151133519.1	33.721	88	90	98	86	57	0	3	88	2	87	1.25e-28	103
tr|H8GH92|H8GH92_METAL	GCF_003515985.1_WP_085653101.1	25.882	88	86	97	85	58	2	3	87	7	86	1.35e-28	103
tr|H8GH92|H8GH92_METAL	GCF_000025065.1_WP_012883679.1	28.235	88	86	97	85	56	2	3	87	7	86	1.37e-28	103
tr|H8GH92|H8GH92_METAL	GCF_015999465.1_WP_085688159.1	25.882	88	86	97	85	58	2	3	87	7	86	1.40e-28	103
tr|H8GH92|H8GH92_METAL	GCF_002288545.1_WP_029367608.1	28.235	88	86	97	85	56	2	3	87	7	86	1.41e-28	103
tr|H8GH92|H8GH92_METAL	GCF_000520015.2_WP_024910172.1	29.412	88	87	97	85	55	2	3	87	7	86	1.54e-28	103
tr|H8GH92|H8GH92_METAL	GCF_020150375.1_WP_004094310.1	25.882	88	86	97	85	58	2	3	87	7	86	1.67e-28	103
tr|H8GH92|H8GH92_METAL	GCF_011044475.1_WP_033740322.1	27.907	88	86	98	86	57	2	2	87	6	86	1.81e-28	103
tr|H8GH92|H8GH92_METAL	GCF_000010085.1_WP_011411656.1	28.235	88	86	97	85	56	2	3	87	7	86	1.88e-28	103
tr|H8GH92|H8GH92_METAL	GCF_017498685.1_WP_038245151.1	29.412	88	86	97	85	55	2	3	87	7	86	1.94e-28	103
tr|H8GH92|H8GH92_METAL	GCF_019844095.1_WP_062747070.1	29.070	88	88	98	86	56	2	2	87	7	87	2.01e-28	103
tr|H8GH92|H8GH92_METAL	GCF_009938185.1_WP_162048373.1	37.805	88	82	93	82	51	0	5	86	1	82	2.20e-28	103
tr|H8GH92|H8GH92_METAL	GCF_000517425.1_WP_025421126.1	27.059	88	86	97	85	57	2	3	87	7	86	2.28e-28	103
tr|H8GH92|H8GH92_METAL	GCF_017569925.1_WP_208228065.1	27.059	88	86	97	85	57	2	3	87	7	86	2.73e-28	102
tr|H8GH92|H8GH92_METAL	GCF_000023565.1_WP_012770818.1	28.235	88	86	97	85	56	2	3	87	7	86	2.91e-28	102
tr|H8GH92|H8GH92_METAL	GCF_009873295.1_WP_039312412.1	27.059	88	86	97	85	57	2	3	87	7	86	2.98e-28	102
tr|H8GH92|H8GH92_METAL	GCF_001642805.2_WP_004931991.1	30.588	88	87	97	85	54	2	3	87	7	86	3.29e-28	102
tr|H8GH92|H8GH92_METAL	GCF_021462285.1_WP_234585968.1	29.412	88	87	97	85	55	2	3	87	7	86	3.31e-28	102
tr|H8GH92|H8GH92_METAL	GCF_022371215.1_WP_239718047.1	36.145	88	83	94	83	53	0	5	87	1	83	3.64e-28	102
tr|H8GH92|H8GH92_METAL	GCF_022647505.1_WP_128179458.1	29.412	88	87	97	85	55	2	3	87	7	86	4.10e-28	102
tr|H8GH92|H8GH92_METAL	GCF_000262305.1_WP_002441069.1	29.070	88	86	98	86	56	2	2	87	6	86	4.40e-28	102
tr|H8GH92|H8GH92_METAL	GCF_012767755.2_WP_173171843.1	31.765	88	90	97	85	58	0	3	87	4	88	4.47e-28	102
tr|H8GH92|H8GH92_METAL	GCF_007858975.2_WP_042869176.1	28.235	88	86	97	85	56	2	3	87	7	86	5.28e-28	102
tr|H8GH92|H8GH92_METAL	GCF_006742785.1_WP_172630283.1	52.273	88	88	100	88	41	1	1	88	1	87	5.39e-28	102
tr|H8GH92|H8GH92_METAL	GCF_020181655.1_WP_225087160.1	28.235	88	86	97	85	56	2	3	87	7	86	5.54e-28	102
tr|H8GH92|H8GH92_METAL	GCF_016026735.1_WP_015673540.1	28.235	88	87	97	85	56	2	3	87	7	86	5.64e-28	102
tr|H8GH92|H8GH92_METAL	GCF_900187015.1_WP_061796701.1	29.412	88	87	97	85	55	2	3	87	7	86	5.78e-28	101
tr|H8GH92|H8GH92_METAL	GCF_001007935.1_WP_046849946.1	59.524	88	84	95	84	34	0	1	84	1	84	5.93e-28	101
tr|H8GH92|H8GH92_METAL	GCF_009817885.1_WP_105232289.1	29.412	88	87	97	85	55	2	3	87	7	86	5.96e-28	101
tr|H8GH92|H8GH92_METAL	GCF_000196615.1_WP_013200864.1	25.581	88	87	98	86	59	2	2	87	6	86	5.96e-28	101
tr|H8GH92|H8GH92_METAL	GCF_009931295.1_WP_161528353.1	28.235	88	86	97	85	56	2	3	87	7	86	6.60e-28	101
tr|H8GH92|H8GH92_METAL	GCF_002291445.1_WP_048635886.1	27.059	88	86	97	85	57	2	3	87	7	86	6.81e-28	101
tr|H8GH92|H8GH92_METAL	GCF_004792415.1_WP_013356856.1	24.419	88	86	98	86	60	2	2	87	6	86	7.09e-28	101
tr|H8GH92|H8GH92_METAL	GCF_000009145.1_WP_041356315.1	56.471	88	90	97	85	37	0	1	85	1	85	7.56e-28	101
tr|H8GH92|H8GH92_METAL	GCF_000740965.1_WP_011092648.1	28.235	88	86	97	85	56	2	3	87	7	86	8.05e-28	101
tr|H8GH92|H8GH92_METAL	GCF_000264765.2_WP_034163237.1	27.059	88	86	97	85	57	2	3	87	7	86	8.11e-28	101
tr|H8GH92|H8GH92_METAL	GCF_000023545.1_WP_015854637.1	24.706	88	86	97	85	59	2	3	87	7	86	8.71e-28	101
tr|H8GH92|H8GH92_METAL	GCF_021029445.1_WP_230924827.1	34.146	88	89	93	82	53	1	3	84	4	84	1.11e-27	101
tr|H8GH92|H8GH92_METAL	GCF_001010285.1_WP_046974061.1	29.412	88	88	97	85	55	2	3	87	7	86	1.29e-27	101
tr|H8GH92|H8GH92_METAL	GCF_001742185.1_WP_005975933.1	27.059	88	86	97	85	57	2	3	87	7	86	1.66e-27	100
tr|H8GH92|H8GH92_METAL	GCF_000015245.1_WP_011761423.1	28.049	88	86	93	82	59	0	3	84	4	85	1.75e-27	100
tr|H8GH92|H8GH92_METAL	GCF_001558415.2_WP_061055374.1	33.735	88	83	94	83	55	0	5	87	1	83	1.96e-27	100
tr|H8GH92|H8GH92_METAL	GCF_014905115.1_WP_193151849.1	35.000	88	81	91	80	52	0	5	84	1	80	2.05e-27	100
tr|H8GH92|H8GH92_METAL	GCF_002812485.1_WP_038661467.1	28.235	88	86	97	85	56	2	3	87	7	86	2.35e-27	100
tr|H8GH92|H8GH92_METAL	GCF_021733145.1_WP_012847629.1	25.882	88	86	97	85	58	2	3	87	7	86	2.53e-27	100
tr|H8GH92|H8GH92_METAL	GCF_000196475.1_WP_012776850.1	29.412	88	88	97	85	55	2	3	87	7	86	2.60e-27	100
tr|H8GH92|H8GH92_METAL	GCF_016834455.1_WP_203325205.1	28.049	88	86	93	82	59	0	3	84	4	85	2.91e-27	100
tr|H8GH92|H8GH92_METAL	GCF_003992745.1_WP_014700896.1	25.882	88	86	97	85	58	2	3	87	7	86	3.61e-27	 99
tr|H8GH92|H8GH92_METAL	GCF_019048385.1_WP_062759648.1	24.419	88	86	98	86	60	2	2	87	6	86	3.85e-27	 99
tr|H8GH92|H8GH92_METAL	GCF_002215585.1_WP_088903590.1	34.118	88	89	97	85	55	1	3	87	4	87	4.30e-27	 99
tr|H8GH92|H8GH92_METAL	GCF_024346675.1_WP_048897676.1	38.554	88	86	94	83	51	0	2	84	4	86	4.37e-27	99.7
tr|H8GH92|H8GH92_METAL	GCF_019669905.1_WP_054759186.1	53.571	88	79	95	84	34	2	1	84	1	79	4.42e-27	99.7
tr|H8GH92|H8GH92_METAL	GCF_008329985.2_WP_149283950.1	32.099	88	81	92	81	55	0	5	85	1	81	4.73e-27	99.7
tr|H8GH92|H8GH92_METAL	GCF_000147055.1_WP_022632468.1	28.235	88	86	97	85	56	2	3	87	7	86	5.08e-27	99.7
tr|H8GH92|H8GH92_METAL	GCF_017354925.1_WP_207321174.1	29.762	88	87	95	84	59	0	3	86	4	87	5.13e-27	99.7
tr|H8GH92|H8GH92_METAL	GCF_000214665.1_WP_013819542.1	55.952	88	83	95	84	36	1	1	84	1	83	5.34e-27	99.4
tr|H8GH92|H8GH92_METAL	GCF_004768525.1_WP_026822068.1	29.412	88	88	97	85	55	2	3	87	7	86	5.84e-27	99.4
tr|H8GH92|H8GH92_METAL	GCF_019670705.1_WP_100146025.1	30.120	88	92	94	83	58	0	3	85	4	86	6.04e-27	99.7
tr|H8GH92|H8GH92_METAL	GCF_009938205.1_WP_075706454.1	32.927	88	82	93	82	55	0	5	86	1	82	6.06e-27	99.4
tr|H8GH92|H8GH92_METAL	GCF_902387845.1_WP_004237241.1	27.059	88	88	97	85	57	2	3	87	7	86	6.23e-27	99.4
tr|H8GH92|H8GH92_METAL	GCF_002407485.1_WP_096780111.1	40.000	88	81	91	80	48	0	5	84	1	80	6.71e-27	99.2
tr|H8GH92|H8GH92_METAL	GCF_000968195.1_WP_045972480.1	27.059	88	87	97	85	57	2	3	87	8	87	6.83e-27	99.4
tr|H8GH92|H8GH92_METAL	GCF_019090985.1_WP_036781226.1	28.235	88	88	97	85	56	2	3	87	7	86	6.90e-27	99.4
tr|H8GH92|H8GH92_METAL	GCF_003403135.1_WP_024104894.1	27.059	88	86	97	85	57	2	3	87	7	86	7.33e-27	99.2
tr|H8GH92|H8GH92_METAL	GCF_009646115.1_WP_008925644.1	24.419	88	86	98	86	60	2	2	87	6	86	7.44e-27	99.2
tr|H8GH92|H8GH92_METAL	GCF_009730655.1_WP_156020461.1	30.120	88	92	94	83	58	0	3	85	4	86	8.43e-27	99.2
tr|H8GH92|H8GH92_METAL	GCF_002214395.1_WP_010453422.1	39.506	88	81	92	81	49	0	5	85	1	81	8.51e-27	98.9
tr|H8GH92|H8GH92_METAL	GCF_005484965.1_WP_009114129.1	23.529	88	86	97	85	60	2	3	87	7	86	9.67e-27	98.9
tr|H8GH92|H8GH92_METAL	GCF_019670105.1_WP_040307707.1	37.037	88	81	92	81	51	0	5	85	1	81	9.74e-27	98.9
tr|H8GH92|H8GH92_METAL	GCF_017354965.1_WP_207380278.1	29.762	88	87	95	84	59	0	3	86	4	87	9.85e-27	98.9
tr|H8GH92|H8GH92_METAL	GCF_020342335.1_WP_067428135.1	26.190	88	87	95	84	57	2	2	85	6	84	1.15e-26	98.9
tr|H8GH92|H8GH92_METAL	GCF_013460135.1_WP_180816665.1	29.762	88	88	95	84	54	2	3	86	7	85	1.22e-26	98.9
tr|H8GH92|H8GH92_METAL	GCF_000196155.1_WP_011145066.1	28.235	88	88	97	85	56	2	3	87	7	86	1.25e-26	98.6
tr|H8GH92|H8GH92_METAL	GCF_020268605.1_WP_180560445.1	27.059	88	88	97	85	57	2	3	87	7	86	1.32e-26	98.6
tr|H8GH92|H8GH92_METAL	GCF_019670125.1_WP_221076876.1	38.750	88	81	91	80	49	0	5	84	1	80	1.42e-26	98.3
tr|H8GH92|H8GH92_METAL	GCF_001558255.2_WP_005504861.1	36.585	88	82	92	82	51	1	5	85	1	82	1.49e-26	98.3
tr|H8GH92|H8GH92_METAL	GCF_024347635.1_WP_139683960.1	37.349	88	83	94	83	52	0	5	87	1	83	1.57e-26	98.3
tr|H8GH92|H8GH92_METAL	GCF_002291425.1_WP_095847471.1	30.588	88	87	97	85	54	2	3	87	7	86	1.70e-26	98.3
tr|H8GH92|H8GH92_METAL	GCF_001995825.2_WP_017057338.1	38.554	88	83	94	83	51	0	5	87	1	83	1.80e-26	98.3
tr|H8GH92|H8GH92_METAL	GCF_000091565.1_WP_004159420.1	25.882	88	87	97	85	58	2	3	87	7	86	1.82e-26	98.3
tr|H8GH92|H8GH92_METAL	GCF_013423785.1_WP_180308358.1	30.952	88	88	95	84	57	1	2	85	6	88	1.85e-26	98.3
tr|H8GH92|H8GH92_METAL	GCF_000517405.1_WP_038469034.1	27.059	88	83	97	85	57	2	3	87	4	83	1.86e-26	98.3
tr|H8GH92|H8GH92_METAL	GCF_024347595.1_WP_176681244.1	33.735	88	83	94	83	55	0	5	87	1	83	1.94e-26	98.0
tr|H8GH92|H8GH92_METAL	GCF_022647325.1_WP_111140597.1	24.419	88	86	98	86	60	2	2	87	6	86	2.16e-26	98.0
tr|H8GH92|H8GH92_METAL	GCF_000968175.1_WP_045959360.1	24.419	88	88	98	86	60	2	3	88	8	88	2.27e-26	98.0
tr|H8GH92|H8GH92_METAL	GCF_000091465.1_WP_004733849.1	38.554	88	83	94	83	51	0	5	87	1	83	2.60e-26	97.7
tr|H8GH92|H8GH92_METAL	GCF_024347455.1_WP_135458404.1	38.554	88	83	94	83	51	0	5	87	1	83	2.68e-26	97.7
tr|H8GH92|H8GH92_METAL	GCF_017348915.1_WP_040077077.1	29.412	88	86	97	85	55	2	3	87	7	86	2.99e-26	97.7
tr|H8GH92|H8GH92_METAL	GCF_003258315.1_WP_111337788.1	47.126	88	88	99	87	46	0	1	87	1	87	3.10e-26	97.7
tr|H8GH92|H8GH92_METAL	GCF_019047765.1_WP_040230035.1	30.233	88	86	98	86	55	2	2	87	6	86	3.39e-26	97.5
tr|H8GH92|H8GH92_METAL	GCF_009068765.1_WP_151900329.1	36.250	88	81	91	80	51	0	5	84	1	80	3.53e-26	97.5
tr|H8GH92|H8GH92_METAL	GCF_024582835.1_WP_257083279.1	40.964	88	87	94	83	49	0	5	87	1	83	3.74e-26	97.5
tr|H8GH92|H8GH92_METAL	GCF_014295015.1_WP_013185414.1	24.706	88	87	97	85	59	2	3	87	8	87	4.71e-26	97.2
tr|H8GH92|H8GH92_METAL	GCF_017743015.1_WP_209027287.1	25.581	88	88	98	86	59	2	3	88	7	87	4.76e-26	97.2
tr|H8GH92|H8GH92_METAL	GCF_025946765.1_WP_264497926.1	23.810	88	86	95	84	59	2	3	86	7	85	5.01e-26	97.2
tr|H8GH92|H8GH92_METAL	GCF_008369605.1_WP_000253074.1	34.568	88	81	92	81	53	0	5	85	1	81	5.33e-26	96.9
tr|H8GH92|H8GH92_METAL	GCF_022592395.1_WP_047255099.1	21.176	88	87	97	85	62	2	3	87	7	86	5.66e-26	96.9
tr|H8GH92|H8GH92_METAL	GCF_001007875.1_WP_046858354.1	37.500	88	80	91	80	50	0	5	84	1	80	5.95e-26	96.9
tr|H8GH92|H8GH92_METAL	GCF_000968535.2_WP_014147785.1	51.765	88	84	97	85	40	1	1	85	1	84	5.99e-26	96.9
tr|H8GH92|H8GH92_METAL	GCF_024347035.1_WP_102941394.1	38.750	88	81	91	80	49	0	5	84	1	80	6.20e-26	96.9
tr|H8GH92|H8GH92_METAL	GCF_014879975.1_WP_192888672.1	34.940	88	83	94	83	54	0	5	87	1	83	7.84e-26	96.6
tr|H8GH92|H8GH92_METAL	GCF_011045835.1_WP_075671674.1	25.882	88	86	97	85	58	2	3	87	7	86	8.33e-26	96.6
tr|H8GH92|H8GH92_METAL	GCF_029277985.1_WP_154623766.1	27.059	88	87	97	85	57	2	3	87	7	86	8.90e-26	96.6
tr|H8GH92|H8GH92_METAL	GCF_024494545.1_WP_256384876.1	38.272	88	81	92	81	50	0	5	85	1	81	9.01e-26	96.3
tr|H8GH92|H8GH92_METAL	GCF_024347655.1_WP_060467732.1	32.530	88	83	94	83	56	0	5	87	1	83	9.48e-26	96.3
tr|H8GH92|H8GH92_METAL	GCF_003204135.1_WP_004908806.1	22.353	88	87	97	85	61	2	3	87	7	86	1.12e-25	96.3
tr|H8GH92|H8GH92_METAL	GCF_024362845.1_WP_255230807.1	35.000	88	82	91	80	52	0	5	84	1	80	1.38e-25	96.1
tr|H8GH92|H8GH92_METAL	GCF_001831495.1_WP_068547707.1	41.975	88	81	92	81	47	0	5	85	1	81	1.57e-25	95.8
tr|H8GH92|H8GH92_METAL	GCF_022369495.1_WP_072064250.1	25.882	88	86	97	85	58	2	3	87	7	86	1.61e-25	95.8
tr|H8GH92|H8GH92_METAL	GCF_900475855.1_WP_068441311.1	24.706	88	87	97	85	59	2	3	87	7	86	1.64e-25	95.8
tr|H8GH92|H8GH92_METAL	GCF_002952315.1_WP_012667243.1	25.882	88	87	97	85	58	2	3	87	7	86	1.65e-25	95.8
tr|H8GH92|H8GH92_METAL	GCF_002504285.1_WP_005282992.1	25.882	88	86	97	85	58	2	3	87	7	86	1.77e-25	95.8
tr|H8GH92|H8GH92_METAL	GCF_002843235.3_WP_102139922.1	22.353	88	87	97	85	61	2	3	87	7	86	1.83e-25	95.8
tr|H8GH92|H8GH92_METAL	GCF_002005305.1_WP_077753428.1	30.952	88	86	95	84	58	0	2	85	3	86	1.89e-25	95.8
tr|H8GH92|H8GH92_METAL	GCF_000214235.1_WP_004952197.1	28.235	88	85	97	85	56	2	3	87	5	84	1.95e-25	95.5
tr|H8GH92|H8GH92_METAL	GCF_000069965.1_WP_004245453.1	23.529	88	86	97	85	60	2	3	87	7	86	2.11e-25	95.5
tr|H8GH92|H8GH92_METAL	GCF_024360925.2_WP_255188929.1	57.143	88	83	95	84	35	1	1	84	1	83	2.25e-25	95.5
tr|H8GH92|H8GH92_METAL	GCF_004295645.1_WP_228350951.1	28.916	88	88	94	83	54	2	3	85	8	85	2.54e-25	95.5
tr|H8GH92|H8GH92_METAL	GCF_900233005.1_WP_102521318.1	38.272	88	81	92	81	50	0	5	85	1	81	2.70e-25	95.2
tr|H8GH92|H8GH92_METAL	GCF_002393505.1_WP_006658392.1	24.706	88	87	97	85	59	2	3	87	7	86	2.71e-25	95.2
tr|H8GH92|H8GH92_METAL	GCF_021365465.1_WP_016190321.1	25.581	88	87	98	86	59	2	2	87	6	86	3.10e-25	95.2
tr|H8GH92|H8GH92_METAL	GCF_001721185.1_WP_069317984.1	19.767	88	87	98	86	64	2	3	88	7	87	3.25e-25	95.2
tr|H8GH92|H8GH92_METAL	GCF_020541225.1_WP_226811316.1	27.059	88	86	97	85	57	2	3	87	7	86	4.38e-25	94.7
tr|H8GH92|H8GH92_METAL	GCF_001006005.1_WP_223499701.1	25.882	88	85	97	85	58	2	3	87	5	84	4.48e-25	94.7
tr|H8GH92|H8GH92_METAL	GCF_008364325.2_WP_230090436.1	27.059	88	85	97	85	57	2	3	87	5	84	4.52e-25	94.7
tr|H8GH92|H8GH92_METAL	GCF_008033135.1_WP_148717358.1	30.952	88	87	95	84	57	1	3	86	4	86	4.57e-25	94.7
tr|H8GH92|H8GH92_METAL	GCF_029457395.1_WP_024766443.1	25.000	88	92	95	88	62	2	3	86	4	91	5.04e-25	94.7
tr|H8GH92|H8GH92_METAL	GCF_004328865.1_WP_104643907.1	37.349	88	83	94	83	52	0	5	87	1	83	5.27e-25	94.4
tr|H8GH92|H8GH92_METAL	GCF_001456255.1_WP_020335096.1	37.500	88	81	91	80	50	0	5	84	1	80	6.26e-25	94.4
tr|H8GH92|H8GH92_METAL	GCF_000261045.2_WP_006318653.1	28.235	88	87	97	85	56	2	3	87	7	86	6.38e-25	94.4
tr|H8GH92|H8GH92_METAL	GCF_900638135.1_WP_012146468.1	28.235	88	87	97	85	56	2	3	87	7	86	6.43e-25	94.4
tr|H8GH92|H8GH92_METAL	GCF_003096015.2_WP_230514010.1	28.916	88	88	94	83	54	2	3	85	8	85	7.80e-25	94.1
tr|H8GH92|H8GH92_METAL	GCF_024347495.1_WP_137371745.1	37.500	88	80	91	80	50	0	5	84	1	80	7.87e-25	94.1
tr|H8GH92|H8GH92_METAL	GCF_000770115.1_WP_069687890.1	37.500	88	81	91	80	50	0	5	84	1	80	7.95e-25	94.1
tr|H8GH92|H8GH92_METAL	GCF_016026395.1_WP_024524235.1	25.882	88	86	97	85	58	2	3	87	7	86	8.68e-25	94.1
tr|H8GH92|H8GH92_METAL	GCF_009831665.3_WP_006709226.1	28.235	88	87	97	85	56	2	3	87	7	86	1.45e-24	93.5
tr|H8GH92|H8GH92_METAL	GCF_000014765.1_WP_011633385.1	55.172	88	89	99	87	38	1	1	87	1	86	1.57e-24	93.2
tr|H8GH92|H8GH92_METAL	GCF_002906475.1_WP_012130247.1	38.750	88	81	91	80	49	0	5	84	1	80	1.57e-24	93.2
tr|H8GH92|H8GH92_METAL	GCF_000772105.1_WP_004748349.1	41.250	88	81	91	80	47	0	5	84	1	80	1.57e-24	93.2
tr|H8GH92|H8GH92_METAL	GCF_001455205.1_WP_062560013.1	57.647	88	84	97	85	35	1	1	85	1	84	1.61e-24	93.2
tr|H8GH92|H8GH92_METAL	GCF_000024825.1_WP_005460845.1	35.802	88	81	92	81	52	0	5	85	1	81	1.95e-24	93.0
tr|H8GH92|H8GH92_METAL	GCF_005671395.1_WP_138095872.1	31.429	88	86	80	70	47	1	2	71	6	74	2.06e-24	93.0
tr|H8GH92|H8GH92_METAL	GCF_002021755.1_WP_005434844.1	40.000	88	81	91	80	48	0	5	84	1	80	2.23e-24	93.0
tr|H8GH92|H8GH92_METAL	GCF_900478135.1_WP_111739359.1	27.711	88	88	94	83	55	2	3	85	8	85	2.28e-24	93.0
tr|H8GH92|H8GH92_METAL	GCF_005877035.1_WP_039486662.1	34.940	88	83	94	83	54	0	5	87	1	83	2.33e-24	93.0
tr|H8GH92|H8GH92_METAL	GCF_012971725.1_WP_169940133.1	25.000	88	92	95	88	62	2	3	86	4	91	2.37e-24	93.0
tr|H8GH92|H8GH92_METAL	GCF_003025345.2_WP_003155955.1	34.091	88	91	94	88	53	1	3	85	4	91	2.67e-24	93.0
tr|H8GH92|H8GH92_METAL	GCF_019670485.1_WP_221071211.1	40.000	88	81	91	80	48	0	5	84	1	80	2.81e-24	92.7
tr|H8GH92|H8GH92_METAL	GCF_004116975.1_WP_064720954.1	27.059	88	86	97	85	57	2	3	87	7	86	3.30e-24	92.4
tr|H8GH92|H8GH92_METAL	GCF_000238395.3_WP_010553578.1	34.940	88	83	94	83	54	0	5	87	1	83	3.44e-24	92.4
tr|H8GH92|H8GH92_METAL	GCF_005931095.1_WP_017839868.1	52.941	88	84	97	85	39	1	1	85	1	84	3.50e-24	92.4
tr|H8GH92|H8GH92_METAL	GCF_900638655.1_WP_047781753.1	28.916	88	88	94	83	54	2	3	85	8	85	3.70e-24	92.4
tr|H8GH92|H8GH92_METAL	GCF_003668795.1_WP_054981706.1	37.349	88	83	94	83	52	0	5	87	1	83	4.03e-24	92.1
tr|H8GH92|H8GH92_METAL	GCF_000014885.1_WP_020912292.1	30.120	88	87	94	83	58	0	3	85	4	86	4.40e-24	92.1
tr|H8GH92|H8GH92_METAL	GCF_008632455.1_WP_150048082.1	43.529	88	84	97	85	47	1	1	85	1	84	5.87e-24	91.8
tr|H8GH92|H8GH92_METAL	GCF_002221525.1_WP_089349457.1	37.349	88	83	94	83	52	0	5	87	1	83	6.14e-24	91.8
tr|H8GH92|H8GH92_METAL	GCF_000019525.1_WP_012323084.1	41.250	88	81	91	80	47	0	5	84	1	80	1.03e-23	91.3
tr|H8GH92|H8GH92_METAL	GCF_000146165.2_WP_164925808.1	25.581	88	89	97	86	63	1	3	87	4	89	1.17e-23	91.3
tr|H8GH92|H8GH92_METAL	GCF_001999225.1_WP_077537996.1	37.500	88	82	91	80	50	0	5	84	1	80	1.39e-23	90.7
tr|H8GH92|H8GH92_METAL	GCF_001677435.1_WP_068615618.1	27.907	88	90	98	86	61	1	2	87	5	89	1.64e-23	90.7
tr|H8GH92|H8GH92_METAL	GCF_000016065.1_WP_011864074.1	27.381	88	93	95	84	60	1	3	86	4	86	2.00e-23	90.7
tr|H8GH92|H8GH92_METAL	GCF_009363415.1_WP_152430616.1	37.805	88	84	93	82	51	0	5	86	1	82	2.03e-23	90.4
tr|H8GH92|H8GH92_METAL	GCF_000148645.1_WP_013347076.1	33.333	88	80	89	78	52	0	8	85	3	80	2.16e-23	90.4
tr|H8GH92|H8GH92_METAL	GCF_003074995.2_WP_015870269.1	25.610	88	86	93	82	56	2	3	84	7	83	2.17e-23	90.4
tr|H8GH92|H8GH92_METAL	GCF_019977755.1_WP_126608378.1	32.184	88	103	92	87	53	1	4	84	14	100	2.42e-23	90.7
tr|H8GH92|H8GH92_METAL	GCF_006364355.1_WP_004727652.1	30.120	88	83	94	83	58	0	5	87	1	83	2.57e-23	90.2
tr|H8GH92|H8GH92_METAL	GCF_003515105.1_WP_036973086.1	26.389	88	73	82	72	53	0	1	72	1	72	3.25e-23	89.6
tr|H8GH92|H8GH92_METAL	GCF_024347675.1_WP_261835500.1	30.864	88	81	92	81	56	0	5	85	1	81	3.78e-23	89.6
tr|H8GH92|H8GH92_METAL	GCF_002887615.1_WP_038869703.1	40.000	88	81	91	80	48	0	5	84	1	80	5.03e-23	89.3
tr|H8GH92|H8GH92_METAL	GCF_016026875.1_WP_045525981.1	26.437	88	89	99	87	59	3	2	88	3	84	6.02e-23	89.3
tr|H8GH92|H8GH92_METAL	GCF_008364325.2_WP_020826409.1	29.412	88	84	97	85	57	1	2	86	3	84	6.67e-23	89.0
tr|H8GH92|H8GH92_METAL	GCF_008931805.1_WP_019441510.1	30.000	88	81	91	80	56	0	5	84	1	80	1.55e-22	88.2
tr|H8GH92|H8GH92_METAL	GCF_002157895.1_WP_227874980.1	34.568	88	82	92	81	53	0	5	85	2	82	1.58e-22	88.2
tr|H8GH92|H8GH92_METAL	GCF_002849875.1_WP_232379112.1	34.118	88	113	93	85	53	1	3	84	29	113	2.79e-22	88.2
tr|H8GH92|H8GH92_METAL	GCF_020405345.1_WP_017780573.1	26.744	88	89	98	86	58	3	3	88	4	84	2.93e-22	87.6
tr|H8GH92|H8GH92_METAL	GCF_001431725.1_WP_021820278.1	25.926	88	81	92	81	60	0	5	85	1	81	3.00e-22	87.3
tr|H8GH92|H8GH92_METAL	GCF_004358345.1_WP_121852852.1	29.730	88	76	83	74	51	1	1	73	2	75	5.09e-22	86.8
tr|H8GH92|H8GH92_METAL	GCF_019703835.1_WP_087020305.1	37.037	88	79	92	81	47	1	8	88	3	79	7.06e-22	86.5
tr|H8GH92|H8GH92_METAL	GCF_012295615.1_WP_007018284.1	34.568	88	81	92	81	53	0	5	85	1	81	7.98e-22	86.2
tr|H8GH92|H8GH92_METAL	GCF_000785705.2_WP_036272019.1	48.810	88	82	95	84	41	2	1	84	1	82	9.37e-22	86.2
tr|H8GH92|H8GH92_METAL	GCF_020423125.1_WP_226170850.1	22.472	88	84	100	89	63	4	1	88	1	84	2.06e-21	85.4
tr|H8GH92|H8GH92_METAL	GCF_019797925.1_WP_193521737.1	30.864	88	80	92	81	55	1	5	85	1	80	3.23e-21	84.8
tr|H8GH92|H8GH92_METAL	GCF_024746855.1_WP_260492542.1	32.500	88	79	91	80	53	1	5	84	1	79	3.35e-21	84.8
tr|H8GH92|H8GH92_METAL	GCF_020149575.1_WP_224431657.1	24.719	88	85	100	89	61	4	1	88	1	84	4.61e-21	84.5
tr|H8GH92|H8GH92_METAL	GCF_000019185.1_WP_012277931.1	30.000	88	100	92	100	51	1	5	85	1	100	1.26e-20	83.7
tr|H8GH92|H8GH92_METAL	GCF_007197555.1_WP_144048375.1	30.000	88	94	95	90	57	1	2	85	3	92	1.40e-20	83.4
tr|H8GH92|H8GH92_METAL	GCF_028355655.1_WP_087756847.1	25.000	88	84	95	84	58	3	3	86	4	82	2.36e-20	82.6
tr|H8GH92|H8GH92_METAL	GCF_900637545.1_WP_042651794.1	26.190	88	84	95	84	57	3	3	86	4	82	4.75e-20	82.0
tr|H8GH92|H8GH92_METAL	GCF_015209785.1_WP_193988300.1	28.986	88	73	78	69	49	0	1	69	1	69	6.31e-20	81.4
tr|H8GH92|H8GH92_METAL	GCF_003568825.1_WP_040644076.1	31.325	88	83	91	83	54	1	5	84	1	83	9.10e-20	81.1
tr|H8GH92|H8GH92_METAL	GCF_003990335.1_WP_127025819.1	32.558	88	91	98	86	57	1	1	86	1	85	1.33e-19	80.9
tr|H8GH92|H8GH92_METAL	GCF_014169735.1_WP_134997272.1	19.318	88	86	99	88	65	4	1	87	1	83	3.06e-19	79.7
tr|H8GH92|H8GH92_METAL	GCF_008693705.1_WP_127008315.1	25.000	88	84	95	84	58	3	3	86	4	82	4.22e-19	79.5
tr|H8GH92|H8GH92_METAL	GCF_020991025.1_WP_152109250.1	37.838	88	83	81	74	42	3	1	71	1	73	5.22e-19	79.2
tr|H8GH92|H8GH92_METAL	GCF_016026615.1_WP_197928313.1	25.581	88	89	98	86	59	3	3	88	4	84	6.08e-19	79.2
tr|H8GH92|H8GH92_METAL	GCF_026427595.1_WP_251812951.1	41.975	88	88	88	81	43	3	8	84	7	87	8.96e-19	78.6
tr|H8GH92|H8GH92_METAL	GCF_003015165.1_WP_106887831.1	21.429	88	84	95	84	61	3	3	86	4	82	9.19e-19	78.6
tr|H8GH92|H8GH92_METAL	GCF_017638925.1_WP_208844867.1	34.177	88	81	90	79	51	1	5	83	1	78	1.19e-18	78.3
tr|H8GH92|H8GH92_METAL	GCF_002215215.1_WP_088918776.1	26.437	88	101	98	87	61	3	3	88	17	101	1.63e-18	78.3
tr|H8GH92|H8GH92_METAL	GCF_016127195.1_WP_042032742.1	20.930	88	89	98	86	63	3	3	88	4	84	2.02e-18	77.8
tr|H8GH92|H8GH92_METAL	GCF_001596155.1_WP_068342236.1	21.250	88	90	88	80	56	4	3	79	5	80	2.39e-18	77.8
tr|H8GH92|H8GH92_METAL	GCF_000940995.1_WP_082060442.1	30.588	88	93	94	85	57	1	1	83	1	85	2.62e-18	77.5
tr|H8GH92|H8GH92_METAL	GCF_001507645.1_WP_068195976.1	19.767	88	90	94	86	63	2	3	85	5	87	7.55e-18	76.4
tr|H8GH92|H8GH92_METAL	GCF_010093065.1_WP_238430213.1	17.808	88	83	80	73	54	2	2	71	7	76	1.15e-17	75.8
tr|H8GH92|H8GH92_METAL	GCF_003966655.1_WP_113527441.1	25.676	88	77	84	74	54	1	2	75	4	76	1.48e-17	75.2
tr|H8GH92|H8GH92_METAL	GCF_013462805.1_WP_009566961.1	25.676	88	77	84	74	54	1	2	75	4	76	1.75e-17	75.2
tr|H8GH92|H8GH92_METAL	GCF_000018285.1_WP_012155987.1	23.762	88	102	91	101	56	1	5	84	1	101	4.06e-17	74.7
tr|H8GH92|H8GH92_METAL	GCF_002218045.2_WP_089137819.1	20.833	88	79	78	72	54	1	3	71	6	77	4.88e-17	74.1
tr|H8GH92|H8GH92_METAL	GCF_004001245.1_WP_127478562.1	22.667	88	85	81	75	54	2	3	73	7	81	5.32e-17	74.1
tr|H8GH92|H8GH92_METAL	GCF_000147355.1_WP_013326989.1	27.273	88	67	75	66	48	0	19	84	1	66	5.80e-17	73.6
tr|H8GH92|H8GH92_METAL	GCF_000026085.1_WP_041454550.1	25.000	88	73	81	72	52	2	1	71	1	71	8.29e-17	73.3
tr|H8GH92|H8GH92_METAL	GCF_003855395.1_WP_124730567.1	30.588	88	88	92	85	55	2	4	84	2	86	1.40e-16	73.0
tr|H8GH92|H8GH92_METAL	GCF_010093065.1_WP_162331416.1	18.750	88	84	88	80	59	3	2	78	7	83	1.76e-16	72.7
tr|H8GH92|H8GH92_METAL	GCF_003584645.1_WP_197716612.1	22.892	88	80	88	83	54	4	1	77	1	79	1.98e-16	72.4
tr|H8GH92|H8GH92_METAL	GCF_004355185.1_WP_133271280.1	20.000	88	81	80	75	51	3	2	71	3	73	2.47e-16	72.4
tr|H8GH92|H8GH92_METAL	GCF_002762215.1_WP_085750011.1	21.918	88	87	80	73	51	3	3	72	6	75	3.98e-16	71.9
tr|H8GH92|H8GH92_METAL	GCF_000788395.1_WP_038641921.1	30.769	88	85	88	78	51	3	1	77	1	76	4.26e-16	71.9
tr|H8GH92|H8GH92_METAL	GCF_000014705.1_WP_011637758.1	34.524	88	88	91	84	51	2	5	84	3	86	4.42e-16	71.9
tr|H8GH92|H8GH92_METAL	GCF_003149515.1_WP_109656005.1	16.456	88	90	86	79	60	2	2	77	4	79	7.24e-16	71.3
tr|H8GH92|H8GH92_METAL	GCF_006337165.1_WP_139515111.1	19.231	88	82	81	78	52	4	1	71	1	74	1.20e-15	70.7
tr|H8GH92|H8GH92_METAL	GCF_001020955.1_WP_047250467.1	18.667	88	82	81	75	56	3	3	73	7	80	1.30e-15	70.5
tr|H8GH92|H8GH92_METAL	GCF_008728635.1_WP_151087836.1	20.732	88	90	90	82	58	4	3	81	5	82	1.32e-15	70.7
tr|H8GH92|H8GH92_METAL	GCF_002157225.2_WP_086934278.1	34.177	88	80	90	79	50	2	1	79	1	77	1.78e-15	70.2
tr|H8GH92|H8GH92_METAL	GCF_027625995.1_WP_270126807.1	18.667	88	82	80	75	52	3	2	71	4	74	1.80e-15	70.2
tr|H8GH92|H8GH92_METAL	GCF_018736065.1_WP_144074266.1	22.222	88	76	82	72	51	3	2	73	9	75	2.10e-15	69.9
tr|H8GH92|H8GH92_METAL	GCF_000576555.1_WP_044000633.1	18.919	88	83	78	74	51	3	3	71	6	75	2.11e-15	69.9
tr|H8GH92|H8GH92_METAL	GCF_013137895.1_WP_135435790.1	18.667	88	83	80	75	52	3	2	71	5	75	2.44e-15	69.9
tr|H8GH92|H8GH92_METAL	GCF_013283835.1_WP_071626507.1	18.919	88	83	81	74	53	3	3	73	5	74	2.72e-15	69.6
tr|H8GH92|H8GH92_METAL	GCF_003353065.1_WP_114983154.1	21.739	88	84	76	69	49	2	3	69	8	73	2.88e-15	69.6
tr|H8GH92|H8GH92_METAL	GCF_020844025.1_WP_215848879.1	26.667	88	77	85	75	54	1	2	76	4	77	3.28e-15	69.3
tr|H8GH92|H8GH92_METAL	GCF_003970675.1_WP_126615366.1	21.127	88	76	81	71	51	3	2	72	9	74	3.33e-15	69.3
tr|H8GH92|H8GH92_METAL	GCF_022811645.1_WP_243511723.1	19.444	88	90	78	72	52	2	3	71	5	73	3.72e-15	69.6
tr|H8GH92|H8GH92_METAL	GCF_001651805.1_WP_067384150.1	24.658	88	78	77	73	49	4	2	69	3	74	4.62e-15	69.1
tr|H8GH92|H8GH92_METAL	GCF_020511155.1_WP_226415657.1	36.364	88	87	95	88	51	3	1	84	1	87	4.66e-15	69.3
tr|H8GH92|H8GH92_METAL	GCF_902810445.1_WP_197744199.1	22.078	88	78	83	77	52	4	2	74	3	75	5.16e-15	69.1
tr|H8GH92|H8GH92_METAL	GCF_009662475.1_WP_031573754.1	26.316	88	79	86	76	55	1	3	78	5	79	5.91e-15	68.8
tr|H8GH92|H8GH92_METAL	GCF_016613475.2_WP_200606805.1	20.548	88	90	80	73	52	2	3	72	8	77	7.12e-15	68.8
tr|H8GH92|H8GH92_METAL	GCF_000014785.1_WP_011630183.1	25.676	88	83	81	74	52	2	3	73	10	83	8.82e-15	68.5
tr|H8GH92|H8GH92_METAL	GCF_000024005.1_WP_012793320.1	16.456	88	84	86	79	60	3	3	78	8	83	8.90e-15	68.5
tr|H8GH92|H8GH92_METAL	GCF_003063625.1_WP_108601906.1	32.432	88	85	84	74	48	2	1	74	1	72	8.91e-15	68.5
tr|H8GH92|H8GH92_METAL	GCF_000021985.1_WP_012639500.1	24.000	88	82	78	75	51	3	1	69	1	75	1.05e-14	68.2
tr|H8GH92|H8GH92_METAL	GCF_000801295.1_WP_171816254.1	29.577	88	99	77	71	46	3	3	70	7	76	1.10e-14	68.5
tr|H8GH92|H8GH92_METAL	GCF_009938015.1_WP_223264517.1	17.333	88	90	81	75	58	3	2	72	6	80	1.39e-14	67.9
tr|H8GH92|H8GH92_METAL	GCF_009755585.1_WP_157030071.1	18.919	88	85	80	74	52	3	2	71	4	73	1.63e-14	67.6
tr|H8GH92|H8GH92_METAL	GCF_022827545.1_WP_243798205.1	18.667	88	82	80	75	52	3	2	71	4	74	1.73e-14	67.6
tr|H8GH92|H8GH92_METAL	GCF_013343005.1_WP_078482823.1	22.078	88	84	83	77	56	2	3	75	5	81	1.79e-14	67.6
tr|H8GH92|H8GH92_METAL	GCF_002142475.1_WP_026148861.1	24.000	88	86	81	75	49	3	3	73	4	74	1.96e-14	67.6
tr|H8GH92|H8GH92_METAL	GCF_004028275.1_WP_128384077.1	30.667	88	77	81	75	47	3	5	75	2	75	1.96e-14	67.4
tr|H8GH92|H8GH92_METAL	GCF_001955715.1_WP_029708890.1	27.397	88	80	78	73	45	3	2	70	3	71	2.06e-14	67.4
tr|H8GH92|H8GH92_METAL	GCF_002557795.1_WP_098194977.1	20.513	88	89	82	78	52	3	2	73	7	80	2.41e-14	67.4
tr|H8GH92|H8GH92_METAL	GCF_000321415.2_WP_015260329.1	15.789	88	93	83	76	61	2	3	75	7	82	3.10e-14	67.1
tr|H8GH92|H8GH92_METAL	GCF_002355735.1_WP_096359192.1	19.178	88	83	80	73	56	2	3	72	10	82	3.22e-14	67.1
tr|H8GH92|H8GH92_METAL	GCF_003574965.1_WP_119445661.1	24.324	88	82	78	74	47	3	3	71	5	74	3.29e-14	66.8
tr|H8GH92|H8GH92_METAL	GCF_002355415.1_WP_148665551.1	23.611	88	87	78	72	52	2	3	71	14	85	3.97e-14	66.8
tr|H8GH92|H8GH92_METAL	GCF_013177675.1_WP_172128285.1	20.000	88	81	82	75	53	3	3	74	5	75	5.73e-14	66.2
tr|H8GH92|H8GH92_METAL	GCF_024347195.1_WP_271272618.1	27.143	88	77	76	70	48	2	3	69	4	73	7.08e-14	66.0
tr|H8GH92|H8GH92_METAL	GCF_000092245.1_WP_013136435.1	22.222	88	76	80	72	51	2	3	72	2	70	7.67e-14	66.0
tr|H8GH92|H8GH92_METAL	GCF_002356115.1_WP_096526481.1	25.974	88	78	83	77	50	3	1	73	1	74	7.86e-14	66.0
tr|H8GH92|H8GH92_METAL	GCF_000212735.1_WP_013764159.1	24.324	88	83	80	74	48	3	3	72	7	76	9.85e-14	65.7
tr|H8GH92|H8GH92_METAL	GCF_018389385.1_WP_218082190.1	18.310	88	91	77	71	52	2	3	70	18	85	1.10e-13	65.7
tr|H8GH92|H8GH92_METAL	GCF_003346815.1_WP_114840342.1	22.078	88	82	84	77	53	3	3	76	5	77	1.15e-13	65.7
tr|H8GH92|H8GH92_METAL	GCF_003955735.1_WP_126127786.1	19.767	88	91	94	86	61	4	2	84	8	88	1.19e-13	65.7
tr|H8GH92|H8GH92_METAL	GCF_004798725.1_WP_010811758.1	17.808	88	83	80	73	54	2	3	72	8	77	1.26e-13	65.4
tr|H8GH92|H8GH92_METAL	GCF_013201725.1_WP_014475480.1	24.324	88	74	81	74	49	3	3	73	5	74	1.41e-13	65.1
tr|H8GH92|H8GH92_METAL	GCF_003967195.1_WP_172597571.1	23.077	88	83	84	78	56	3	3	76	6	83	1.43e-13	65.4
tr|H8GH92|H8GH92_METAL	GCF_006385555.1_WP_140234395.1	27.059	88	87	92	85	58	2	4	84	2	86	1.75e-13	65.1
tr|H8GH92|H8GH92_METAL	GCF_013177635.1_WP_129095542.1	20.833	88	72	78	72	50	3	2	70	4	71	2.31e-13	64.6
tr|H8GH92|H8GH92_METAL	GCF_024347255.1_WP_091360415.1	25.352	88	79	76	71	49	2	3	69	4	74	2.33e-13	64.8
tr|H8GH92|H8GH92_METAL	GCF_008807855.1_WP_063240334.1	16.438	88	83	80	73	55	2	3	72	8	77	2.36e-13	64.8
tr|H8GH92|H8GH92_METAL	GCF_003346775.1_WP_114843067.1	21.918	88	84	81	73	52	2	3	73	5	74	2.57e-13	64.8
tr|H8GH92|H8GH92_METAL	GCF_000006765.1_NP_249630.1	32.609	88	108	99	92	57	1	2	88	3	94	2.91e-13	65.1
tr|H8GH92|H8GH92_METAL	GCF_000012805.1_WP_011330264.1	18.667	88	85	82	75	55	3	3	74	4	75	2.97e-13	64.6
tr|H8GH92|H8GH92_METAL	GCF_004421105.1_WP_134356453.1	23.077	88	80	84	78	53	4	1	74	1	75	3.73e-13	64.3
tr|H8GH92|H8GH92_METAL	GCF_000143085.1_WP_013221711.1	22.667	88	82	82	75	52	3	3	74	4	75	4.66e-13	64.0
tr|H8GH92|H8GH92_METAL	GCF_000227685.2_WP_006746304.1	16.216	88	83	81	74	59	2	3	73	7	80	6.01e-13	63.7
tr|H8GH92|H8GH92_METAL	GCF_010119975.1_WP_162445115.1	17.500	88	365	86	80	58	3	3	78	11	86	6.51e-13	67.9
tr|H8GH92|H8GH92_METAL	GCF_000828615.1_WP_041064380.1	24.000	88	80	80	75	51	4	3	72	7	80	8.05e-13	63.4
tr|H8GH92|H8GH92_METAL	GCF_013201935.1_WP_129014602.1	20.833	88	72	78	72	50	3	2	70	4	71	8.70e-13	63.1
tr|H8GH92|H8GH92_METAL	GCF_001442805.1_WP_057942092.1	15.068	88	88	80	73	56	2	3	72	8	77	9.13e-13	63.4
tr|H8GH92|H8GH92_METAL	GCF_000013765.1_WP_011496543.1	27.711	88	106	90	83	56	2	6	84	23	105	9.89e-13	63.7
tr|H8GH92|H8GH92_METAL	GCF_013201665.1_WP_128359868.1	25.000	88	81	83	76	50	3	3	75	5	76	1.26e-12	62.9
tr|H8GH92|H8GH92_METAL	GCF_023733635.1_WP_039959400.1	23.288	88	89	77	73	50	3	2	69	3	74	1.57e-12	62.9
tr|H8GH92|H8GH92_METAL	GCF_001956695.1_WP_076086034.1	17.568	88	77	80	74	53	3	3	72	2	71	1.70e-12	62.6
tr|H8GH92|H8GH92_METAL	GCF_004214795.1_WP_130234502.1	20.548	88	78	80	73	51	3	3	72	5	73	1.72e-12	62.6
tr|H8GH92|H8GH92_METAL	GCF_020091585.1_WP_224339804.1	16.000	88	82	81	75	55	3	2	72	3	73	1.81e-12	62.6
tr|H8GH92|H8GH92_METAL	GCF_001444405.1_WP_058032142.1	32.857	88	87	80	70	47	0	5	74	1	70	1.94e-12	62.6
tr|H8GH92|H8GH92_METAL	GCF_024347275.1_WP_019620968.1	23.750	88	82	85	80	55	4	3	77	4	82	2.26e-12	62.3
tr|H8GH92|H8GH92_METAL	GCF_013283835.1_WP_071625892.1	22.368	88	79	80	76	49	3	3	72	2	73	2.42e-12	62.0
tr|H8GH92|H8GH92_METAL	GCF_003544915.1_WP_118918525.1	20.833	88	73	78	72	50	3	3	71	5	72	5.03e-12	61.2
tr|H8GH92|H8GH92_METAL	GCF_017742995.1_WP_247749573.1	37.209	88	48	49	43	27	0	5	47	1	43	5.88e-12	60.6
tr|H8GH92|H8GH92_METAL	GCF_005166025.1_WP_137090244.1	26.667	88	84	81	75	47	3	3	73	5	75	6.82e-12	61.2
tr|H8GH92|H8GH92_METAL	GCF_000012325.1_WP_011045621.1	33.824	88	84	77	68	44	1	6	73	5	71	8.25e-12	60.9
tr|H8GH92|H8GH92_METAL	GCF_021654855.1_WP_237262080.1	33.333	88	70	74	69	41	2	6	70	3	70	1.08e-11	60.3
tr|H8GH92|H8GH92_METAL	GCF_000238255.3_WP_010559905.1	27.273	88	86	99	88	59	4	1	87	1	84	1.12e-11	60.6
tr|H8GH92|H8GH92_METAL	GCF_023650495.1_WP_250655372.1	39.535	88	88	93	86	48	2	4	85	3	88	1.30e-11	60.3
tr|H8GH92|H8GH92_METAL	GCF_019931735.1_WP_223417223.1	22.892	88	87	90	83	60	2	6	84	4	86	1.70e-11	60.0
tr|H8GH92|H8GH92_METAL	GCF_024347215.1_WP_261843265.1	24.286	88	77	76	70	50	2	3	69	4	73	2.38e-11	59.5
tr|H8GH92|H8GH92_METAL	GCF_000024725.1_WP_013031543.1	23.077	88	81	84	78	53	4	1	74	1	75	2.96e-11	59.5
tr|H8GH92|H8GH92_METAL	GCF_000222485.1_WP_014022977.1	21.333	88	85	82	75	53	3	3	74	7	78	3.73e-11	59.2
tr|H8GH92|H8GH92_METAL	GCF_000317125.1_WP_015155280.1	24.658	88	81	78	73	47	4	3	71	4	72	4.03e-11	58.9
tr|H8GH92|H8GH92_METAL	GCF_001956695.1_WP_076086043.1	21.053	88	77	83	76	53	3	3	75	4	75	5.31e-11	58.6
tr|H8GH92|H8GH92_METAL	GCF_008122265.1_WP_148863603.1	20.779	88	84	82	77	52	4	1	72	1	73	5.63e-11	58.6
tr|H8GH92|H8GH92_METAL	GCF_013282625.1_WP_173286717.1	25.714	88	67	80	70	48	2	5	74	2	67	5.68e-11	58.4
tr|H8GH92|H8GH92_METAL	GCF_000317575.1_WP_015193670.1	17.568	88	74	80	74	53	4	2	71	3	72	6.68e-11	58.4
tr|H8GH92|H8GH92_METAL	GCF_019891175.1_WP_225938383.1	19.444	88	93	78	72	52	2	3	71	12	80	7.42e-11	58.6
tr|H8GH92|H8GH92_METAL	GCF_009937995.1_WP_179954406.1	15.584	88	79	83	77	61	2	2	74	3	79	7.71e-11	58.4
tr|H8GH92|H8GH92_METAL	GCF_013201935.1_WP_128987185.1	16.438	88	76	80	73	54	3	3	72	2	70	8.48e-11	58.1
tr|H8GH92|H8GH92_METAL	GCF_005281475.1_WP_137401239.1	18.519	88	81	89	81	59	4	1	78	1	77	8.56e-11	58.1
tr|H8GH92|H8GH92_METAL	GCF_001050135.1_WP_048644179.1	20.000	88	88	81	75	52	3	2	72	6	76	9.01e-11	58.4
tr|H8GH92|H8GH92_METAL	GCF_013201665.1_WP_128358834.1	16.438	88	76	80	73	54	3	3	72	2	70	9.70e-11	58.1
tr|H8GH92|H8GH92_METAL	GCF_024347675.1_WP_261833361.1	42.857	88	54	48	42	24	0	5	46	1	42	1.18e-10	57.5
tr|H8GH92|H8GH92_METAL	GCF_013177635.1_WP_129095951.1	15.068	88	76	80	73	55	3	3	72	2	70	1.48e-10	57.5
tr|H8GH92|H8GH92_METAL	GCF_003544815.1_WP_118886031.1	15.068	88	76	80	73	55	3	3	72	2	70	2.15e-10	57.2
tr|H8GH92|H8GH92_METAL	GCF_003722295.1_WP_010573895.1	21.333	88	75	78	75	49	3	3	71	4	74	2.88e-10	56.7
tr|H8GH92|H8GH92_METAL	GCF_000018105.1_WP_012162738.1	14.286	88	86	75	70	52	3	6	71	7	72	4.91e-10	56.4
tr|H8GH92|H8GH92_METAL	GCF_004293625.1_WP_130538367.1	30.000	88	71	68	60	38	2	5	64	2	57	6.58e-10	55.8
tr|H8GH92|H8GH92_METAL	GCF_006575665.1_WP_141613356.1	17.284	88	81	89	81	60	4	1	78	1	77	7.40e-10	55.8
tr|H8GH92|H8GH92_METAL	GCF_000265505.1_WP_014796533.1	14.634	88	97	81	82	58	3	3	73	6	86	8.55e-10	55.8
tr|H8GH92|H8GH92_METAL	GCF_003260975.1_WP_112783789.1	16.049	88	81	89	81	61	4	1	78	1	77	1.27e-09	55.3
tr|H8GH92|H8GH92_METAL	GCF_002309535.1_WP_096047558.1	21.127	88	88	78	71	51	2	4	72	3	70	1.36e-09	55.3
tr|H8GH92|H8GH92_METAL	GCF_013177675.1_WP_172126669.1	13.699	88	77	80	73	56	3	3	72	2	70	1.50e-09	55.0
tr|H8GH92|H8GH92_METAL	GCF_011398355.1_WP_173270160.1	25.758	88	65	75	66	45	2	5	70	2	63	1.70e-09	54.7
tr|H8GH92|H8GH92_METAL	GCF_000265295.1_WP_014770430.1	19.718	88	76	78	71	52	2	4	72	3	70	2.63e-09	54.4
tr|H8GH92|H8GH92_METAL	GCF_001723605.1_WP_069479051.1	23.188	88	76	76	69	48	2	6	72	5	70	6.55e-09	53.3
tr|H8GH92|H8GH92_METAL	GCF_000568815.1_WP_025346049.1	21.127	88	76	78	71	51	2	4	72	3	70	6.82e-09	53.3
tr|H8GH92|H8GH92_METAL	GCF_000973725.1_WP_046311560.1	12.329	88	91	80	73	58	3	2	71	4	73	7.01e-09	53.6
tr|H8GH92|H8GH92_METAL	GCF_003967275.1_WP_197721837.1	21.622	88	78	78	74	53	3	1	69	1	74	4.19e-08	51.3
tr|H8GH92|H8GH92_METAL	GCF_011398355.1_WP_173270199.1	26.866	88	66	76	67	45	2	5	71	2	64	4.99e-08	50.8
tr|H8GH92|H8GH92_METAL	GCF_026278345.1_WP_266369249.1	16.667	88	90	90	84	60	6	1	79	1	79	6.09e-08	51.0
tr|H8GH92|H8GH92_METAL	GCF_001705075.2_WP_065970077.1	22.857	88	78	75	70	49	3	2	67	4	72	8.35e-08	50.5
tr|H8GH92|H8GH92_METAL	GCF_011398155.1_WP_173291533.1	25.352	88	71	80	71	48	3	6	75	3	69	1.24e-07	49.9
tr|H8GH92|H8GH92_METAL	GCF_000242635.2_WP_014682426.1	11.765	88	83	74	68	54	2	10	74	11	75	2.06e-07	49.6
tr|H8GH92|H8GH92_METAL	GCF_003346815.1_WP_114840344.1	20.270	88	84	81	74	52	4	2	72	3	72	1.79e-06	47.1
tr|H8GH92|H8GH92_METAL	GCF_011764585.1_WP_188200227.1	12.281	88	63	59	57	44	3	19	70	2	57	1.88e-04	41.8
tr|H8GH92|H8GH92_METAL	GCF_003143555.1_WP_109340539.1	21.918	88	84	81	73	55	1	8	78	5	77	3.09e-04	41.5
tr|H8GH92|H8GH92_METAL	GCF_018388465.1_WP_208290210.1	20.588	88	316	75	68	52	1	12	77	139	206	3.31e-04	43.7
tr|H8GH92|H8GH92_METAL	GCF_001027285.1_WP_047859305.1	30.000	88	80	57	50	34	1	8	57	12	60	4.29e-04	41.2
tr|H8GH92|H8GH92_METAL	GCF_000325705.1_WP_015264554.1	21.333	88	77	82	75	52	4	1	72	1	71	5.16e-04	40.9
tr|H8GH92|H8GH92_METAL	GCF_021018745.1_WP_230843504.1	21.212	88	92	74	66	50	2	8	72	24	88	6.21e-04	40.9
tr|H8GH92|H8GH92_METAL	GCF_000484535.1_WP_023173213.1	24.638	88	91	77	69	50	2	8	75	24	91	7.05e-04	40.6
tr|H8GH92|H8GH92_METAL	GCF_014217805.1_WP_185274331.1	13.514	88	91	81	74	58	3	2	72	7	77	0.001	40.4
tr|H8GH92|H8GH92_METAL	GCF_000011385.1_WP_011141833.1	21.212	88	92	74	66	50	2	8	72	24	88	0.002	39.8
tr|H8GH92|H8GH92_METAL	GCF_013283835.1_WP_071628250.1	16.438	88	81	80	73	54	3	3	72	4	72	0.002	39.2
tr|H8GH92|H8GH92_METAL	GCF_002116735.1_WP_041332374.1	16.216	88	86	81	74	56	2	2	72	9	79	0.009	37.8
