sp|P0AFW8|ROF_ECOLI	GCF_001461805.1_WP_013367515.1	91.667	84	86	100	84	7	0	1	84	3	86	2.25e-37	125
sp|P0AFW8|ROF_ECOLI	GCF_001518835.1_WP_059308693.1	88.095	84	86	100	84	10	0	1	84	3	86	2.50e-37	125
sp|P0AFW8|ROF_ECOLI	GCF_021172065.1_WP_015965827.1	88.095	84	86	100	84	10	0	1	84	3	86	3.46e-37	125
sp|P0AFW8|ROF_ECOLI	GCF_009036245.1_WP_025756830.1	90.476	84	86	100	84	8	0	1	84	3	86	3.46e-37	125
sp|P0AFW8|ROF_ECOLI	GCF_020097475.1_WP_000062318.1	98.810	84	86	100	84	1	0	1	84	3	86	4.46e-37	125
sp|P0AFW8|ROF_ECOLI	GCF_009176645.1_WP_152083529.1	90.476	84	86	100	84	8	0	1	84	3	86	5.44e-37	124
sp|P0AFW8|ROF_ECOLI	GCF_001683395.1_WP_017458015.1	85.714	84	86	100	84	12	0	1	84	3	86	1.04e-36	124
sp|P0AFW8|ROF_ECOLI	GCF_007632255.1_WP_015368146.1	86.905	84	86	100	84	11	0	1	84	3	86	1.13e-36	124
sp|P0AFW8|ROF_ECOLI	GCF_003594935.2_WP_006173581.1	91.667	84	86	100	84	7	0	1	84	3	86	1.23e-36	124
sp|P0AFW8|ROF_ECOLI	GCF_001022135.1_WP_039078449.1	94.048	84	86	100	84	5	0	1	84	3	86	1.24e-36	124
sp|P0AFW8|ROF_ECOLI	GCF_000006925.2_NP_706134.1	100.000	84	86	100	84	0	0	1	84	3	86	1.45e-36	123
sp|P0AFW8|ROF_ECOLI	GCF_000005845.2_NP_414731.2	100.000	84	84	100	84	0	0	1	84	1	84	1.63e-36	123
sp|P0AFW8|ROF_ECOLI	GCF_001658025.2_WP_007373243.1	85.714	84	86	100	84	12	0	1	84	3	86	1.79e-36	123
sp|P0AFW8|ROF_ECOLI	GCF_000224675.1_WP_010426685.1	91.667	84	86	100	84	7	0	1	84	3	86	1.82e-36	123
sp|P0AFW8|ROF_ECOLI	GCF_015137655.1_WP_028015593.1	90.476	84	86	100	84	8	0	1	84	3	86	1.84e-36	123
sp|P0AFW8|ROF_ECOLI	GCF_001729805.1_WP_008501890.1	90.476	84	86	100	84	8	0	1	84	3	86	2.08e-36	123
sp|P0AFW8|ROF_ECOLI	GCF_027886705.1_WP_061497537.1	88.095	84	86	100	84	10	0	1	84	3	86	2.22e-36	123
sp|P0AFW8|ROF_ECOLI	GCF_025914095.1_WP_031518416.1	89.286	84	86	100	84	9	0	1	84	3	86	2.67e-36	123
sp|P0AFW8|ROF_ECOLI	GCF_023195735.1_WP_035891978.1	89.286	84	86	100	84	9	0	1	84	3	86	2.67e-36	123
sp|P0AFW8|ROF_ECOLI	GCF_001750725.1_WP_014168720.1	89.286	84	86	100	84	9	0	1	84	3	86	3.91e-36	122
sp|P0AFW8|ROF_ECOLI	GCF_009363135.1_WP_090122691.1	85.714	84	86	100	84	12	0	1	84	3	86	4.30e-36	122
sp|P0AFW8|ROF_ECOLI	GCF_009649915.1_WP_062772223.1	88.095	84	86	100	84	10	0	1	84	3	86	4.47e-36	122
sp|P0AFW8|ROF_ECOLI	GCF_019048625.1_WP_023305471.1	91.667	84	86	100	84	7	0	1	84	3	86	6.19e-36	122
sp|P0AFW8|ROF_ECOLI	GCF_004684345.1_WP_135323069.1	88.095	84	86	100	84	10	0	1	84	3	86	7.43e-36	121
sp|P0AFW8|ROF_ECOLI	GCF_003812345.1_WP_003018503.1	88.095	84	86	100	84	10	0	1	84	3	86	7.49e-36	121
sp|P0AFW8|ROF_ECOLI	GCF_016904755.1_WP_059234959.1	97.590	84	86	99	83	2	0	1	83	3	85	7.80e-36	121
sp|P0AFW8|ROF_ECOLI	GCF_001558935.2_WP_042323659.1	91.667	84	86	100	84	7	0	1	84	3	86	8.92e-36	121
sp|P0AFW8|ROF_ECOLI	GCF_002393445.1_WP_061273728.1	85.542	84	86	99	83	12	0	1	83	3	85	9.00e-36	121
sp|P0AFW8|ROF_ECOLI	GCF_004353845.1_WP_103768334.1	86.905	84	86	100	84	11	0	1	84	3	86	9.14e-36	121
sp|P0AFW8|ROF_ECOLI	GCF_021278985.1_WP_012904575.1	88.095	84	86	100	84	10	0	1	84	3	86	9.51e-36	121
sp|P0AFW8|ROF_ECOLI	GCF_001277255.1_WP_007666633.1	83.333	84	86	100	84	14	0	1	84	3	86	9.66e-36	121
sp|P0AFW8|ROF_ECOLI	GCF_900638065.1_WP_048212636.1	86.905	84	86	100	84	11	0	1	84	3	86	9.98e-36	121
sp|P0AFW8|ROF_ECOLI	GCF_000240185.1_YP_005225236.1	89.286	84	86	100	84	9	0	1	84	3	86	1.04e-35	121
sp|P0AFW8|ROF_ECOLI	GCF_022637515.1_WP_064539750.1	84.524	84	86	100	84	13	0	1	84	3	86	1.12e-35	121
sp|P0AFW8|ROF_ECOLI	GCF_018128425.1_WP_042289833.1	90.476	84	86	100	84	8	0	1	84	3	86	1.30e-35	121
sp|P0AFW8|ROF_ECOLI	GCF_001277175.1_WP_007760020.1	79.762	84	86	100	84	17	0	1	84	3	86	1.34e-35	121
sp|P0AFW8|ROF_ECOLI	GCF_003812925.1_WP_004107903.1	86.905	84	86	100	84	11	0	1	84	3	86	1.47e-35	121
sp|P0AFW8|ROF_ECOLI	GCF_003261575.2_WP_110272453.1	85.714	84	86	100	84	12	0	1	84	3	86	1.62e-35	121
sp|P0AFW8|ROF_ECOLI	GCF_001277215.2_WP_007776988.1	79.762	84	86	100	84	17	0	1	84	3	86	1.90e-35	121
sp|P0AFW8|ROF_ECOLI	GCF_001277195.1_WP_032966924.1	83.333	84	86	100	84	14	0	1	84	3	86	1.91e-35	121
sp|P0AFW8|ROF_ECOLI	GCF_018139045.1_WP_004129134.1	86.905	84	86	100	84	11	0	1	84	3	86	2.23e-35	120
sp|P0AFW8|ROF_ECOLI	GCF_012029655.1_WP_041144145.1	84.524	84	86	100	84	13	0	1	84	3	86	2.32e-35	120
sp|P0AFW8|ROF_ECOLI	GCF_006711645.1_WP_100682484.1	84.524	84	86	100	84	13	0	1	84	3	86	2.59e-35	120
sp|P0AFW8|ROF_ECOLI	GCF_009648935.1_WP_047417117.1	86.905	84	86	100	84	11	0	1	84	3	86	2.83e-35	120
sp|P0AFW8|ROF_ECOLI	GCF_015139575.1_WP_004098776.1	88.095	84	86	100	84	10	0	1	84	3	86	2.94e-35	120
sp|P0AFW8|ROF_ECOLI	GCF_022637595.1_WP_004858152.1	86.905	84	86	100	84	11	0	1	84	3	86	2.96e-35	120
sp|P0AFW8|ROF_ECOLI	GCF_900635955.1_WP_126357486.1	85.542	84	86	99	83	12	0	1	83	3	85	4.01e-35	120
sp|P0AFW8|ROF_ECOLI	GCF_003935895.2_WP_110510858.1	84.337	84	86	99	83	13	0	1	83	3	85	4.66e-35	119
sp|P0AFW8|ROF_ECOLI	GCF_000439255.1_WP_000062328.1	82.143	84	86	100	84	15	0	1	84	3	86	5.42e-35	119
sp|P0AFW8|ROF_ECOLI	GCF_002163605.1_WP_157665988.1	80.952	84	86	100	84	16	0	1	84	3	86	8.33e-35	119
sp|P0AFW8|ROF_ECOLI	GCF_000834395.1_WP_042546713.1	73.810	84	86	100	84	22	0	1	84	3	86	1.09e-34	119
sp|P0AFW8|ROF_ECOLI	GCF_000018045.1_WP_024130681.1	88.095	84	86	100	84	10	0	1	84	3	86	1.17e-34	119
sp|P0AFW8|ROF_ECOLI	GCF_011068345.1_WP_002436992.1	80.723	84	86	99	83	16	0	1	83	3	85	1.46e-34	118
sp|P0AFW8|ROF_ECOLI	GCF_024224615.1_WP_125293588.1	81.928	84	86	99	83	15	0	1	83	3	85	1.49e-34	118
sp|P0AFW8|ROF_ECOLI	GCF_004124235.1_WP_025377303.1	73.810	84	86	100	84	22	0	1	84	3	86	1.62e-34	118
sp|P0AFW8|ROF_ECOLI	GCF_000006945.2_NP_459242.1	80.952	84	86	100	84	16	0	1	84	3	86	1.79e-34	118
sp|P0AFW8|ROF_ECOLI	GCF_025133195.1_WP_032910235.1	73.810	84	86	100	84	22	0	1	84	3	86	2.13e-34	118
sp|P0AFW8|ROF_ECOLI	GCF_000222975.1_WP_002218374.1	73.810	84	86	100	84	22	0	1	84	3	86	2.18e-34	118
sp|P0AFW8|ROF_ECOLI	GCF_021276285.1_WP_095923198.1	79.268	84	86	98	82	17	0	1	82	3	84	2.23e-34	118
sp|P0AFW8|ROF_ECOLI	GCF_013234275.1_WP_172895488.1	82.143	84	86	100	84	15	0	1	84	3	86	2.30e-34	118
sp|P0AFW8|ROF_ECOLI	GCF_013282725.1_WP_032813813.1	72.619	84	86	100	84	23	0	1	84	3	86	2.49e-34	118
sp|P0AFW8|ROF_ECOLI	GCF_000010085.1_WP_011411656.1	60.976	84	86	98	82	32	0	1	82	3	84	2.49e-34	118
sp|P0AFW8|ROF_ECOLI	GCF_000517425.1_WP_025421126.1	62.195	84	86	98	82	31	0	1	82	3	84	2.59e-34	118
sp|P0AFW8|ROF_ECOLI	GCF_000834455.1_WP_032817050.1	72.619	84	86	100	84	23	0	1	84	3	86	3.35e-34	117
sp|P0AFW8|ROF_ECOLI	GCF_000520015.2_WP_024910172.1	72.619	84	87	100	84	23	0	1	84	3	86	3.81e-34	117
sp|P0AFW8|ROF_ECOLI	GCF_025758125.1_WP_023480196.1	83.333	84	86	100	84	14	0	1	84	3	86	3.99e-34	117
sp|P0AFW8|ROF_ECOLI	GCF_000233595.1_WP_013024706.1	75.904	84	86	99	83	20	0	1	83	3	85	4.25e-34	117
sp|P0AFW8|ROF_ECOLI	GCF_022637475.1_WP_013574214.1	78.049	84	86	98	82	18	0	1	82	3	84	5.26e-34	117
sp|P0AFW8|ROF_ECOLI	GCF_900095885.1_WP_035340381.1	70.238	84	86	100	84	25	0	1	84	3	86	7.77e-34	116
sp|P0AFW8|ROF_ECOLI	GCF_005484945.1_WP_137712817.1	72.619	84	86	100	84	23	0	1	84	3	86	8.41e-34	116
sp|P0AFW8|ROF_ECOLI	GCF_016026735.1_WP_015673540.1	71.429	84	87	100	84	24	0	1	84	3	86	9.06e-34	116
sp|P0AFW8|ROF_ECOLI	GCF_009730055.1_WP_032906500.1	73.810	84	86	100	84	22	0	1	84	3	86	1.10e-33	116
sp|P0AFW8|ROF_ECOLI	GCF_001642805.2_WP_004931991.1	72.619	84	87	100	84	23	0	1	84	3	86	1.12e-33	116
sp|P0AFW8|ROF_ECOLI	GCF_002953195.1_WP_038628016.1	71.084	84	87	99	83	24	0	2	84	4	86	1.35e-33	116
sp|P0AFW8|ROF_ECOLI	GCF_021462285.1_WP_234585968.1	72.619	84	87	100	84	23	0	1	84	3	86	1.46e-33	116
sp|P0AFW8|ROF_ECOLI	GCF_003019925.1_WP_162185254.1	84.146	84	86	98	82	13	0	1	82	3	84	1.51e-33	116
sp|P0AFW8|ROF_ECOLI	GCF_012427845.1_WP_012773648.1	71.429	84	86	100	84	24	0	1	84	3	86	1.59e-33	115
sp|P0AFW8|ROF_ECOLI	GCF_011044475.1_WP_033740322.1	75.904	84	86	99	83	20	0	1	83	3	85	1.73e-33	115
sp|P0AFW8|ROF_ECOLI	GCF_017498685.1_WP_038245151.1	72.619	84	86	100	84	23	0	1	84	3	86	1.86e-33	115
sp|P0AFW8|ROF_ECOLI	GCF_019797845.1_WP_222158377.1	70.238	84	86	100	84	25	0	1	84	3	86	2.02e-33	115
sp|P0AFW8|ROF_ECOLI	GCF_002288545.1_WP_029367608.1	71.429	84	86	100	84	24	0	1	84	3	86	2.15e-33	115
sp|P0AFW8|ROF_ECOLI	GCF_009817885.1_WP_105232289.1	72.619	84	87	100	84	23	0	1	84	3	86	2.15e-33	115
sp|P0AFW8|ROF_ECOLI	GCF_009914055.1_WP_160619715.1	71.084	84	87	99	83	24	0	2	84	4	86	2.22e-33	115
sp|P0AFW8|ROF_ECOLI	GCF_000262305.1_WP_002441069.1	78.571	84	86	100	84	18	0	1	84	3	86	2.27e-33	115
sp|P0AFW8|ROF_ECOLI	GCF_900187015.1_WP_061796701.1	72.619	84	87	100	84	23	0	1	84	3	86	2.59e-33	115
sp|P0AFW8|ROF_ECOLI	GCF_002101395.1_WP_085067900.1	71.084	84	87	99	83	24	0	2	84	4	86	2.67e-33	115
sp|P0AFW8|ROF_ECOLI	GCF_009873295.1_WP_039312412.1	71.429	84	86	100	84	24	0	1	84	3	86	4.22e-33	115
sp|P0AFW8|ROF_ECOLI	GCF_023517775.1_WP_249893541.1	74.699	84	87	99	83	21	0	2	84	4	86	5.68e-33	114
sp|P0AFW8|ROF_ECOLI	GCF_017569925.1_WP_208228065.1	71.429	84	86	100	84	24	0	1	84	3	86	5.80e-33	114
sp|P0AFW8|ROF_ECOLI	GCF_003515985.1_WP_085653101.1	67.470	84	86	99	83	27	0	1	83	3	85	5.89e-33	114
sp|P0AFW8|ROF_ECOLI	GCF_020079945.1_WP_039382769.1	74.390	84	87	98	82	21	0	2	83	4	85	7.87e-33	114
sp|P0AFW8|ROF_ECOLI	GCF_000025065.1_WP_012883679.1	69.880	84	86	99	83	25	0	1	83	3	85	7.97e-33	114
sp|P0AFW8|ROF_ECOLI	GCF_015999465.1_WP_085688159.1	66.265	84	86	99	83	28	0	1	83	3	85	8.10e-33	114
sp|P0AFW8|ROF_ECOLI	GCF_020181655.1_WP_225087160.1	69.048	84	86	100	84	26	0	1	84	3	86	9.35e-33	114
sp|P0AFW8|ROF_ECOLI	GCF_000023545.1_WP_015854637.1	71.429	84	86	100	84	24	0	1	84	3	86	1.00e-32	114
sp|P0AFW8|ROF_ECOLI	GCF_000740965.1_WP_011092648.1	70.238	84	86	100	84	25	0	1	84	3	86	1.08e-32	114
sp|P0AFW8|ROF_ECOLI	GCF_002291445.1_WP_048635886.1	71.429	84	86	100	84	24	0	1	84	3	86	1.16e-32	114
sp|P0AFW8|ROF_ECOLI	GCF_009931295.1_WP_161528353.1	71.429	84	86	100	84	24	0	1	84	3	86	1.24e-32	113
sp|P0AFW8|ROF_ECOLI	GCF_000023565.1_WP_012770818.1	69.880	84	86	99	83	25	0	1	83	3	85	1.85e-32	113
sp|P0AFW8|ROF_ECOLI	GCF_001742185.1_WP_005975933.1	70.238	84	86	100	84	25	0	1	84	3	86	2.04e-32	113
sp|P0AFW8|ROF_ECOLI	GCF_007858975.2_WP_042869176.1	69.880	84	86	99	83	25	0	1	83	3	85	2.09e-32	113
sp|P0AFW8|ROF_ECOLI	GCF_020150375.1_WP_004094310.1	78.049	84	86	98	82	18	0	3	84	5	86	3.58e-32	112
sp|P0AFW8|ROF_ECOLI	GCF_000196615.1_WP_013200864.1	73.494	84	87	99	83	22	0	2	84	4	86	4.31e-32	112
sp|P0AFW8|ROF_ECOLI	GCF_003992745.1_WP_014700896.1	69.048	84	86	100	84	26	0	1	84	3	86	4.62e-32	112
sp|P0AFW8|ROF_ECOLI	GCF_020683125.1_WP_133842177.1	74.390	84	88	98	82	21	0	3	84	6	87	4.64e-32	112
sp|P0AFW8|ROF_ECOLI	GCF_002291425.1_WP_095847471.1	72.619	84	87	100	84	23	0	1	84	3	86	4.93e-32	112
sp|P0AFW8|ROF_ECOLI	GCF_005484965.1_WP_009114129.1	71.429	84	86	100	84	24	0	1	84	3	86	4.96e-32	112
sp|P0AFW8|ROF_ECOLI	GCF_011617105.1_WP_025800203.1	79.268	84	86	98	82	17	0	3	84	5	86	5.33e-32	112
sp|P0AFW8|ROF_ECOLI	GCF_019844095.1_WP_062747070.1	74.390	84	88	98	82	21	0	3	84	6	87	6.63e-32	112
sp|P0AFW8|ROF_ECOLI	GCF_004792415.1_WP_013356856.1	70.732	84	86	98	82	24	0	1	82	3	84	6.76e-32	112
sp|P0AFW8|ROF_ECOLI	GCF_019890955.1_WP_211725887.1	71.951	84	87	98	82	23	0	2	83	4	85	7.11e-32	112
sp|P0AFW8|ROF_ECOLI	GCF_000026185.1_WP_012440659.1	70.732	84	87	98	82	24	0	2	83	4	85	7.22e-32	111
sp|P0AFW8|ROF_ECOLI	GCF_000264765.2_WP_034163237.1	65.060	84	86	99	83	29	0	2	84	4	86	7.38e-32	111
sp|P0AFW8|ROF_ECOLI	GCF_000517405.1_WP_038469034.1	58.025	84	83	96	81	34	0	2	82	1	81	9.16e-32	111
sp|P0AFW8|ROF_ECOLI	GCF_002812485.1_WP_038661467.1	69.880	84	86	99	83	25	0	1	83	3	85	1.10e-31	111
sp|P0AFW8|ROF_ECOLI	GCF_001597285.1_WP_061903727.1	34.940	84	92	98	83	53	1	2	83	1	83	1.43e-31	111
sp|P0AFW8|ROF_ECOLI	GCF_001010285.1_WP_046974061.1	66.667	84	88	100	84	28	0	1	84	3	86	1.86e-31	110
sp|P0AFW8|ROF_ECOLI	GCF_000147055.1_WP_022632468.1	69.880	84	86	99	83	25	0	1	83	3	85	2.01e-31	110
sp|P0AFW8|ROF_ECOLI	GCF_004353845.1_WP_103770713.1	34.524	84	93	99	84	54	1	2	84	4	87	2.21e-31	110
sp|P0AFW8|ROF_ECOLI	GCF_017348915.1_WP_040077077.1	86.905	84	86	100	84	11	0	1	84	3	86	2.55e-31	110
sp|P0AFW8|ROF_ECOLI	GCF_022647505.1_WP_128179458.1	69.880	84	87	99	83	25	0	2	84	4	86	2.58e-31	110
sp|P0AFW8|ROF_ECOLI	GCF_020541225.1_WP_226811316.1	58.537	84	86	98	82	34	0	1	82	3	84	2.89e-31	110
sp|P0AFW8|ROF_ECOLI	GCF_003403135.1_WP_024104894.1	69.880	84	86	99	83	25	0	1	83	3	85	3.31e-31	110
sp|P0AFW8|ROF_ECOLI	GCF_013200955.2_WP_173204463.1	40.476	84	91	99	84	49	1	1	83	1	84	5.32e-31	109
sp|P0AFW8|ROF_ECOLI	GCF_019048385.1_WP_062759648.1	69.512	84	86	98	82	25	0	1	82	3	84	5.38e-31	109
sp|P0AFW8|ROF_ECOLI	GCF_021733145.1_WP_012847629.1	65.385	84	86	93	78	27	0	2	79	4	81	5.55e-31	109
sp|P0AFW8|ROF_ECOLI	GCF_024205225.1_WP_195881696.1	33.735	84	90	98	83	54	1	2	83	1	83	6.57e-31	109
sp|P0AFW8|ROF_ECOLI	GCF_019047765.1_WP_040230035.1	86.905	84	86	100	84	11	0	1	84	3	86	6.72e-31	109
sp|P0AFW8|ROF_ECOLI	GCF_000214235.1_WP_004952197.1	66.667	84	85	100	84	28	0	1	84	1	84	7.09e-31	109
sp|P0AFW8|ROF_ECOLI	GCF_009646115.1_WP_008925644.1	70.732	84	86	98	82	24	0	1	82	3	84	7.88e-31	109
sp|P0AFW8|ROF_ECOLI	GCF_019090985.1_WP_036781226.1	60.714	84	88	100	84	33	0	1	84	3	86	8.78e-31	109
sp|P0AFW8|ROF_ECOLI	GCF_000733715.2_WP_017362912.1	33.735	84	90	98	83	54	1	2	83	1	83	8.96e-31	109
sp|P0AFW8|ROF_ECOLI	GCF_002355475.1_WP_004421315.1	38.095	84	91	99	84	51	1	1	83	1	84	9.80e-31	108
sp|P0AFW8|ROF_ECOLI	GCF_902387845.1_WP_004237241.1	67.073	84	88	98	82	27	0	3	84	5	86	1.12e-30	108
sp|P0AFW8|ROF_ECOLI	GCF_000968195.1_WP_045972480.1	61.446	84	87	99	83	32	0	2	84	5	87	1.39e-30	108
sp|P0AFW8|ROF_ECOLI	GCF_001006005.1_WP_223499701.1	65.476	84	85	100	84	29	0	1	84	1	84	1.88e-30	108
sp|P0AFW8|ROF_ECOLI	GCF_025946765.1_WP_264497926.1	67.470	84	86	99	83	27	0	1	83	3	85	1.98e-30	108
sp|P0AFW8|ROF_ECOLI	GCF_003812345.1_WP_121571778.1	33.333	84	94	99	84	55	1	2	84	4	87	1.99e-30	108
sp|P0AFW8|ROF_ECOLI	GCF_000297075.2_WP_003461742.1	33.735	84	90	98	83	54	1	2	83	1	83	2.05e-30	108
sp|P0AFW8|ROF_ECOLI	GCF_008364325.2_WP_230090436.1	65.476	84	85	100	84	29	0	1	84	1	84	2.14e-30	108
sp|P0AFW8|ROF_ECOLI	GCF_000196475.1_WP_012776850.1	61.905	84	88	100	84	32	0	1	84	3	86	2.26e-30	108
sp|P0AFW8|ROF_ECOLI	GCF_000261045.2_WP_006318653.1	65.476	84	87	100	84	29	0	1	84	3	86	2.95e-30	107
sp|P0AFW8|ROF_ECOLI	GCF_022647325.1_WP_111140597.1	69.512	84	86	98	82	25	0	1	82	3	84	2.99e-30	107
sp|P0AFW8|ROF_ECOLI	GCF_022592395.1_WP_047255099.1	57.317	84	87	98	82	35	0	3	84	5	86	3.43e-30	107
sp|P0AFW8|ROF_ECOLI	GCF_900638135.1_WP_012146468.1	65.476	84	87	100	84	29	0	1	84	3	86	3.63e-30	107
sp|P0AFW8|ROF_ECOLI	GCF_013409125.2_WP_099525265.1	33.735	84	90	98	83	54	1	2	83	1	83	3.75e-30	107
sp|P0AFW8|ROF_ECOLI	GCF_009831665.3_WP_006709226.1	63.095	84	87	100	84	31	0	1	84	3	86	4.87e-30	107
sp|P0AFW8|ROF_ECOLI	GCF_000196155.1_WP_011145066.1	59.524	84	88	100	84	34	0	1	84	3	86	6.10e-30	106
sp|P0AFW8|ROF_ECOLI	GCF_008693605.1_WP_223849061.1	32.184	84	95	99	87	55	2	1	83	1	87	7.11e-30	106
sp|P0AFW8|ROF_ECOLI	GCF_003204135.1_WP_004908806.1	59.756	84	87	98	82	33	0	3	84	5	86	7.42e-30	106
sp|P0AFW8|ROF_ECOLI	GCF_020342335.1_WP_067428135.1	71.605	84	87	96	81	23	0	2	82	4	84	8.23e-30	106
sp|P0AFW8|ROF_ECOLI	GCF_021029445.1_WP_230924827.1	30.488	84	89	98	82	57	0	2	83	1	82	1.02e-29	106
sp|P0AFW8|ROF_ECOLI	GCF_017329545.1_WP_047884589.1	30.588	84	95	100	85	58	1	1	84	1	85	1.07e-29	106
sp|P0AFW8|ROF_ECOLI	GCF_000091565.1_WP_004159420.1	67.901	84	87	96	81	26	0	2	82	4	84	1.10e-29	106
sp|P0AFW8|ROF_ECOLI	GCF_001708425.1_WP_055136127.1	36.145	84	94	98	83	52	1	2	83	1	83	1.37e-29	106
sp|P0AFW8|ROF_ECOLI	GCF_001594225.2_WP_064379396.1	36.145	84	92	98	83	52	1	2	83	1	83	1.40e-29	106
sp|P0AFW8|ROF_ECOLI	GCF_011397855.1_WP_044414183.1	34.940	84	90	98	83	53	1	2	83	1	83	1.43e-29	106
sp|P0AFW8|ROF_ECOLI	GCF_002843235.3_WP_102139922.1	60.976	84	87	98	82	32	0	3	84	5	86	1.45e-29	106
sp|P0AFW8|ROF_ECOLI	GCF_004768525.1_WP_026822068.1	62.195	84	88	98	82	31	0	3	84	5	86	1.61e-29	105
sp|P0AFW8|ROF_ECOLI	GCF_013460135.1_WP_180816665.1	59.756	84	88	98	82	33	0	3	84	5	86	1.73e-29	105
sp|P0AFW8|ROF_ECOLI	GCF_900475855.1_WP_068441311.1	60.976	84	87	98	82	32	0	3	84	5	86	1.79e-29	105
sp|P0AFW8|ROF_ECOLI	GCF_020268605.1_WP_180560445.1	59.756	84	88	98	82	33	0	3	84	5	86	1.93e-29	105
sp|P0AFW8|ROF_ECOLI	GCF_002393505.1_WP_006658392.1	59.756	84	87	98	82	33	0	3	84	5	86	2.17e-29	105
sp|P0AFW8|ROF_ECOLI	GCF_017167985.1_WP_079784061.1	33.735	84	90	98	83	54	1	2	83	1	83	2.39e-29	105
sp|P0AFW8|ROF_ECOLI	GCF_900682675.2_WP_069898892.1	38.554	84	94	98	83	50	1	2	83	1	83	2.61e-29	105
sp|P0AFW8|ROF_ECOLI	GCF_021365465.1_WP_016190321.1	68.675	84	87	99	83	26	0	2	84	4	86	3.05e-29	105
sp|P0AFW8|ROF_ECOLI	GCF_029277985.1_WP_154623766.1	59.756	84	87	98	82	33	0	3	84	5	86	3.52e-29	105
sp|P0AFW8|ROF_ECOLI	GCF_008807375.1_WP_151138908.1	34.524	84	91	99	84	54	1	1	83	1	84	4.07e-29	105
sp|P0AFW8|ROF_ECOLI	GCF_000968175.1_WP_045959360.1	59.036	84	88	99	83	34	0	2	84	5	87	4.41e-29	104
sp|P0AFW8|ROF_ECOLI	GCF_017743015.1_WP_209027287.1	60.976	84	88	98	82	32	0	3	84	5	86	4.85e-29	104
sp|P0AFW8|ROF_ECOLI	GCF_017167985.1_WP_093053415.1	31.325	84	92	98	83	56	1	2	83	1	83	6.42e-29	104
sp|P0AFW8|ROF_ECOLI	GCF_014295015.1_WP_013185414.1	61.446	84	87	99	83	32	0	2	84	5	87	7.68e-29	104
sp|P0AFW8|ROF_ECOLI	GCF_002504285.1_WP_005282992.1	62.651	84	86	99	83	31	0	2	84	4	86	8.03e-29	104
sp|P0AFW8|ROF_ECOLI	GCF_000069965.1_WP_004245453.1	56.410	84	86	93	78	34	0	2	79	4	81	9.05e-29	103
sp|P0AFW8|ROF_ECOLI	GCF_025402875.1_WP_011791024.1	30.120	84	90	98	83	57	1	2	83	1	83	9.13e-29	104
sp|P0AFW8|ROF_ECOLI	GCF_002952315.1_WP_012667243.1	65.854	84	87	98	82	28	0	2	83	4	85	1.21e-28	103
sp|P0AFW8|ROF_ECOLI	GCF_011045835.1_WP_075671674.1	56.250	84	86	95	80	35	0	2	81	4	83	1.44e-28	103
sp|P0AFW8|ROF_ECOLI	GCF_004295645.1_WP_228350951.1	73.333	84	88	89	75	20	0	3	77	6	80	2.08e-28	103
sp|P0AFW8|ROF_ECOLI	GCF_017915135.1_WP_210390879.1	33.735	84	90	98	83	54	1	2	83	1	83	2.30e-28	103
sp|P0AFW8|ROF_ECOLI	GCF_012767755.2_WP_173176508.1	31.325	84	91	98	83	53	2	2	83	1	80	2.36e-28	103
sp|P0AFW8|ROF_ECOLI	GCF_001721185.1_WP_069317984.1	63.415	84	87	98	82	30	0	3	84	5	86	3.16e-28	102
sp|P0AFW8|ROF_ECOLI	GCF_016026395.1_WP_024524235.1	60.241	84	86	99	83	33	0	2	84	4	86	3.18e-28	102
sp|P0AFW8|ROF_ECOLI	GCF_008693645.1_WP_137347870.1	35.632	84	89	100	87	53	2	1	84	1	87	3.66e-28	102
sp|P0AFW8|ROF_ECOLI	GCF_022369495.1_WP_072064250.1	56.410	84	86	93	78	34	0	2	79	4	81	4.33e-28	102
sp|P0AFW8|ROF_ECOLI	GCF_016834455.1_WP_203325205.1	36.145	84	86	98	83	52	1	2	83	1	83	6.55e-28	101
sp|P0AFW8|ROF_ECOLI	GCF_900478135.1_WP_111739359.1	70.667	84	88	89	75	22	0	3	77	6	80	6.63e-28	101
sp|P0AFW8|ROF_ECOLI	GCF_003096015.2_WP_230514010.1	72.000	84	88	89	75	21	0	3	77	6	80	6.63e-28	101
sp|P0AFW8|ROF_ECOLI	GCF_005671395.1_WP_138095872.1	76.000	84	86	89	75	18	0	2	76	4	78	9.07e-28	101
sp|P0AFW8|ROF_ECOLI	GCF_003957745.1_WP_126168493.1	36.145	84	87	98	83	52	1	2	83	1	83	1.38e-27	101
sp|P0AFW8|ROF_ECOLI	GCF_024971755.1_WP_259474826.1	33.735	84	88	98	83	54	1	2	83	1	83	1.47e-27	101
sp|P0AFW8|ROF_ECOLI	GCF_004684345.1_WP_135321947.1	35.366	84	93	96	82	52	1	3	83	5	86	2.94e-27	100
sp|P0AFW8|ROF_ECOLI	GCF_000015245.1_WP_011761423.1	36.145	84	86	98	83	52	1	2	83	1	83	3.11e-27	 99
sp|P0AFW8|ROF_ECOLI	GCF_900638655.1_WP_047781753.1	69.333	84	88	89	75	23	0	3	77	6	80	3.75e-27	 99
sp|P0AFW8|ROF_ECOLI	GCF_003074995.2_WP_015870269.1	57.317	84	86	98	82	35	0	2	83	4	85	4.14e-27	99.7
sp|P0AFW8|ROF_ECOLI	GCF_000178875.2_WP_012197738.1	31.707	84	90	96	82	55	1	2	82	1	82	4.59e-27	99.7
sp|P0AFW8|ROF_ECOLI	GCF_008033135.1_WP_148717358.1	24.390	84	87	98	82	62	0	2	83	1	82	5.56e-27	99.4
sp|P0AFW8|ROF_ECOLI	GCF_019670705.1_WP_100146025.1	33.735	84	92	98	83	54	1	2	83	1	83	7.85e-27	99.1
sp|P0AFW8|ROF_ECOLI	GCF_013423785.1_WP_180308358.1	40.741	84	88	96	81	48	0	3	83	5	85	8.98e-27	98.8
sp|P0AFW8|ROF_ECOLI	GCF_009730655.1_WP_156020461.1	33.735	84	92	98	83	54	1	2	83	1	83	1.09e-26	98.8
sp|P0AFW8|ROF_ECOLI	GCF_004116975.1_WP_064720954.1	57.500	84	86	95	80	34	0	2	81	4	83	1.14e-26	98.5
sp|P0AFW8|ROF_ECOLI	GCF_012767755.2_WP_173171843.1	30.120	84	90	98	83	57	1	2	83	1	83	1.26e-26	98.5
sp|P0AFW8|ROF_ECOLI	GCF_002355475.1_WP_003455993.1	31.250	84	90	94	80	54	1	5	83	2	81	1.35e-26	98.5
sp|P0AFW8|ROF_ECOLI	GCF_014524625.1_WP_009050814.1	26.506	84	92	98	83	60	1	2	83	1	83	1.43e-26	98.5
sp|P0AFW8|ROF_ECOLI	GCF_017354925.1_WP_207321174.1	40.244	84	87	96	82	48	1	2	82	1	82	2.08e-26	98.0
sp|P0AFW8|ROF_ECOLI	GCF_002215585.1_WP_088903590.1	26.829	84	89	98	82	60	0	2	83	1	82	4.17e-26	97.1
sp|P0AFW8|ROF_ECOLI	GCF_017354965.1_WP_207380278.1	39.024	84	87	96	82	49	1	2	82	1	82	4.90e-26	97.1
sp|P0AFW8|ROF_ECOLI	GCF_008807375.1_WP_151133519.1	28.750	84	90	94	80	56	1	5	83	2	81	6.37e-26	96.9
sp|P0AFW8|ROF_ECOLI	GCF_024346675.1_WP_048897676.1	26.190	84	86	99	84	61	1	1	83	1	84	7.52e-26	96.6
sp|P0AFW8|ROF_ECOLI	GCF_024347355.1_WP_105024956.1	25.641	84	83	92	78	57	1	8	84	2	79	1.43e-25	95.7
sp|P0AFW8|ROF_ECOLI	GCF_029457395.1_WP_024766443.1	31.034	84	92	98	87	55	1	2	83	1	87	1.48e-25	96.0
sp|P0AFW8|ROF_ECOLI	GCF_019047765.1_WP_040231149.1	30.488	84	89	96	82	56	1	3	83	5	86	1.52e-25	95.7
sp|P0AFW8|ROF_ECOLI	GCF_006742785.1_WP_172630283.1	25.316	84	88	93	79	58	1	6	83	3	81	3.64e-25	94.9
sp|P0AFW8|ROF_ECOLI	GCF_002204915.1_WP_052690899.1	25.974	84	101	90	77	56	1	8	83	21	97	4.97e-25	94.9
sp|P0AFW8|ROF_ECOLI	GCF_002005305.1_WP_077753428.1	31.325	84	86	98	83	56	1	2	83	1	83	5.18e-25	94.3
sp|P0AFW8|ROF_ECOLI	GCF_024347475.1_WP_239840920.1	25.676	84	83	87	74	54	1	8	80	2	75	6.44e-25	94.0
sp|P0AFW8|ROF_ECOLI	GCF_012971725.1_WP_169940133.1	31.034	84	92	98	87	55	1	2	83	1	87	9.76e-25	93.8
sp|P0AFW8|ROF_ECOLI	GCF_009938225.1_WP_075649723.1	32.468	84	82	90	77	51	1	8	83	2	78	1.40e-24	93.2
sp|P0AFW8|ROF_ECOLI	GCF_003025345.2_WP_003155955.1	35.227	84	91	98	88	51	1	2	83	1	88	2.24e-24	92.9
sp|P0AFW8|ROF_ECOLI	GCF_022371215.1_WP_239718047.1	26.923	84	83	92	78	56	1	8	84	2	79	3.55e-24	92.4
sp|P0AFW8|ROF_ECOLI	GCF_020991025.1_WP_152109250.1	41.892	84	83	87	74	42	1	1	73	1	74	5.63e-24	91.8
sp|P0AFW8|ROF_ECOLI	GCF_009938185.1_WP_162048373.1	23.377	84	82	90	77	58	1	8	83	2	78	9.50e-24	91.2
sp|P0AFW8|ROF_ECOLI	GCF_000014885.1_WP_020912292.1	33.735	84	87	98	83	54	1	2	83	1	83	1.19e-23	91.0
sp|P0AFW8|ROF_ECOLI	GCF_004358345.1_WP_121852852.1	35.616	84	76	86	73	46	1	1	72	1	73	1.52e-23	90.4
sp|P0AFW8|ROF_ECOLI	GCF_014905115.1_WP_193151849.1	25.641	84	81	92	78	57	1	8	84	2	79	1.60e-23	90.4
sp|P0AFW8|ROF_ECOLI	GCF_019670125.1_WP_221076876.1	26.923	84	81	92	78	56	1	8	84	2	79	2.77e-23	89.8
sp|P0AFW8|ROF_ECOLI	GCF_016026875.1_WP_045525981.1	35.714	84	89	83	70	42	1	2	71	1	67	2.81e-23	90.1
sp|P0AFW8|ROF_ECOLI	GCF_000009145.1_WP_041356315.1	24.675	84	90	90	77	57	1	8	83	6	82	3.05e-23	90.1
sp|P0AFW8|ROF_ECOLI	GCF_000214665.1_WP_013819542.1	23.377	84	83	90	77	57	2	8	83	6	81	3.56e-23	89.5
sp|P0AFW8|ROF_ECOLI	GCF_008329985.2_WP_149283950.1	27.027	84	81	87	74	53	1	8	80	2	75	3.81e-23	89.5
sp|P0AFW8|ROF_ECOLI	GCF_001558415.2_WP_061055374.1	23.377	84	83	90	77	58	1	8	83	2	78	4.27e-23	89.5
sp|P0AFW8|ROF_ECOLI	GCF_000146165.2_WP_164925808.1	30.952	84	89	98	84	56	2	2	83	1	84	4.71e-23	89.5
sp|P0AFW8|ROF_ECOLI	GCF_001007935.1_WP_046849946.1	20.253	84	84	93	79	62	1	6	83	4	82	4.74e-23	89.3
sp|P0AFW8|ROF_ECOLI	GCF_019669905.1_WP_054759186.1	27.848	84	79	93	79	52	2	6	83	3	77	5.48e-23	89.0
sp|P0AFW8|ROF_ECOLI	GCF_020405345.1_WP_017780573.1	35.211	84	89	85	71	43	1	2	72	1	68	6.18e-23	89.3
sp|P0AFW8|ROF_ECOLI	GCF_000016065.1_WP_011864074.1	30.120	84	93	98	83	56	2	2	83	1	82	9.05e-23	88.7
sp|P0AFW8|ROF_ECOLI	GCF_028355655.1_WP_087756847.1	32.836	84	84	80	67	45	0	2	68	1	67	1.16e-22	88.4
sp|P0AFW8|ROF_ECOLI	GCF_001007875.1_WP_046858354.1	23.377	84	80	90	77	58	1	8	83	2	78	1.40e-22	88.1
sp|P0AFW8|ROF_ECOLI	GCF_002407485.1_WP_096780111.1	26.316	84	81	89	76	55	1	9	83	3	78	1.91e-22	87.9
sp|P0AFW8|ROF_ECOLI	GCF_001596155.1_WP_068342236.1	24.419	84	90	98	86	57	3	1	82	1	82	2.29e-22	87.9
sp|P0AFW8|ROF_ECOLI	GCF_024347655.1_WP_060467732.1	23.077	84	83	92	78	59	1	8	84	2	79	2.30e-22	87.6
sp|P0AFW8|ROF_ECOLI	GCF_009068765.1_WP_151900329.1	24.359	84	81	92	78	58	1	8	84	2	79	2.45e-22	87.6
sp|P0AFW8|ROF_ECOLI	GCF_024347635.1_WP_139683960.1	25.641	84	83	92	78	57	1	8	84	2	79	2.79e-22	87.3
sp|P0AFW8|ROF_ECOLI	GCF_019670105.1_WP_040307707.1	20.779	84	81	90	77	60	1	8	83	2	78	3.28e-22	87.3
sp|P0AFW8|ROF_ECOLI	GCF_009938205.1_WP_075706454.1	28.571	84	82	90	77	54	1	8	83	2	78	3.39e-22	87.3
sp|P0AFW8|ROF_ECOLI	GCF_024347595.1_WP_176681244.1	26.923	84	83	92	78	56	1	8	84	2	79	3.48e-22	87.0
sp|P0AFW8|ROF_ECOLI	GCF_000968535.2_WP_014147785.1	24.051	84	84	93	79	58	2	6	83	4	81	4.05e-22	87.0
sp|P0AFW8|ROF_ECOLI	GCF_024347455.1_WP_135458404.1	24.359	84	83	92	78	58	1	8	84	2	79	4.52e-22	86.7
sp|P0AFW8|ROF_ECOLI	GCF_000091465.1_WP_004733849.1	24.359	84	83	92	78	58	1	8	84	2	79	4.86e-22	86.7
sp|P0AFW8|ROF_ECOLI	GCF_024360925.2_WP_255188929.1	25.641	84	83	92	78	56	2	8	84	6	82	5.14e-22	86.7
sp|P0AFW8|ROF_ECOLI	GCF_024347035.1_WP_102941394.1	22.078	84	81	90	77	59	1	8	83	2	78	5.16e-22	86.7
sp|P0AFW8|ROF_ECOLI	GCF_001995825.2_WP_017057338.1	24.359	84	83	92	78	58	1	8	84	2	79	5.52e-22	86.7
sp|P0AFW8|ROF_ECOLI	GCF_003584645.1_WP_197716612.1	25.610	84	80	93	82	54	2	1	78	1	79	6.24e-22	86.4
sp|P0AFW8|ROF_ECOLI	GCF_000785705.2_WP_036272019.1	23.684	84	82	90	76	57	1	8	83	6	80	6.56e-22	86.4
sp|P0AFW8|ROF_ECOLI	GCF_020149575.1_WP_224431657.1	35.211	84	85	85	71	43	1	2	72	1	68	6.64e-22	86.4
sp|P0AFW8|ROF_ECOLI	GCF_002849875.1_WP_232379112.1	27.059	84	113	96	85	58	1	4	84	28	112	6.84e-22	87.0
sp|P0AFW8|ROF_ECOLI	GCF_001558255.2_WP_005504861.1	28.205	84	82	90	78	54	2	8	83	2	79	8.46e-22	86.2
sp|P0AFW8|ROF_ECOLI	GCF_000772105.1_WP_004748349.1	26.316	84	81	89	76	55	1	8	82	2	77	9.37e-22	85.9
sp|P0AFW8|ROF_ECOLI	GCF_002214395.1_WP_010453422.1	25.000	84	81	89	76	56	1	10	84	4	79	9.59e-22	85.9
sp|P0AFW8|ROF_ECOLI	GCF_020423125.1_WP_226170850.1	35.821	84	84	80	67	43	0	2	68	1	67	1.09e-21	85.9
sp|P0AFW8|ROF_ECOLI	GCF_001831495.1_WP_068547707.1	20.513	84	81	92	78	61	1	8	84	2	79	1.46e-21	85.6
sp|P0AFW8|ROF_ECOLI	GCF_024582835.1_WP_257083279.1	23.377	84	87	90	77	58	1	8	83	2	78	2.23e-21	85.0
sp|P0AFW8|ROF_ECOLI	GCF_008369605.1_WP_000253074.1	27.273	84	81	90	77	55	1	8	83	2	78	2.30e-21	85.0
sp|P0AFW8|ROF_ECOLI	GCF_014879975.1_WP_192888672.1	26.923	84	83	92	78	56	1	8	84	2	79	2.44e-21	85.0
sp|P0AFW8|ROF_ECOLI	GCF_900233005.1_WP_102521318.1	23.077	84	81	92	78	59	1	8	84	2	79	2.76e-21	84.8
sp|P0AFW8|ROF_ECOLI	GCF_003258315.1_WP_111337788.1	24.051	84	88	93	79	59	1	6	83	4	82	2.81e-21	85.0
sp|P0AFW8|ROF_ECOLI	GCF_008364325.2_WP_020826409.1	26.506	84	84	98	83	57	2	2	83	1	80	2.86e-21	84.8
sp|P0AFW8|ROF_ECOLI	GCF_008693705.1_WP_127008315.1	32.836	84	84	80	67	45	0	2	68	1	67	3.15e-21	84.8
sp|P0AFW8|ROF_ECOLI	GCF_024362845.1_WP_255230807.1	20.779	84	82	90	77	60	1	9	84	3	79	3.21e-21	84.8
sp|P0AFW8|ROF_ECOLI	GCF_016127195.1_WP_042032742.1	30.000	84	89	83	70	46	1	2	71	1	67	3.46e-21	84.8
sp|P0AFW8|ROF_ECOLI	GCF_006337165.1_WP_139515111.1	30.864	84	82	90	81	48	2	1	76	1	78	4.05e-21	84.5
sp|P0AFW8|ROF_ECOLI	GCF_900637545.1_WP_042651794.1	33.824	84	84	81	68	45	0	2	69	1	68	4.26e-21	84.5
sp|P0AFW8|ROF_ECOLI	GCF_001677435.1_WP_068615618.1	33.766	84	90	89	77	48	3	1	75	1	76	4.77e-21	84.5
sp|P0AFW8|ROF_ECOLI	GCF_024494545.1_WP_256384876.1	23.684	84	81	89	76	57	1	9	83	3	78	4.89e-21	84.2
sp|P0AFW8|ROF_ECOLI	GCF_003966655.1_WP_113527441.1	26.389	84	77	86	72	53	0	1	72	1	72	5.11e-21	84.2
sp|P0AFW8|ROF_ECOLI	GCF_000148645.1_WP_013347076.1	24.000	84	80	88	75	56	1	10	83	3	77	5.59e-21	83.9
sp|P0AFW8|ROF_ECOLI	GCF_013462805.1_WP_009566961.1	25.000	84	77	86	72	54	0	1	72	1	72	6.38e-21	83.9
sp|P0AFW8|ROF_ECOLI	GCF_004328865.1_WP_104643907.1	29.870	84	83	90	77	53	1	8	83	2	78	8.15e-21	83.6
sp|P0AFW8|ROF_ECOLI	GCF_016026615.1_WP_197928313.1	28.358	84	89	80	67	48	0	2	68	1	67	9.28e-21	83.6
sp|P0AFW8|ROF_ECOLI	GCF_004355185.1_WP_133271280.1	31.250	84	81	89	80	47	2	2	76	1	77	9.76e-21	83.4
sp|P0AFW8|ROF_ECOLI	GCF_027625995.1_WP_270126807.1	28.395	84	82	90	81	50	2	1	76	1	78	1.44e-20	83.1
sp|P0AFW8|ROF_ECOLI	GCF_001456255.1_WP_020335096.1	23.684	84	81	89	76	57	1	10	84	4	79	1.46e-20	83.1
sp|P0AFW8|ROF_ECOLI	GCF_000019525.1_WP_012323084.1	27.632	84	81	89	76	54	1	8	82	2	77	1.61e-20	82.8
sp|P0AFW8|ROF_ECOLI	GCF_000014765.1_WP_011633385.1	24.051	84	89	93	79	59	1	6	83	3	81	1.90e-20	82.8
sp|P0AFW8|ROF_ECOLI	GCF_005931095.1_WP_017839868.1	24.051	84	84	93	79	58	2	6	83	4	81	2.29e-20	82.5
sp|P0AFW8|ROF_ECOLI	GCF_013283835.1_WP_071626507.1	29.870	84	83	88	77	48	2	1	74	1	74	2.52e-20	82.5
sp|P0AFW8|ROF_ECOLI	GCF_000238395.3_WP_010553578.1	28.571	84	83	90	77	54	1	8	83	2	78	2.64e-20	82.2
sp|P0AFW8|ROF_ECOLI	GCF_002906475.1_WP_012130247.1	25.000	84	81	89	76	56	1	10	84	4	79	2.90e-20	82.2
sp|P0AFW8|ROF_ECOLI	GCF_019670485.1_WP_221071211.1	25.000	84	81	89	76	56	1	10	84	4	79	2.97e-20	82.2
sp|P0AFW8|ROF_ECOLI	GCF_000770115.1_WP_069687890.1	23.684	84	81	89	76	57	1	10	84	4	79	3.16e-20	82.2
sp|P0AFW8|ROF_ECOLI	GCF_001999225.1_WP_077537996.1	24.359	84	82	92	78	58	1	8	84	2	79	3.43e-20	81.9
sp|P0AFW8|ROF_ECOLI	GCF_003668795.1_WP_054981706.1	28.571	84	83	90	77	54	1	8	83	2	78	3.46e-20	81.9
sp|P0AFW8|ROF_ECOLI	GCF_005877035.1_WP_039486662.1	29.870	84	83	90	77	53	1	8	83	2	78	3.54e-20	81.9
sp|P0AFW8|ROF_ECOLI	GCF_024347675.1_WP_261835500.1	25.641	84	81	92	78	57	1	8	84	2	79	4.34e-20	81.7
sp|P0AFW8|ROF_ECOLI	GCF_002221525.1_WP_089349457.1	28.571	84	83	90	77	54	1	8	83	2	78	4.43e-20	81.7
sp|P0AFW8|ROF_ECOLI	GCF_002021755.1_WP_005434844.1	25.000	84	81	89	76	56	1	10	84	4	79	4.56e-20	81.7
sp|P0AFW8|ROF_ECOLI	GCF_003515105.1_WP_036973086.1	38.028	84	73	83	71	43	1	4	73	2	72	5.26e-20	81.4
sp|P0AFW8|ROF_ECOLI	GCF_024347495.1_WP_137371745.1	23.377	84	80	90	77	58	1	8	83	2	78	5.38e-20	81.4
sp|P0AFW8|ROF_ECOLI	GCF_014169735.1_WP_134997272.1	30.986	84	86	85	71	46	1	2	72	1	68	6.31e-20	81.4
sp|P0AFW8|ROF_ECOLI	GCF_024746855.1_WP_260492542.1	27.027	84	79	88	74	54	0	8	81	2	75	6.76e-20	81.1
sp|P0AFW8|ROF_ECOLI	GCF_003015165.1_WP_106887831.1	32.394	84	84	85	71	45	1	2	72	1	68	7.08e-20	81.4
sp|P0AFW8|ROF_ECOLI	GCF_019797925.1_WP_193521737.1	29.730	84	80	88	74	52	0	9	82	3	76	8.32e-20	81.1
sp|P0AFW8|ROF_ECOLI	GCF_001507645.1_WP_068195976.1	25.301	84	90	94	83	55	2	1	79	1	80	1.01e-19	81.1
sp|P0AFW8|ROF_ECOLI	GCF_003990335.1_WP_127025819.1	24.359	84	91	93	78	57	1	1	78	1	76	1.03e-19	81.1
sp|P0AFW8|ROF_ECOLI	GCF_000024825.1_WP_005460845.1	23.684	84	81	89	76	57	1	10	84	4	79	1.06e-19	80.8
sp|P0AFW8|ROF_ECOLI	GCF_001455205.1_WP_062560013.1	23.377	84	84	90	77	57	2	8	83	6	81	1.17e-19	80.8
sp|P0AFW8|ROF_ECOLI	GCF_010093065.1_WP_238430213.1	30.588	84	83	92	85	48	4	1	77	1	82	1.97e-19	80.3
sp|P0AFW8|ROF_ECOLI	GCF_008728635.1_WP_151087836.1	20.930	84	90	98	86	60	3	1	82	1	82	2.14e-19	80.3
sp|P0AFW8|ROF_ECOLI	GCF_000576555.1_WP_044000633.1	29.487	84	83	87	78	47	2	4	76	5	79	2.26e-19	80.0
sp|P0AFW8|ROF_ECOLI	GCF_003574965.1_WP_119445661.1	27.160	84	82	90	81	51	2	1	76	1	78	2.32e-19	80.0
sp|P0AFW8|ROF_ECOLI	GCF_001020955.1_WP_047250467.1	32.500	84	82	88	80	48	3	1	74	1	80	2.34e-19	80.0
sp|P0AFW8|ROF_ECOLI	GCF_017638925.1_WP_208844867.1	24.000	84	81	89	75	57	0	9	83	3	77	2.79e-19	79.7
sp|P0AFW8|ROF_ECOLI	GCF_009363415.1_WP_152430616.1	17.949	84	84	92	78	63	1	8	84	2	79	3.05e-19	79.7
sp|P0AFW8|ROF_ECOLI	GCF_013137895.1_WP_135435790.1	27.848	84	83	88	79	49	2	2	75	3	78	3.75e-19	79.4
sp|P0AFW8|ROF_ECOLI	GCF_022827545.1_WP_243798205.1	30.864	84	82	90	81	48	2	1	76	1	78	3.83e-19	79.4
sp|P0AFW8|ROF_ECOLI	GCF_007197555.1_WP_144048375.1	25.843	84	94	98	89	59	3	2	83	1	89	5.17e-19	79.4
sp|P0AFW8|ROF_ECOLI	GCF_022811645.1_WP_243511723.1	24.691	84	90	92	81	54	2	1	77	1	78	5.33e-19	79.1
sp|P0AFW8|ROF_ECOLI	GCF_009662475.1_WP_031573754.1	27.941	84	79	81	68	49	0	1	68	1	68	6.66e-19	78.6
sp|P0AFW8|ROF_ECOLI	GCF_020844025.1_WP_215848879.1	27.778	84	77	86	72	52	0	1	72	1	72	7.55e-19	78.6
sp|P0AFW8|ROF_ECOLI	GCF_019977755.1_WP_126608378.1	28.916	84	103	90	83	52	2	8	83	16	98	7.60e-19	79.1
sp|P0AFW8|ROF_ECOLI	GCF_008632455.1_WP_150048082.1	25.974	84	84	90	77	55	2	7	82	5	80	9.21e-19	78.6
sp|P0AFW8|ROF_ECOLI	GCF_008931805.1_WP_019441510.1	23.077	84	81	92	78	59	1	8	84	2	79	1.01e-18	78.3
sp|P0AFW8|ROF_ECOLI	GCF_002142475.1_WP_026148861.1	29.870	84	86	87	77	47	2	2	74	1	74	1.05e-18	78.3
sp|P0AFW8|ROF_ECOLI	GCF_000940995.1_WP_082060442.1	25.882	84	93	100	85	62	1	1	84	1	85	1.08e-18	78.6
sp|P0AFW8|ROF_ECOLI	GCF_902810445.1_WP_197744199.1	21.795	84	78	88	78	54	3	2	75	1	75	1.25e-18	78.0
sp|P0AFW8|ROF_ECOLI	GCF_009755585.1_WP_157030071.1	29.870	84	85	87	77	47	2	1	73	1	74	1.27e-18	78.0
sp|P0AFW8|ROF_ECOLI	GCF_002887615.1_WP_038869703.1	23.684	84	81	89	76	57	1	10	84	4	79	1.49e-18	77.7
sp|P0AFW8|ROF_ECOLI	GCF_003967195.1_WP_172597571.1	33.750	84	83	89	80	48	2	1	75	2	81	1.62e-18	77.7
sp|P0AFW8|ROF_ECOLI	GCF_003149515.1_WP_109656005.1	23.256	84	90	98	86	58	3	1	82	1	82	2.03e-18	77.7
sp|P0AFW8|ROF_ECOLI	GCF_006364355.1_WP_004727652.1	22.078	84	83	90	77	59	1	8	83	2	78	2.33e-18	77.4
sp|P0AFW8|ROF_ECOLI	GCF_003346815.1_WP_114840342.1	27.848	84	82	90	79	51	2	1	76	1	76	2.68e-18	77.2
sp|P0AFW8|ROF_ECOLI	GCF_000024005.1_WP_012793320.1	25.610	84	84	93	82	54	2	2	79	5	83	3.03e-18	77.2
sp|P0AFW8|ROF_ECOLI	GCF_001431725.1_WP_021820278.1	22.973	84	81	87	74	56	1	8	80	2	75	3.07e-18	77.2
sp|P0AFW8|ROF_ECOLI	GCF_002762215.1_WP_085750011.1	27.632	84	87	86	76	48	3	2	73	3	75	3.12e-18	77.2
sp|P0AFW8|ROF_ECOLI	GCF_026427595.1_WP_251812951.1	26.250	84	88	89	80	54	2	10	84	7	86	3.96e-18	76.9
sp|P0AFW8|ROF_ECOLI	GCF_013177675.1_WP_172128285.1	22.078	84	81	88	77	54	2	1	74	1	74	4.05e-18	76.9
sp|P0AFW8|ROF_ECOLI	GCF_019703835.1_WP_087020305.1	26.667	84	79	89	75	52	1	10	84	3	74	5.30e-18	76.3
sp|P0AFW8|ROF_ECOLI	GCF_010093065.1_WP_162331416.1	24.390	84	84	93	82	55	2	2	79	5	83	5.77e-18	76.3
sp|P0AFW8|ROF_ECOLI	GCF_001955715.1_WP_029708890.1	29.487	84	80	88	78	48	2	2	75	1	75	6.84e-18	76.0
sp|P0AFW8|ROF_ECOLI	GCF_004001245.1_WP_127478562.1	27.273	84	85	86	77	51	2	3	74	5	81	7.10e-18	76.3
sp|P0AFW8|ROF_ECOLI	GCF_001651805.1_WP_067384150.1	36.486	84	78	82	74	42	3	2	70	1	74	8.00e-18	76.0
sp|P0AFW8|ROF_ECOLI	GCF_003568825.1_WP_040644076.1	20.000	84	83	90	80	60	1	9	84	3	82	8.11e-18	76.0
sp|P0AFW8|ROF_ECOLI	GCF_002215215.1_WP_088918776.1	30.120	84	101	98	83	56	2	3	84	15	96	9.43e-18	76.3
sp|P0AFW8|ROF_ECOLI	GCF_000801295.1_WP_171816254.1	31.579	84	99	87	76	49	1	2	74	4	79	1.13e-17	76.0
sp|P0AFW8|ROF_ECOLI	GCF_013343005.1_WP_078482823.1	35.802	84	84	90	81	47	2	1	76	1	81	1.13e-17	75.8
sp|P0AFW8|ROF_ECOLI	GCF_004214795.1_WP_130234502.1	21.795	84	78	89	78	55	2	1	75	1	75	1.42e-17	75.2
sp|P0AFW8|ROF_ECOLI	GCF_012295615.1_WP_007018284.1	17.333	84	81	88	75	61	1	10	83	4	78	1.78e-17	75.2
sp|P0AFW8|ROF_ECOLI	GCF_013201725.1_WP_014475480.1	27.273	84	74	88	77	50	2	1	74	1	74	2.02e-17	74.9
sp|P0AFW8|ROF_ECOLI	GCF_013177635.1_WP_129095542.1	24.324	84	72	85	74	50	2	1	71	1	71	2.15e-17	74.6
sp|P0AFW8|ROF_ECOLI	GCF_004421105.1_WP_134356453.1	21.519	84	80	89	79	55	3	2	76	1	76	4.22e-17	74.1
sp|P0AFW8|ROF_ECOLI	GCF_018736065.1_WP_144074266.1	25.352	84	76	85	71	49	2	5	75	10	76	5.21e-17	73.8
sp|P0AFW8|ROF_ECOLI	GCF_000021985.1_WP_012639500.1	31.081	84	82	82	74	46	2	1	69	1	74	5.28e-17	73.8
sp|P0AFW8|ROF_ECOLI	GCF_000788395.1_WP_038641921.1	27.027	84	85	87	74	53	1	6	78	3	76	6.21e-17	73.8
sp|P0AFW8|ROF_ECOLI	GCF_003346775.1_WP_114843067.1	24.675	84	84	88	77	52	2	1	74	1	74	6.98e-17	73.8
sp|P0AFW8|ROF_ECOLI	GCF_002157895.1_WP_227874980.1	19.737	84	82	89	76	60	1	9	83	4	79	7.02e-17	73.5
sp|P0AFW8|ROF_ECOLI	GCF_020091585.1_WP_224339804.1	23.377	84	82	87	77	52	2	2	74	1	74	7.42e-17	73.5
sp|P0AFW8|ROF_ECOLI	GCF_003970675.1_WP_126615366.1	26.471	84	76	81	68	46	2	5	72	10	73	7.81e-17	73.5
sp|P0AFW8|ROF_ECOLI	GCF_013201935.1_WP_129014602.1	24.324	84	72	85	74	50	2	1	71	1	71	7.92e-17	73.2
sp|P0AFW8|ROF_ECOLI	GCF_002557795.1_WP_098194977.1	25.301	84	89	88	83	50	3	1	74	1	80	8.11e-17	73.5
sp|P0AFW8|ROF_ECOLI	GCF_003353065.1_WP_114983154.1	25.714	84	84	80	70	46	2	4	70	7	73	8.18e-17	73.5
sp|P0AFW8|ROF_ECOLI	GCF_000143085.1_WP_013221711.1	20.513	84	82	88	78	55	3	2	75	1	75	1.04e-16	73.2
sp|P0AFW8|ROF_ECOLI	GCF_002355415.1_WP_148665551.1	34.247	84	87	82	73	44	2	4	72	13	85	1.17e-16	73.2
sp|P0AFW8|ROF_ECOLI	GCF_004028275.1_WP_128384077.1	21.622	84	77	83	74	54	2	7	76	2	75	1.24e-16	72.9
sp|P0AFW8|ROF_ECOLI	GCF_003544915.1_WP_118918525.1	26.667	84	73	86	75	49	2	1	72	1	72	1.67e-16	72.4
sp|P0AFW8|ROF_ECOLI	GCF_000019185.1_WP_012277931.1	20.833	84	100	90	96	56	2	8	83	2	97	1.72e-16	72.9
sp|P0AFW8|ROF_ECOLI	GCF_000212735.1_WP_013764159.1	25.333	84	83	85	75	49	2	3	73	5	76	1.77e-16	72.7
sp|P0AFW8|ROF_ECOLI	GCF_010119975.1_WP_162445115.1	26.250	84	365	90	80	51	2	2	77	8	83	2.07e-16	77.2
sp|P0AFW8|ROF_ECOLI	GCF_000012805.1_WP_011330264.1	20.513	84	85	88	78	55	3	2	75	1	75	2.45e-16	72.4
sp|P0AFW8|ROF_ECOLI	GCF_016613475.2_WP_200606805.1	21.053	84	90	86	76	53	2	2	73	5	77	2.59e-16	72.4
sp|P0AFW8|ROF_ECOLI	GCF_003063625.1_WP_108601906.1	26.582	84	85	90	79	55	1	8	83	5	83	2.85e-16	72.1
sp|P0AFW8|ROF_ECOLI	GCF_015209785.1_WP_193988300.1	42.647	84	73	80	68	38	1	4	70	2	69	3.03e-16	71.8
sp|P0AFW8|ROF_ECOLI	GCF_002356115.1_WP_096526481.1	18.182	84	78	87	77	56	2	2	74	1	74	3.09e-16	71.8
sp|P0AFW8|ROF_ECOLI	GCF_002355735.1_WP_096359192.1	28.947	84	83	86	76	50	2	2	73	7	82	3.23e-16	71.8
sp|P0AFW8|ROF_ECOLI	GCF_008122265.1_WP_148863603.1	20.779	84	84	87	77	54	2	2	74	1	74	3.56e-16	71.8
sp|P0AFW8|ROF_ECOLI	GCF_002157225.2_WP_086934278.1	27.778	84	80	86	72	52	0	8	79	5	76	3.60e-16	71.8
sp|P0AFW8|ROF_ECOLI	GCF_013201665.1_WP_128359868.1	24.051	84	81	90	79	54	2	1	76	1	76	3.93e-16	71.8
sp|P0AFW8|ROF_ECOLI	GCF_001442805.1_WP_057942092.1	25.333	84	88	85	75	49	2	3	73	6	77	4.22e-16	71.8
sp|P0AFW8|ROF_ECOLI	GCF_000828615.1_WP_041064380.1	33.750	84	80	87	80	46	4	1	73	1	80	4.42e-16	71.5
sp|P0AFW8|ROF_ECOLI	GCF_002218045.2_WP_089137819.1	36.986	84	79	82	73	42	2	4	72	5	77	5.88e-16	71.3
sp|P0AFW8|ROF_ECOLI	GCF_024347195.1_WP_271272618.1	34.247	84	77	82	73	44	3	2	70	1	73	6.67e-16	71.0
sp|P0AFW8|ROF_ECOLI	GCF_009938015.1_WP_223264517.1	33.784	84	90	82	74	44	3	4	72	6	79	1.12e-15	70.7
sp|P0AFW8|ROF_ECOLI	GCF_008807855.1_WP_063240334.1	22.368	84	83	86	76	52	2	2	73	5	77	1.21e-15	70.4
sp|P0AFW8|ROF_ECOLI	GCF_023733635.1_WP_039959400.1	31.081	84	89	82	74	46	2	2	70	1	74	1.24e-15	70.7
sp|P0AFW8|ROF_ECOLI	GCF_000026085.1_WP_041454550.1	38.028	84	73	82	71	41	3	4	72	2	71	1.31e-15	70.1
sp|P0AFW8|ROF_ECOLI	GCF_005166025.1_WP_137090244.1	26.923	84	84	88	78	50	2	1	74	1	75	1.36e-15	70.4
sp|P0AFW8|ROF_ECOLI	GCF_000317125.1_WP_015155280.1	21.519	84	81	89	79	55	3	2	76	1	76	2.66e-15	69.6
sp|P0AFW8|ROF_ECOLI	GCF_000014705.1_WP_011637758.1	22.892	84	88	93	83	59	2	7	84	3	85	2.79e-15	69.6
sp|P0AFW8|ROF_ECOLI	GCF_000014785.1_WP_011630183.1	33.766	84	83	87	77	47	3	2	74	7	83	3.26e-15	69.3
sp|P0AFW8|ROF_ECOLI	GCF_024347275.1_WP_019620968.1	30.667	84	82	83	75	47	3	2	71	1	75	3.44e-15	69.3
sp|P0AFW8|ROF_ECOLI	GCF_000147355.1_WP_013326989.1	20.000	84	67	76	65	51	1	21	84	1	65	3.51e-15	69.0
sp|P0AFW8|ROF_ECOLI	GCF_024347255.1_WP_091360415.1	32.432	84	79	82	74	45	3	2	70	1	74	6.07e-15	68.7
sp|P0AFW8|ROF_ECOLI	GCF_003855395.1_WP_124730567.1	22.892	84	88	93	83	59	3	7	84	3	85	7.02e-15	68.7
sp|P0AFW8|ROF_ECOLI	GCF_000024725.1_WP_013031543.1	21.519	84	81	89	79	55	3	2	76	1	76	9.57e-15	68.2
sp|P0AFW8|ROF_ECOLI	GCF_018389385.1_WP_218082190.1	19.737	84	91	86	76	54	3	2	73	15	87	1.49e-14	67.9
sp|P0AFW8|ROF_ECOLI	GCF_001956695.1_WP_076086043.1	24.359	84	77	89	78	53	2	2	76	1	75	1.68e-14	67.3
sp|P0AFW8|ROF_ECOLI	GCF_000317575.1_WP_015193670.1	21.333	84	74	85	75	52	2	2	72	1	72	1.81e-14	67.3
sp|P0AFW8|ROF_ECOLI	GCF_001956695.1_WP_076086034.1	20.270	84	77	83	74	52	2	5	74	2	72	2.09e-14	67.3
sp|P0AFW8|ROF_ECOLI	GCF_000018105.1_WP_012162738.1	16.456	84	86	89	79	59	2	2	76	1	76	2.38e-14	67.3
sp|P0AFW8|ROF_ECOLI	GCF_024347215.1_WP_261843265.1	32.877	84	77	82	73	45	3	2	70	1	73	3.19e-14	66.8
sp|P0AFW8|ROF_ECOLI	GCF_000092245.1_WP_013136435.1	30.137	84	76	83	73	45	2	5	74	2	71	3.21e-14	66.8
sp|P0AFW8|ROF_ECOLI	GCF_019891175.1_WP_225938383.1	22.667	84	93	85	75	51	2	2	72	9	80	4.49e-14	66.8
sp|P0AFW8|ROF_ECOLI	GCF_000321415.2_WP_015260329.1	34.615	84	93	88	78	47	3	3	76	5	82	5.14e-14	66.5
sp|P0AFW8|ROF_ECOLI	GCF_001050135.1_WP_048644179.1	25.000	84	88	86	76	50	3	2	73	4	76	5.14e-14	66.5
sp|P0AFW8|ROF_ECOLI	GCF_003955735.1_WP_126127786.1	26.667	84	91	85	75	48	3	3	73	7	78	5.68e-14	66.5
sp|P0AFW8|ROF_ECOLI	GCF_003722295.1_WP_010573895.1	29.870	84	75	85	77	45	2	2	72	1	74	6.31e-14	65.9
sp|P0AFW8|ROF_ECOLI	GCF_004798725.1_WP_010811758.1	24.658	84	83	82	73	48	2	5	73	8	77	8.50e-14	65.6
sp|P0AFW8|ROF_ECOLI	GCF_013283835.1_WP_071625892.1	26.667	84	79	82	75	46	2	5	73	2	73	1.08e-13	65.3
sp|P0AFW8|ROF_ECOLI	GCF_000227685.2_WP_006746304.1	31.169	84	83	87	77	49	3	3	75	5	81	1.15e-13	65.3
sp|P0AFW8|ROF_ECOLI	GCF_000018285.1_WP_012155987.1	17.526	84	102	89	97	58	2	9	83	3	99	1.28e-13	65.6
sp|P0AFW8|ROF_ECOLI	GCF_000006765.1_NP_249630.1	34.091	84	108	98	88	52	1	2	83	1	88	1.57e-13	65.6
sp|P0AFW8|ROF_ECOLI	GCF_000012325.1_WP_011045621.1	23.881	84	84	80	67	51	0	8	74	5	71	1.81e-13	65.1
sp|P0AFW8|ROF_ECOLI	GCF_000265505.1_WP_014796533.1	23.529	84	97	88	85	54	2	2	75	3	87	3.39e-13	64.5
sp|P0AFW8|ROF_ECOLI	GCF_009937995.1_WP_179954406.1	24.051	84	79	88	79	55	2	2	75	1	79	5.39e-13	63.7
sp|P0AFW8|ROF_ECOLI	GCF_013201665.1_WP_128358834.1	22.222	84	76	82	72	50	2	5	73	2	70	1.59e-12	62.5
sp|P0AFW8|ROF_ECOLI	GCF_013201935.1_WP_128987185.1	20.833	84	76	82	72	51	2	5	73	2	70	1.87e-12	62.3
sp|P0AFW8|ROF_ECOLI	GCF_006385555.1_WP_140234395.1	25.610	84	87	92	82	56	2	6	82	2	83	1.90e-12	62.5
sp|P0AFW8|ROF_ECOLI	GCF_013177635.1_WP_129095951.1	22.222	84	76	82	72	50	2	5	73	2	70	2.59e-12	62.0
sp|P0AFW8|ROF_ECOLI	GCF_003544815.1_WP_118886031.1	22.222	84	76	82	72	50	2	5	73	2	70	2.85e-12	61.7
sp|P0AFW8|ROF_ECOLI	GCF_013282625.1_WP_173286717.1	29.412	84	67	81	68	45	1	7	74	2	66	2.88e-12	61.7
sp|P0AFW8|ROF_ECOLI	GCF_000222485.1_WP_014022977.1	21.622	84	85	83	74	51	3	3	72	5	75	3.88e-12	61.7
sp|P0AFW8|ROF_ECOLI	GCF_020511155.1_WP_226415657.1	15.663	84	87	93	83	65	2	6	83	3	85	5.87e-12	61.1
sp|P0AFW8|ROF_ECOLI	GCF_003346815.1_WP_114840344.1	22.368	84	84	87	76	53	2	2	74	1	73	6.23e-12	61.1
sp|P0AFW8|ROF_ECOLI	GCF_000238255.3_WP_010559905.1	21.429	84	86	82	70	54	1	6	74	3	72	1.26e-11	60.3
sp|P0AFW8|ROF_ECOLI	GCF_000013765.1_WP_011496543.1	19.767	84	106	96	86	64	2	2	82	17	102	1.30e-11	60.6
sp|P0AFW8|ROF_ECOLI	GCF_026278345.1_WP_266369249.1	25.301	84	90	94	83	54	4	2	80	1	79	1.39e-11	60.3
sp|P0AFW8|ROF_ECOLI	GCF_000973725.1_WP_046311560.1	24.359	84	91	88	78	52	3	1	74	1	75	2.55e-11	59.7
sp|P0AFW8|ROF_ECOLI	GCF_013283835.1_WP_071628250.1	23.377	84	81	88	77	53	2	2	75	1	74	2.64e-11	59.4
sp|P0AFW8|ROF_ECOLI	GCF_001705075.2_WP_065970077.1	27.778	84	78	81	72	48	2	1	68	1	72	2.74e-11	59.2
sp|P0AFW8|ROF_ECOLI	GCF_021654855.1_WP_237262080.1	24.638	84	70	77	69	45	2	8	72	3	68	3.68e-11	58.9
sp|P0AFW8|ROF_ECOLI	GCF_002309535.1_WP_096047558.1	24.675	84	88	88	77	49	3	1	74	1	71	4.17e-11	58.9
sp|P0AFW8|ROF_ECOLI	GCF_013177675.1_WP_172126669.1	25.000	84	77	82	72	48	2	5	73	2	70	5.92e-11	58.3
sp|P0AFW8|ROF_ECOLI	GCF_011398355.1_WP_173270160.1	27.692	84	65	77	65	44	1	7	71	2	63	6.45e-11	58.0
sp|P0AFW8|ROF_ECOLI	GCF_004293625.1_WP_130538367.1	35.593	84	71	70	59	35	1	7	65	2	57	1.04e-10	57.8
sp|P0AFW8|ROF_ECOLI	GCF_005281475.1_WP_137401239.1	20.779	84	81	88	77	55	3	4	77	2	75	1.65e-10	57.5
sp|P0AFW8|ROF_ECOLI	GCF_000568815.1_WP_025346049.1	23.611	84	76	82	72	49	2	6	74	3	71	1.74e-10	57.2
sp|P0AFW8|ROF_ECOLI	GCF_014217805.1_WP_185274331.1	17.857	84	91	95	84	61	3	3	82	6	85	2.24e-10	57.2
sp|P0AFW8|ROF_ECOLI	GCF_001723605.1_WP_069479051.1	23.611	84	76	82	72	49	2	6	74	3	71	2.57e-10	56.6
sp|P0AFW8|ROF_ECOLI	GCF_001444405.1_WP_058032142.1	24.638	84	87	81	69	51	1	8	75	2	70	2.98e-10	56.9
sp|P0AFW8|ROF_ECOLI	GCF_024347675.1_WP_261833361.1	32.558	84	54	51	43	29	0	8	50	2	44	3.13e-10	56.1
sp|P0AFW8|ROF_ECOLI	GCF_000265295.1_WP_014770430.1	23.611	84	76	82	72	49	2	6	74	3	71	5.13e-10	56.1
sp|P0AFW8|ROF_ECOLI	GCF_023650495.1_WP_250655372.1	21.687	84	88	93	83	60	2	6	83	3	85	7.84e-10	55.8
sp|P0AFW8|ROF_ECOLI	GCF_017742995.1_WP_247749573.1	47.222	84	48	43	36	19	0	8	43	2	37	9.60e-10	54.9
sp|P0AFW8|ROF_ECOLI	GCF_006575665.1_WP_141613356.1	21.622	84	81	85	74	52	3	4	74	2	72	1.11e-09	55.2
sp|P0AFW8|ROF_ECOLI	GCF_003260975.1_WP_112783789.1	18.667	84	81	86	75	55	3	4	75	2	73	1.30e-09	54.9
sp|P0AFW8|ROF_ECOLI	GCF_011398355.1_WP_173270199.1	25.758	84	66	79	66	46	1	7	72	2	64	1.97e-09	54.4
sp|P0AFW8|ROF_ECOLI	GCF_009931655.1_WP_161888514.1	20.000	84	89	85	75	53	2	1	71	1	72	3.11e-09	54.1
sp|P0AFW8|ROF_ECOLI	GCF_003967275.1_WP_197721837.1	31.081	84	78	83	74	47	3	1	70	1	74	3.20e-09	54.1
sp|P0AFW8|ROF_ECOLI	GCF_011398155.1_WP_173291533.1	21.429	84	71	82	70	51	2	8	76	3	69	3.92e-09	53.5
sp|P0AFW8|ROF_ECOLI	GCF_014075995.1_WP_182414414.1	15.294	84	91	96	85	64	3	2	82	5	85	1.33e-08	52.7
sp|P0AFW8|ROF_ECOLI	GCF_002116735.1_WP_041332374.1	17.949	84	86	88	78	57	2	2	75	7	81	1.43e-08	52.4
sp|P0AFW8|ROF_ECOLI	GCF_019931735.1_WP_223417223.1	17.500	84	87	89	80	61	3	8	82	4	83	2.86e-08	51.8
sp|P0AFW8|ROF_ECOLI	GCF_000242635.2_WP_014682426.1	19.118	84	83	76	68	48	2	12	75	11	75	4.15e-08	51.3
sp|P0AFW8|ROF_ECOLI	GCF_000484535.1_WP_023173213.1	29.412	84	91	80	68	47	1	10	76	24	91	8.90e-08	50.4
sp|P0AFW8|ROF_ECOLI	GCF_021018745.1_WP_230843504.1	29.851	84	92	79	67	46	1	10	75	24	90	2.47e-07	49.3
sp|P0AFW8|ROF_ECOLI	GCF_000325705.1_WP_015264554.1	19.718	84	77	81	71	51	3	6	73	4	71	3.21e-07	48.8
sp|P0AFW8|ROF_ECOLI	GCF_000011385.1_WP_011141833.1	29.851	84	92	79	67	46	1	10	75	24	90	7.26e-07	48.2
sp|P0AFW8|ROF_ECOLI	GCF_011764585.1_WP_188200227.1	26.786	84	63	61	56	36	2	21	71	2	57	1.38e-06	47.1
sp|P0AFW8|ROF_ECOLI	GCF_001027285.1_WP_047859305.1	26.531	84	80	58	49	36	0	10	58	12	60	2.86e-06	46.5
sp|P0AFW8|ROF_ECOLI	GCF_003143555.1_WP_109340539.1	14.667	84	84	86	75	61	2	10	81	5	79	1.43e-04	42.3
sp|P0AFW8|ROF_ECOLI	GCF_003945325.1_WP_125566010.1	28.986	84	327	74	69	41	4	22	83	165	232	5.72e-04	43.1
sp|P0AFW8|ROF_ECOLI	GCF_009937995.1_WP_162085741.1	25.974	84	82	85	77	51	2	1	71	1	77	8.90e-04	40.0
sp|P0AFW8|ROF_ECOLI	GCF_018388465.1_WP_208290210.1	26.471	84	316	77	68	47	2	14	78	139	206	0.001	42.0
sp|P0AFW8|ROF_ECOLI	GCF_010119975.1_WP_162441452.1	14.103	84	89	88	78	60	2	1	74	1	75	0.002	39.7
sp|P0AFW8|ROF_ECOLI	GCF_010119975.1_WP_162443195.1	16.456	84	91	89	79	59	2	1	75	1	76	0.002	39.2
sp|P0AFW8|ROF_ECOLI	GCF_001263175.1_WP_050726405.1	31.111	84	81	54	45	31	0	10	54	12	56	0.007	37.8
