24
48
227
546
548
549
564
565
569
571
575
577
582
587
588
614
628
631
636
638
644
645
648
650
651
654
656
666
669
672
673
676
680
703
920
2342
28108
28169
29471
29485
29486
29494
35703
38313
42906
43263
43662
44574
44577
46680
47879
47917
51288
53336
55211
55212
55213
57706
59814
61647
61648
61651
61652
65700
66269
67780
67826
67827
69221
73010
76258
77608
78398
79967
82977
82985
82989
83655
93378
95301
95641
96344
102862
104609
105559
106634
111780
126385
133448
137545
137779
138074
150120
150340
158822
158823
158836
158841
158849
161398
163359
166935
170673
170679
171438
171865
176102
180957
182262
183417
187272
190895
194701
196024
198214
198628
198832
204039
207949
208223
208962
208964
211586
212663
212667
225848
228410
230089
243265
247523
251221
251229
255519
260364
262324
265668
265883
290110
291112
296199
299767
314281
318161
318167
319939
320778
320787
323261
323850
326297
329726
332186
333962
335283
339617
342950
343509
347534
349967
351671
351679
355243
373891
381666
391774
393765
396588
400092
401471
408139
409026
411966
437900
452627
453783
458817
465817
470932
470933
470934
472693
472759
485918
497725
497967
511145
529507
546367
550540
551989
552386
553981
554344
561229
563040
568768
572480
579405
587753
590409
621376
626774
630626
634500
637390
648794
658445
663364
663365
664643
665029
665914
667120
682798
693153
693973
696485
702114
713585
748197
760154
760192
768492
857087
873191
874454
875932
880070
880071
881260
882626
885040
913109
926556
929556
929813
946333
948519
1005665
1032238
1035377
1051646
1054033
1054034
1073999
1074000
1074311
1076588
1076626
1080223
1082704
1091494
1095774
1109412
1117313
1117319
1121120
1125630
1134687
1149133
1150621
1154756
1158459
1159491
1159613
1172565
1173586
1175631
1178482
1182590
1183438
1192854
1193502
1194427
1197719
1202962
1218085
1219067
1225174
1227739
1231049
1232575
1239307
1248727
1255043
1259973
1263550
1280002
1314869
1315211
1324864
1334193
1348114
1354304
1381081
1391653
1401087
1411621
1416627
1420917
1432792
1441930
1444684
1453495
1457365
1481914
1484116
1484693
1505757
1510570
1524258
1538553
1543721
1548547
1548548
1563222
1563703
1615494
1619313
1620215
1630141
1632866
1639133
1671868
1675686
1689834
1691904
1705399
1737446
1737490
1738770
1763536
1778540
1785145
1795355
1804624
1807691
1811807
1812935
1814290
1821621
1824638
1849015
1850093
1850254
1851514
1854492
1891207
1891675
1904463
1905730
1914471
1935446
1965282
1972068
1972431
1987584
1990687
2016068
2027290
2029983
2042057
2071710
2086471
2100116
2108399
2153354
2172099
2172103
2183582
2267253
2319843
2339259
2478464
2493633
2494373
2494702
2496028
2498113
2498451
2502781
2502979
2509341
2546350
2562282
2562449
2572923
2579935
2587529
2587862
2588449
2590020
2590884
2591634
2593655
2597702
2603215
2604832
2608981
2615203
2653194
2674997
2675053
2675054
2675298
2694929
2703787
2703885
2704465
2715131
2715678
2722756
2725477
2731681
2735321
2738883
2739063
2741499
2745197
2777577
2778476
2781736
2791037
2795387
2814292
2814293
2815358
2819978
2871826
2872648
2878098
2879119
2890317
2891570
2895352
2906062
2935863
2963939
2994495
